718
903
800
416
805
435
863
697
887
117
976
252
811
168
330
286
998
352
730
651
598
377
233
355
359
968
371
764
339
820
999
223
140
115
530
724
84
99
920
84
310
194
253
140
531
906
821
41
97
618
59
113
903
94
272
485
924
518
637
310
948
246
215
432
443
266
797
21
200
979
931
959
761
5
815
306
805
826
270
684
706
720
681
283
254
905
448
421
109
637
533
843
465
702
450
747
450
382
291
608
783
661
64
49
98
309
755
964
811
430
553
497
496
778
850
111
913
306
974
782
172
510
130
163
694
869
148
574
168
309
551
544
114
36
808
340
169
998
629
209
225
407
641
304
503
243
427
536
583
868
729
561
635
815
582
342
802
530
573
80
153
814
532
492
88
985
490
57
961
665
721
977
896
33
997
26
293
700
280
258
129
222
49
197
209
774
751
341
921
300
99
56
737
77
746
412
517
463
343
244
823
715
990
66
431
19
411
226
274
485
677
150
588
565
174
18
327
110
427
848
643
388
647
634
94
769
607
859
101
887
374
822
685
777
869
160
140
767
335
195
589
444
44
237
303
751
851
287
280
735
672
570
738
225
967
841
34
22
297
402
318
555
362
623
801
799
604
902
386
510
269
342
995
989
450
620
728
256
333
979
616
191
865
275
975
811
988
122
652
81
832
933
600
545
24
303
332
920
976
819
670
197
171
440
173
79
66
166
813
202
813
329
521
609
488
502
631
794
67
293
535
200
513
850
332
790
731
560
754
630
987
450
797
621
552
522
983
565
197
886
98
970
930
220
896
188
967
110
808
180
768
834
901
455
255
806
220
794
861
323
861
798
590
826
967
276
978
520
740
9
314
627
725
901
264
822
410
122
441
241
439
77
699
764
903
254
807
682
360
911
596
73
765
529
412
278
371
543
818
874
301
818
869
970
845
501
565
667
505
435
226
929
712
985
645
721
782
265
594
938
72
798
473
791
213
108
792
454
968
284
462
288
796
702
262
422
178
157
757
636
154
819
324
520
374
677
519
585
731
868
362
724
224
512
834
743
836
347
166
158
951
659
268
169
290
618
947
283
802
385
869
386
422
52
483
56
34
617
579
397
199
385
54
639
759
393
154
338
28
55
322
234
450
483
211
27
133
186
305
806
809
794
689
186
764
518
781
552
900
213
851
77
688
26
272
381
871
824
85
729
620
509
227
212
172
288
145
358
280
619
823
542
316
791
5
170
722
55
938
542
673
52
920
399
141
548
824
324
997
199
487
469
211
396
486
314
238
29
717
792
758
972
771
353
37
776
788
380
873
52
687
121
784
123
922
272
844
695
339
146
141
611
416
561
483
571
466
262
288
195
272
359
56
976
197
962
754
554
314
701
550
469
263
181
859
574
385
627
419
131
738
720
822
347
493
855
968
378
85
38
22
897
677
262
951
296
661
56
704
649
747
656
334
682
633
829
313
280
297
829
586
915
48
593
281
975
61
860
476
392
1000
29
698
879
643
184
287
933
477
903
883
548
261
897
583
851
983
230
762
327
353
927
803
469
556
344
767
7
436
400
971
904
79
620
564
655
263
611
983
469
394
111
113
962
461
797
914
859
313
152
445
237
443
19
565
162
570
912
183
923
176
636
492
919
431
577
542
538
670
189
98
912
485
339
953
322
236
343
441
35
239
116
995
525
503
531
910
124
818
901
107
809
244
715
496
564
515
793
344
639
38
601
834
395
625
373
765
991
348
87
285
700
49
995
207
491
389
588
260
617
561
717
587
832
883
10
587
807
578
400
866
723
203
736
823
721
163
596
589
933
990
946
81
372
80
873
551
338
200
379
25
380
724
153
380
664
688
85
300
360
489
14
416
350
922
458
521
106
970
949
915
123
929
445
924
908
885
234
931
939
251
657
594
675
842
643
751
80
188
856
168
411
21
724
837
565
421
536
50
601
787
882
917
96
572
975
377
272
404
524
706
472
292
224
454
275
994
540
421
189
967
159
976
175
643
101
264
238
936
84
478
472
240
984
412
235
945
23
882
12
569
469
394
262
689
106
896
359
584
437
841
603
654
371
801
561
705
981
330
748
760
699
745
949
223
128
916
8
855
468
119
161
510
53
147
720
99
369
44
527
886
259
528
531
367
97
507
290
776
972
954
627
109
737
356
355
688
733
4
713
470
706
763
833
392
180
160
399
922
366
253
270
642
112
4
291
250
952
820
653
876
692
81
237
491
369
462
271
44
226
794
447
589
26
459
360
597
833
395
511
567
449
429
298
692
583
316
717
954
759
