757
396
183
901
979
528
312
409
819
470
669
954
579
973
534
70
492
93
596
745
60
916
473
404
560
649
361
316
945
3
31
737
766
71
457
979
967
790
411
856
240
328
643
530
574
510
364
248
292
74
291
925
403
292
861
678
924
198
269
893
496
596
288
685
946
342
156
869
230
414
794
840
880
311
685
174
770
100
376
962
695
388
90
540
402
384
110
213
707
453
371
581
670
230
94
559
213
110
99
849
18
577
153
286
686
451
406
813
384
911
953
91
491
279
515
442
472
316
823
887
192
804
524
418
334
177
523
413
907
287
730
447
449
649
27
270
700
347
318
919
425
683
47
631
611
779
778
706
394
626
943
327
87
975
46
605
229
53
800
79
481
379
893
494
581
608
492
393
736
349
6
197
990
636
714
208
774
142
781
748
618
684
331
628
464
337
192
481
106
801
475
315
261
460
111
980
33
223
559
173
983
148
311
754
960
577
605
37
779
175
928
557
331
894
748
81
447
450
774
268
463
638
250
307
323
433
100
254
771
381
660
317
80
901
211
759
263
738
103
180
650
247
424
565
322
788
592
684
364
206
80
951
123
826
700
167
253
331
475
978
36
990
987
37
13
642
151
421
55
499
669
649
538
482
673
968
656
745
501
121
340
911
383
977
809
468
901
55
464
378
589
535
153
407
843
852
507
52
596
44
753
316
824
647
434
830
882
749
172
440
384
11
797
193
448
616
856
220
660
614
500
41
198
143
601
304
202
961
174
178
753
471
568
916
369
687
84
809
175
544
725
94
662
876
926
392
239
355
431
258
777
407
257
433
844
110
119
71
493
968
623
919
747
135
482
250
112
617
314
143
973
609
528
853
248
434
774
724
568
171
926
875
31
376
746
91
526
892
542
499
261
735
710
199
364
162
452
1
434
1
907
270
219
498
98
805
997
842
493
957
504
456
601
66
69
838
763
828
833
131
908
955
812
127
886
630
563
895
352
732
778
114
760
775
464
947
647
641
417
438
938
953
925
878
698
679
11
232
1000
690
751
179
785
23
317
891
726
710
752
150
577
598
66
761
538
328
882
831
943
384
604
251
59
629
920
887
818
221
864
550
920
885
604
371
139
989
947
797
245
787
593
996
220
962
449
37
908
902
610
171
98
602
49
217
826
276
879
575
885
629
957
468
468
893
904
568
549
174
514
179
642
519
843
324
623
52
638
976
388
514
839
122
969
406
846
21
827
618
803
710
968
848
333
438
879
800
962
479
391
803
379
537
251
83
874
919
178
407
517
948
604
538
194
712
443
318
835
181
960
348
704
641
994
835
873
571
778
185
635
37
66
426
106
93
501
366
739
849
749
803
813
529
972
69
228
333
236
479
786
323
816
675
339
515
289
199
236
267
344
7
739
408
616
25
576
76
127
550
895
34
509
164
394
473
456
126
6
24
178
583
70
270
489
858
163
809
139
139
546
17
287
104
358
876
679
455
896
147
44
479
530
451
978
97
713
679
680
656
682
748
182
984
558
739
780
668
274
400
683
195
795
757
816
974
852
468
394
604
379
945
333
753
155
24
754
263
249
380
989
678
384
998
239
72
113
627
448
460
434
16
276
848
139
17
133
808
665
213
386
930
285
268
346
229
126
614
242
836
224
280
595
747
683
114
227
475
64
678
747
945
588
117
531
397
727
906
259
330
526
940
835
141
571
553
201
351
105
623
702
932
147
607
449
876
977
527
338
591
602
706
439
502
173
415
411
647
96
15
133
762
251
258
125
350
516
651
222
152
535
792
151
455
173
702
429
251
917
380
189
737
336
132
535
488
298
911
897
947
442
888
725
399
632
58
210
999
81
510
459
352
743
428
768
687
238
596
148
187
780
732
253
83
866
797
706
415
184
766
766
731
583
523
749
27
567
37
272
251
96
354
286
696
478
966
347
235
337
88
591
371
548
407
327
95
788
232
40
42
300
785
199
907
36
388
907
23
429
440
678
983
494
563
862
757
707
928
141
824
751
927
29
134
291
450
788
421
668
298
843
698
892
61
497
953
711
944
363
779
54
904
981
22
112
881
179
351
725
205
563
787
513
613
11
995
20
977
84
713
784
446
740
563
891
32
395
618
503
903
658
31
927
886
996
971
702
77
22
134
48
765
2
972
662
539
735
69
737
102
651
610
252
766
621
696
224
993
978
257
442
771
193
134
408
836
273
677
188
736
118
615
606
891
527
591
165
352
24
587
671
138
360
472
874
268
104
921
421
166
641
424
236
951
892
134
59
779
174
93
763
78
585
909
883
311
880
48
275
453
913
436
517
999
182
379
386
941
409
448
5
133
648
101
549
954
730
914
502
371
722
620
768
586
627
575
93
734
818
289
514
615
637
336
144
652
543
30
225
212
669
796
453
302
647
313
903
589
171
908
482
817
795
715
161
699
548
429
182
472
172
454
323
193
992
752
662
13
897
417
75
508
360
857
889
645
688
38
145
185
819
381
18
928
267
739
243
928
868
486
280
832
705
406
642
546
439
184
606
773
343
42
607
582
367
597
625
266
90
458
701
746
657
27
454
16
742
200
28
987
53
608
316
782
698
784
107
465
708
669
575
640
786
998
613
687
124
934
863
617
308
644
32
529
29
247
457
125
442
117
87
221
172
949
472
604
479
982
5
679
11
513
322
342
317
113
7
575
41
552
830
295
500
593
602
599
76
729
485
856
72
124
238
853
484
845
901
358
105
914
478
562
769
3
505
539
74
10
675
545
692
164
355
251
553
880
892
599
964
333
309
379
814
95
448
69
756
500
753
479
621
829
72
581
316
329
432
312
678
847
9
870
568
964
594
295
0
205
357
278
410
575
539
224
666
342
313
563
719
387
239
569
8
891
584
983
820
919
813
64
414
25
320
425
683
782
205
995
246
980
789
396
372
155
147
900
458
193
327
446
936
623
554
455
520
103
199
434
531
807
248
719
677
311
573
334
272
561
525
321
624
517
112
614
27
416
265
891
519
194
322
66
435
618
479
857
759
265
437
921
292
178
501
681
681
632
619
819
313
506
476
933
788
580
971
471
995
133
19
906
625
950
986
564
613
549
962
58
581
344
805
945
202
772
33
577
903
476
8
535
598
790
331
834
545
558
528
504
305
884
350
736
90
687
361
615
300
830
978
755
642
9
221
208
117
49
944
513
54
294
461
94
202
737
681
573
789
423
415
106
579
164
68
927
959
298
184
611
572
343
402
98
164
49
259
6
760
932
208
806
89
574
327
979
400
390
412
691
827
93
630
604
570
587
75
139
251
336
257
49
322
643
279
824
994
109
379
485
209
547
680
212
165
331
617
772
898
5
587
297
801
892
855
684
676
131
962
726
110
814
498
896
406
681
671
264
876
282
638
338
711
37
491
908
255
413
145
397
554
497
126
333
927
689
769
120
370
618
25
800
381
123
561
322
57
750
638
679
714
652
305
190
700
629
509
126
888
102
309
929
735
653
200
902
153
582
67
251
585
64
194
884
325
73
454
383
400
778
120
44
306
327
794
881
930
904
421
977
802
757
707
826
449
415
819
145
438
913
56
899
850
988
11
618
616
940
71
509
998
389
817
499
217
489
471
636
41
628
510
315
840
657
355
627
892
52
592
751
580
567
791
873
835
126
202
882
748
152
364
668
997
174
831
900
453
550
191
536
862
232
996
152
628
475
411
564
464
256
966
612
818
637
17
89
304
790
477
174
63
642
684
874
661
789
773
903
680
903
309
851
55
748
383
498
654
499
31
385
386
586
248
820
412
748
670
367
716
462
723
426
107
31
838
687
677
276
708
19
972
701
15
149
697
299
496
391
730
522
885
750
196
551
897
173
368
492
254
848
864
711
505
378
478
25
138
526
944
695
131
768
246
567
203
477
65
507
123
274
199
474
681
240
738
332
113
249
777
914
287
618
369
159
212
306
949
446
686
936
568
977
511
855
735
603
357
134
114
805
586
50
210
880
860
247
13
73
137
39
359
876
71
99
643
662
219
898
883
739
946
791
192
502
492
151
676
698
480
398
645
310
430
132
10
588
867
848
712
889
667
344
260
767
508
523
173
413
737
131
958
402
652
250
951
589
295
742
189
596
403
273
18
422
361
363
663
539
860
891
208
894
851
929
587
69
748
96
835
417
609
540
845
136
689
248
838
165
409
279
66
368
319
322
364
636
766
597
599
403
903
490
605
224
922
185
531
401
669
588
704
77
268
173
55
176
883
533
945
295
579
906
106
330
616
926
221
111
795
780
452
883
175
386
922
444
294
598
527
380
254
591
825
51
306
489
863
272
767
296
778
931
496
638
541
239
85
509
664
258
846
42
412
746
56
263
422
644
897
779
689
920
611
366
298
54
699
529
933
66
208
429
182
291
993
718
933
710
541
264
551
577
708
468
880
236
825
8
57
518
435
944
121
472
439
372
221
988
341
164
763
955
967
744
198
490
585
242
741
544
363
872
615
508
575
387
403
421
752
780
738
48
365
954
88
341
411
291
488
329
486
775
198
854
417
840
491
720
172
130
915
318
964
657
162
619
346
331
503
537
465
657
866
40
914
724
662
747
630
842
818
758
335
546
853
905
462
505
252
25
314
647
780
126
167
606
81
261
381
995
814
65
441
697
108
376
455
694
390
824
483
179
937
744
38
407
285
599
295
143
412
479
249
781
434
360
354
751
61
805
314
982
15
717
532
168
125
516
471
491
16
454
293
857
717
735
636
356
871
514
134
753
294
508
600
779
511
588
355
228
232
366
452
632
674
734
122
69
142
556
656
202
687
601
784
992
895
537
628
292
906
83
387
689
660
363
722
467
295
41
691
727
659
967
525
285
872
772
596
100
655
275
103
660
843
275
592
108
456
139
490
317
138
268
696
491
826
41
128
134
784
896
550
455
309
317
66
916
739
749
121
805
692
164
100
449
967
351
199
209
643
946
299
988
198
689
573
780
629
235
503
245
781
995
546
731
47
694
84
666
857
349
459
929
307
867
21
656
777
506
110
123
425
397
499
717
132
498
889
87
717
279
598
770
954
22
33
743
952
749
9
155
314
642
338
629
566
672
255
533
67
854
991
602
274
2
807
752
688
739
47
124
426
194
471
535
453
927
544
466
459
498
956
222
171
229
958
248
440
943
787
772
337
724
854
991
473
184
232
628
347
293
710
144
469
607
873
526
491
784
284
500
999
142
143
942
702
1000
809
925
575
603
176
291
777
634
269
311
304
615
455
825
378
375
618
91
397
291
396
338
850
871
989
890
832
56
607
714
798
136
768
401
194
131
338
372
139
675
516
202
649
467
0
54
554
502
763
12
990
481
352
87
472
516
81
557
342
715
157
192
963
417
596
39
10
309
59
409
110
16
447
462
654
863
651
686
812
735
255
490
384
221
703
581
64
424
238
611
370
589
579
465
411
663
984
905
631
176
52
326
618
967
469
869
706
191
326
221
294
937
671
37
756
189
415
117
748
398
67
713
923
194
188
708
527
106
646
30
669
631
15
774
389
711
425
809
918
44
573
200
894
278
847
971
194
757
455
889
686
325
656
890
556
399
426
231
913
3
594
973
596
553
215
494
71
911
446
545
312
791
445
403
67
891
968
464
423
646
593
1000
157
669
283
794
565
633
370
751
792
615
934
13
966
955
98
495
422
665
418
235
317
914
61
354
415
647
966
29
139
122
279
738
678
702
971
987
341
934
24
786
161
604
229
140
711
389
220
224
269
703
318
664
171
616
829
45
388
680
183
305
109
636
896
823
717
70
565
269
952
15
839
894
699
794
119
551
329
786
286
855
887
259
477
124
441
574
118
633
219
864
724
345
316
288
35
170
958
778
881
962
854
138
398
650
544
389
494
952
469
401
485
648
55
735
359
343
519
57
969
783
880
737
900
968
498
476
128
244
455
659
264
159
143
286
177
84
302
355
993
657
325
244
717
386
764
114
140
411
864
509
163
614
624
818
368
724
31
109
972
525
863
354
304
805
951
824
400
631
951
294
464
447
462
791
71
34
44
729
962
282
599
222
168
361
237
382
933
436
628
798
61
282
758
343
565
521
367
150
725
542
190
335
630
182
29
586
722
676
363
344
561
502
573
127
790
349
489
386
867
785
526
382
305
304
253
543
483
13
859
932
954
542
749
481
980
344
469
17
229
96
68
187
378
7
1
464
337
37
337
887
861
594
924
436
678
887
401
980
248
264
717
326
468
757
305
864
793
102
101
294
117
932
883
277
671
266
982
764
171
827
83
780
95
408
69
609
304
109
562
464
347
212
175
3
693
702
778
765
624
584
825
220
726
408
448
528
557
344
845
350
642
723
437
133
343
316
614
912
66
33
742
280
417
931
380
975
445
390
543
94
492
953
649
32
523
436
996
288
601
497
766
138
766
899
12
694
150
489
622
132
140
996
562
303
210
326
704
631
96
690
562
622
386
558
113
631
608
723
61
142
349
779
690
69
552
751
634
532
297
940
891
619
963
635
244
388
131
568
901
4
469
239
164
820
758
168
552
228
331
878
889
135
245
988
938
499
250
219
544
976
787
210
47
132
208
174
875
852
928
492
972
869
671
308
656
358
846
672
124
115
466
5
842
637
758
701
534
104
967
556
543
289
866
391
964
705
82
811
814
949
372
164
323
855
661
537
149
342
172
866
984
177
660
583
575
297
276
51
776
46
262
976
475
326
844
715
134
445
324
158
522
2
466
640
648
511
597
858
928
738
85
352
842
554
810
737
219
658
714
157
111
656
950
480
56
830
472
450
55
720
115
996
657
41
299
127
332
365
685
57
516
611
803
180
738
219
242
361
639
190
638
80
879
22
909
413
893
426
634
390
657
47
791
318
588
898
613
625
671
943
75
507
362
523
547
973
799
224
408
323
628
969
193
86
324
503
228
849
855
735
408
720
111
95
214
189
403
771
156
269
468
214
545
885
378
429
397
598
671
368
788
240
492
343
574
22
482
922
462
441
163
768
658
895
624
317
600
546
373
589
328
854
932
107
770
869
969
379
80
380
808
824
234
628
204
276
777
660
268
448
402
686
794
488
872
38
275
332
413
890
777
473
747
421
333
273
844
693
213
198
331
699
4
416
749
772
874
888
962
659
53
369
453
784
628
555
466
929
924
943
205
719
514
252
693
531
712
309
553
803
976
866
589
195
599
974
110
530
730
701
588
59
561
219
367
829
931
424
645
418
400
430
426
70
421
191
377
223
917
303
835
898
271
412
794
62
164
33
686
521
863
869
842
762
562
201
847
931
708
46
469
441
798
46
372
589
593
616
947
329
195
316
796
323
701
209
619
115
297
378
958
567
218
101
846
804
394
706
235
621
639
727
736
494
789
249
581
879
312
164
43
760
71
349
471
191
669
426
761
307
855
15
837
157
208
650
578
264
486
385
405
108
765
307
633
236
227
311
584
483
311
545
853
552
42
525
444
826
143
532
305
383
106
929
962
297
306
442
420
340
891
368
565
307
370
836
6
376
450
239
758
673
708
313
712
924
875
439
953
593
672
45
729
469
103
483
197
156
121
306
351
273
890
518
774
171
824
13
700
38
784
302
493
555
675
857
237
128
258
82
454
517
449
2
633
203
705
54
990
547
44
942
755
703
77
535
131
601
540
655
25
336
111
103
276
13
228
91
281
500
576
605
260
153
582
86
316
285
584
265
671
682
853
471
460
370
843
889
37
313
608
637
771
924
941
224
387
66
442
926
379
791
127
87
369
474
559
32
602
378
596
469
641
222
620
560
86
456
774
859
143
881
341
823
869
293
936
460
311
608
260
1000
597
973
517
493
498
66
563
9
711
860
204
977
907
929
730
92
489
983
691
575
25
699
629
682
489
811
354
256
283
314
420
702
991
509
328
308
794
866
235
891
512
820
951
956
204
221
368
21
96
736
213
931
30
442
6
314
141
580
629
960
427
95
457
468
453
523
315
842
836
43
779
253
149
920
508
911
232
682
108
58
81
879
107
256
420
736
887
653
497
28
396
392
105
217
110
455
487
382
286
993
887
49
341
391
561
404
113
602
378
369
331
566
47
474
818
818
276
607
968
702
517
522
677
590
472
273
384
200
626
169
605
372
632
22
63
153
887
486
892
530
362
525
530
633
312
692
758
317
619
456
665
441
201
776
951
207
429
336
207
405
440
483
157
286
112
314
26
794
751
435
461
286
329
547
769
895
396
961
227
282
800
695
550
373
490
772
99
765
542
432
434
323
294
413
844
175
662
683
765
739
139
450
231
507
255
269
64
263
893
544
425
331
895
257
743
175
204
685
301
943
245
966
295
941
783
91
710
409
504
816
725
447
237
854
783
216
452
806
41
389
375
588
790
182
836
494
110
440
974
396
930
337
788
983
471
823
524
527
766
137
727
686
443
405
611
951
85
916
494
737
633
421
502
232
186
59
912
716
729
118
458
628
716
320
468
469
403
829
395
859
126
746
101
253
60
613
849
991
324
171
544
800
60
110
97
819
63
939
168
446
388
180
56
935
999
286
572
89
915
56
882
81
306
931
744
679
842
286
514
42
845
67
777
754
734
545
254
421
40
10
587
211
539
17
41
395
613
691
541
175
449
263
82
289
467
295
336
378
412
86
270
785
749
796
322
95
55
248
961
406
105
930
134
923
918
147
505
64
848
641
650
950
410
535
789
959
494
382
302
19
500
13
126
98
976
392
412
302
864
924
83
511
265
421
364
608
24
5
344
895
196
564
710
317
808
221
166
188
130
636
777
50
796
887
601
800
500
25
761
27
949
701
499
348
169
32
823
514
138
353
758
919
61
391
325
369
38
428
963
982
102
480
618
885
985
984
234
260
20
411
570
603
953
653
166
326
591
58
136
151
493
6
680
247
828
805
396
374
19
840
402
297
339
298
915
418
132
42
16
5
128
347
926
985
161
111
58
109
416
214
672
621
788
363
33
861
207
546
733
874
361
272
593
614
260
999
660
546
111
591
492
588
363
38
90
635
458
739
242
122
243
506
512
131
549
693
722
936
386
643
507
208
166
534
786
531
9
189
680
127
216
748
293
521
19
403
173
835
587
470
962
612
587
403
135
414
285
994
424
926
536
365
975
560
326
77
390
504
561
254
578
306
659
587
89
751
510
202
803
956
875
897
13
121
230
168
785
781
0
620
592
163
455
929
48
37
734
544
424
139
556
986
512
423
530
576
452
613
828
738
338
270
652
878
573
394
892
277
643
137
39
584
456
880
887
862
557
488
844
953
515
967
980
96
397
488
543
639
225
37
782
427
501
208
309
861
663
103
350
105
407
79
663
725
91
58
98
606
670
586
14
430
565
453
108
557
493
986
79
527
935
60
917
308
296
268
618
401
949
208
470
839
921
67
114
557
28
562
726
366
335
723
831
512
812
81
679
498
300
875
989
713
969
49
56
495
130
669
126
159
6
149
507
193
962
686
273
978
86
946
311
572
186
52
320
77
358
60
177
415
481
716
437
323
829
523
942
432
379
702
511
402
123
616
345
954
29
186
777
995
763
56
250
881
271
324
713
327
725
520
392
279
811
47
510
289
670
437
148
43
292
933
552
69
405
665
908
748
27
391
97
169
106
276
654
582
763
243
660
292
715
599
225
607
385
649
371
522
326
743
213
388
729
118
73
415
298
444
383
749
550
989
46
553
521
559
534
728
347
244
48
982
218
547
25
861
126
648
881
871
939
25
570
333
26
493
72
878
713
463
401
191
477
962
39
328
155
528
206
452
768
10
786
572
38
710
432
668
479
859
876
327
452
185
287
709
983
801
104
393
149
878
899
288
113
996
299
267
900
159
297
422
145
719
622
639
43
72
639
419
524
222
171
621
523
180
953
111
669
504
800
900
47
240
469
7
281
999
903
846
484
931
761
305
798
829
153
644
186
82
958
955
970
175
794
71
15
602
275
176
982
229
904
24
468
167
587
589
839
95
371
418
830
913
647
344
22
798
416
456
449
409
792
209
131
896
927
373
322
367
728
538
796
623
572
305
355
331
47
887
615
515
519
906
236
395
288
776
428
91
843
231
515
679
871
867
987
911
585
839
644
52
491
266
814
84
872
798
88
784
244
379
823
473
543
943
404
8
606
876
70
55
305
421
238
207
140
342
451
881
380
859
164
648
774
888
525
697
878
934
261
573
160
399
709
8
714
677
259
24
406
31
160
756
57
824
90
475
915
414
718
418
568
686
664
343
402
504
29
981
306
276
147
260
546
870
331
121
633
921
111
829
145
315
845
887
608
290
919
437
31
150
962
493
281
728
588
997
586
573
592
223
987
191
457
789
136
582
15
849
147
635
949
158
121
862
32
802
819
924
39
584
971
583
103
732
633
34
321
568
623
8
312
777
443
803
37
704
858
10
627
990
539
318
513
845
34
654
179
919
294
216
830
161
798
671
247
274
779
923
274
446
715
480
905
251
418
17
327
237
426
470
295
691
257
565
616
953
358
555
908
302
990
639
27
650
916
566
840
94
293
930
24
513
667
430
376
737
285
794
590
206
763
250
930
609
39
241
842
22
989
898
156
15
315
606
879
557
864
61
285
979
947
63
602
745
837
596
223
33
317
880
259
982
512
199
805
733
122
318
531
263
689
884
502
502
347
455
982
83
662
157
765
618
468
463
540
193
148
704
225
299
887
360
503
795
611
837
514
240
278
218
536
521
654
372
818
213
298
899
321
908
692
5
532
701
513
972
998
710
24
412
38
750
407
279
164
542
232
791
364
747
266
225
730
553
595
687
655
653
401
405
331
736
513
912
998
436
27
26
57
401
755
134
124
213
816
152
46
951
901
634
257
564
427
965
649
975
825
568
231
444
450
202
478
599
252
81
606
307
457
330
290
107
625
109
996
238
285
503
536
33
449
55
250
487
370
754
490
976
29
254
503
403
75
61
78
606
108
588
232
967
583
794
846
898
99
941
126
317
424
216
281
994
35
988
139
90
191
161
434
331
702
532
580
288
414
292
810
604
877
867
317
191
97
162
399
717
17
638
322
437
175
152
514
192
48
708
174
670
123
732
612
216
447
426
517
34
535
363
608
457
240
9
112
984
684
889
192
539
399
486
384
988
770
952
346
517
214
130
934
601
97
119
61
530
259
661
208
723
253
455
89
843
951
120
372
120
529
437
16
127
373
79
551
730
158
529
150
480
795
924
291
859
305
650
756
6
109
897
566
693
185
8
733
504
292
470
200
948
287
349
363
560
339
495
528
965
279
920
995
638
968
728
534
104
609
628
21
511
323
136
602
37
138
639
519
393
238
263
575
621
733
495
796
282
447
542
365
979
858
613
984
991
878
274
72
747
219
43
784
618
371
75
59
192
40
141
523
324
826
278
333
609
507
409
657
189
953
631
938
819
592
489
754
635
199
523
599
400
794
218
396
843
873
823
673
100
463
344
524
900
706
416
314
818
385
922
662
466
714
72
357
539
608
159
529
605
152
506
41
880
742
604
825
284
982
750
630
604
427
4
195
997
197
790
670
879
342
289
959
639
56
222
897
948
416
672
208
607
49
158
273
134
447
140
594
444
941
884
320
235
96
288
95
565
576
99
943
168
490
405
502
471
330
45
935
399
155
260
524
373
265
973
454
262
336
776
459
601
189
706
87
967
336
739
954
37
884
248
192
380
629
595
867
282
312
62
455
965
230
87
161
121
590
945
782
695
782
98
529
240
870
937
556
534
132
756
404
387
36
297
751
629
552
309
937
290
656
508
479
398
585
688
914
109
378
922
39
867
718
108
239
871
517
20
777
579
634
614
305
479
806
182
825
522
223
356
521
458
881
607
89
474
532
921
854
450
167
267
314
788
93
483
850
656
627
667
881
239
816
326
318
456
135
98
116
898
665
578
610
325
566
508
94
576
415
336
709
950
42
339
615
269
490
454
621
746
978
590
477
430
457
652
373
630
947
815
919
69
251
479
706
865
337
732
345
883
648
613
589
404
938
142
221
974
172
652
291
70
12
380
136
48
529
284
544
715
203
610
41
437
457
188
14
706
291
421
296
809
924
607
229
123
278
583
36
287
26
935
43
603
388
587
338
322
208
855
169
573
348
927
645
351
560
431
937
664
926
110
706
326
358
268
593
90
778
611
446
315
255
836
350
333
711
730
252
542
873
572
200
142
867
373
333
362
797
644
336
622
506
166
229
642
64
576
118
195
373
421
143
663
936
48
648
537
616
153
985
697
582
737
108
375
249
989
373
546
266
329
794
312
923
455
742
610
992
419
892
35
829
262
197
598
336
511
693
213
364
951
470
357
472
685
673
712
25
251
760
990
516
67
638
844
204
871
7
252
659
811
336
38
824
273
428
834
913
763
435
345
113
332
744
694
40
248
31
787
905
324
617
292
205
232
177
743
154
262
212
634
641
322
359
756
386
228
848
846
531
74
181
281
482
78
583
862
670
502
447
461
515
995
261
6
943
731
886
731
986
235
604
105
202
49
732
576
282
317
997
358
94
700
959
669
332
116
853
307
139
183
372
996
227
900
963
783
876
109
312
641
362
620
797
522
616
265
424
470
476
553
566
531
299
256
257
929
214
10
870
244
675
866
854
810
412
617
631
21
832
488
148
986
655
62
804
113
779
160
830
667
727
410
195
900
357
451
547
179
172
573
167
270
484
534
738
742
598
579
44
677
255
612
224
619
567
367
944
265
797
341
132
872
428
70
993
423
347
992
711
439
984
956
978
573
50
876
900
368
59
277
730
762
906
260
314
428
995
603
830
658
304
89
595
495
216
232
681
735
792
323
971
637
278
562
798
458
746
922
680
780
518
644
461
603
430
637
258
583
452
340
478
760
363
535
270
508
650
949
17
411
97
144
907
634
755
35
659
563
607
210
818
184
219
826
797
859
606
656
731
631
40
412
327
344
654
253
612
831
466
689
449
795
481
864
384
991
769
775
76
670
782
317
289
933
238
754
790
370
792
309
226
284
585
824
65
442
928
338
959
633
962
122
28
46
443
730
242
709
706
977
942
367
242
483
784
534
783
779
774
857
940
27
48
637
725
621
942
816
386
889
680
247
666
122
841
783
68
455
57
419
726
713
299
363
721
158
667
812
727
933
138
446
751
339
590
651
334
865
252
920
632
384
994
968
187
253
750
734
231
676
250
245
970
593
944
809
517
720
14
893
494
266
493
838
543
912
993
791
248
480
335
381
190
865
279
888
376
994
649
990
123
859
719
757
125
916
881
617
499
360
433
177
785
967
35
550
264
667
150
371
784
954
592
10
380
500
869
654
689
468
795
722
52
714
842
706
612
183
719
55
486
645
157
317
652
758
348
457
309
758
64
736
501
332
53
298
405
420
596
401
799
970
145
2
897
317
897
780
517
445
343
94
826
641
78
647
549
512
165
263
735
900
426
270
48
290
546
407
723
831
23
900
275
349
200
918
152
918
614
15
753
806
786
365
875
342
863
822
664
735
398
677
435
416
33
711
287
265
157
614
929
614
640
687
148
958
841
246
744
921
643
448
52
289
627
658
121
22
918
867
640
822
277
599
831
437
515
685
218
252
104
106
785
478
91
90
149
280
307
753
984
634
983
108
696
954
165
324
633
703
459
953
840
199
572
796
701
263
159
225
109
789
249
808
841
506
558
758
693
362
392
452
938
139
44
925
523
587
793
481
935
159
995
572
446
714
852
509
895
645
643
627
528
46
629
776
914
170
2
559
124
978
484
19
373
23
577
145
852
133
690
908
137
671
848
278
291
687
506
37
401
573
987
347
852
585
546
565
654
688
909
197
406
984
30
440
799
685
901
782
610
661
310
19
662
14
493
417
828
498
214
613
473
713
901
701
125
121
322
276
159
441
115
390
455
919
831
61
663
69
553
979
892
852
90
349
458
703
675
878
386
148
529
453
747
904
331
165
104
833
637
948
520
218
146
348
435
118
86
617
452
700
445
815
91
948
334
275
407
969
311
409
80
89
820
912
766
584
170
472
473
549
28
880
19
144
633
468
679
664
951
448
335
483
696
856
912
378
645
671
234
642
322
36
957
642
438
824
150
296
771
647
32
345
177
149
700
852
968
332
178
684
810
460
695
45
550
410
993
215
729
944
214
742
12
212
967
825
541
649
851
272
679
399
837
646
386
261
281
464
826
401
364
843
77
569
321
261
354
538
202
47
957
234
548
188
199
818
133
449
426
951
593
312
721
754
162
553
284
492
517
761
133
443
514
228
461
71
664
398
285
733
606
310
174
835
797
647
145
750
664
398
577
853
333
205
578
818
510
983
350
556
28
278
2
455
727
600
565
892
945
980
179
372
349
671
78
676
393
519
763
202
358
102
383
984
692
547
447
521
133
745
170
638
313
126
506
927
902
529
970
256
536
520
940
260
987
360
479
959
702
159
697
859
546
676
795
980
240
893
747
630
403
6
429
842
341
516
72
251
975
245
132
328
340
950
726
794
494
159
231
907
292
728
428
537
372
464
80
950
66
126
893
872
452
911
246
665
960
805
289
688
329
434
653
341
121
479
337
957
276
801
94
698
221
632
738
713
422
363
862
656
664
179
579
298
166
768
817
413
430
88
863
845
756
211
610
596
452
989
651
335
653
843
567
517
973
390
163
726
611
386
578
862
406
376
443
33
856
811
249
97
811
484
303
154
932
845
900
430
756
321
761
277
78
404
846
347
588
385
348
348
995
298
996
281
546
442
612
793
397
739
950
247
469
915
709
996
851
440
802
893
810
625
572
536
693
140
591
110
952
902
556
623
84
141
671
407
713
648
521
64
574
926
753
450
915
222
791
232
382
412
600
426
210
867
221
749
456
263
103
85
385
74
443
509
121
708
196
34
854
831
198
816
458
259
523
518
943
922
378
675
353
718
792
312
991
74
259
23
816
267
343
324
631
966
569
575
384
346
550
350
195
296
170
925
107
15
33
706
975
383
194
884
236
527
956
687
60
927
439
477
174
469
483
206
340
229
766
868
228
799
399
284
167
695
841
628
771
603
896
246
433
155
738
267
131
210
91
328
22
712
506
993
989
607
512
221
710
999
600
805
361
430
224
459
388
342
18
213
470
340
950
422
726
763
687
658
544
634
409
996
850
199
940
501
280
208
462
993
86
575
944
881
499
413
89
280
577
271
560
174
291
597
846
289
735
312
434
347
245
261
80
881
839
751
569
741
563
284
451
319
850
728
336
924
581
587
927
922
684
286
871
388
997
735
200
809
755
980
812
110
932
862
834
470
900
608
948
263
19
382
907
596
167
222
753
647
183
155
830
185
969
590
221
964
333
308
252
690
650
583
651
615
774
518
403
646
65
266
177
358
755
804
417
345
256
735
409
374
363
292
177
748
372
418
755
224
596
979
670
871
258
92
632
793
604
634
235
507
625
310
35
883
655
154
904
949
159
643
568
846
565
848
530
537
822
724
23
460
2
951
523
914
638
544
590
138
10
486
689
829
538
523
998
403
211
168
901
219
728
293
564
71
555
801
409
726
583
799
828
662
625
114
604
249
913
516
286
957
784
242
814
595
323
665
765
676
142
937
585
164
302
604
137
44
257
915
599
83
95
992
868
746
645
224
550
464
565
668
561
660
547
787
572
880
190
169
813
54
476
913
809
252
445
395
406
711
294
930
158
763
147
999
91
304
934
654
620
590
272
753
698
410
274
964
848
898
686
19
326
378
462
851
65
910
919
333
839
256
816
335
950
739
304
881
677
580
454
149
777
597
120
830
268
125
382
78
886
902
408
757
706
897
900
833
118
519
944
714
181
953
370
399
579
609
363
589
746
829
418
77
215
876
464
931
598
268
747
298
124
15
258
220
546
354
170
476
994
287
418
254
112
177
894
581
30
979
729
968
198
680
203
520
653
613
706
152
433
753
898
558
412
941
361
558
722
665
384
482
74
504
571
111
459
374
548
253
99
112
916
409
226
862
375
637
989
991
976
312
885
497
298
612
368
575
195
109
850
1000
797
485
955
501
626
157
988
823
914
281
508
641
832
397
625
984
808
665
296
228
653
932
213
480
318
235
372
652
935
987
958
77
127
291
813
83
508
401
750
306
455
269
9
622
70
83
89
458
987
97
776
947
877
852
45
174
270
231
182
580
564
621
553
722
598
330
786
328
141
874
821
96
873
493
383
916
498
758
731
274
378
916
468
74
132
749
257
300
339
603
11
649
184
376
789
100
337
816
715
457
553
22
396
208
161
306
916
732
234
860
126
383
601
926
977
67
251
341
779
310
732
189
378
799
166
273
213
541
587
637
55
156
175
650
68
790
917
192
938
754
401
270
978
653
927
835
54
418
471
971
554
370
117
460
606
529
792
119
222
650
424
305
222
68
376
922
131
141
116
528
59
791
205
68
774
247
462
53
333
876
856
825
5
612
300
132
161
114
668
187
908
558
608
723
195
948
508
214
472
288
424
194
778
755
248
926
758
413
450
882
396
820
869
125
917
987
26
936
80
76
704
735
715
602
768
75
600
657
588
577
335
360
391
411
820
733
673
63
381
869
863
452
358
469
728
277
760
901
160
530
811
694
851
270
847
74
735
80
442
515
245
118
907
585
880
238
61
513
44
368
649
93
115
80
965
831
326
303
660
323
845
414
323
405
14
900
566
754
240
258
883
209
794
477
398
98
477
572
442
660
544
727
63
40
600
640
750
22
143
760
926
488
654
516
70
567
526
560
972
114
984
253
681
879
947
892
509
954
650
255
261
143
212
855
993
952
316
102
962
404
822
717
322
574
866
871
330
466
486
3
22
472
368
961
475
799
815
615
405
274
48
817
360
716
46
400
487
23
919
61
943
971
627
543
594
538
81
740
236
196
461
116
640
894
273
518
41
839
217
587
203
623
123
282
372
986
94
970
40
499
654
319
739
278
754
5
94
110
499
231
983
748
805
613
214
457
629
597
619
963
685
816
963
123
353
431
467
550
586
771
800
302
30
635
968
317
821
91
168
442
900
48
378
496
498
556
599
979
926
9
572
963
896
934
300
304
596
162
248
83
430
841
193
938
709
786
935
249
692
816
806
421
640
160
330
318
14
192
783
252
479
858
265
17
335
923
538
75
226
992
842
421
653
878
544
311
280
682
387
194
26
988
329
612
714
414
59
517
639
947
898
371
393
62
898
942
546
706
21
369
842
464
29
345
166
951
356
474
223
374
527
547
122
244
805
167
452
269
324
570
304
185
957
832
329
718
399
144
626
591
205
486
216
728
584
217
453
33
40
184
938
891
575
747
545
431
345
445
139
251
643
364
185
609
561
883
304
700
333
971
946
70
485
566
386
711
916
550
806
721
468
765
627
824
367
387
475
786
466
872
114
25
940
796
945
416
155
97
91
446
89
924
619
77
780
173
196
488
403
913
388
862
736
569
551
447
166
116
986
549
750
563
5
296
308
137
485
922
130
44
408
243
952
166
745
924
697
937
168
147
47
897
768
164
21
282
96
630
791
441
78
462
180
181
335
208
100
491
839
815
815
427
57
561
648
444
576
566
901
642
174
473
511
269
671
200
607
965
249
999
539
41
593
861
495
340
493
852
777
741
808
118
505
312
774
905
478
322
132
180
924
889
675
714
575
410
333
894
823
894
16
416
16
733
401
712
238
363
990
445
134
588
802
526
474
186
656
766
732
614
567
727
352
209
576
195
203
277
231
502
647
889
778
209
959
474
79
886
895
549
502
271
176
212
383
679
652
824
138
7
225
995
568
786
278
472
96
883
866
914
287
750
224
98
742
907
748
333
721
587
2
878
960
815
337
517
469
600
256
907
725
399
476
734
667
153
825
769
689
649
86
330
989
609
751
585
482
18
512
108
253
758
373
958
710
116
158
660
163
752
223
6
489
254
549
957
680
992
617
414
6
937
400
345
691
755
162
565
543
365
825
477
230
130
256
437
174
754
978
842
956
974
86
140
476
102
878
807
697
175
292
545
940
131
552
944
382
241
454
46
388
667
257
832
480
457
522
57
556
676
37
869
742
275
820
905
384
221
181
82
876
785
957
193
334
247
493
167
715
693
674
535
326
621
77
991
178
385
116
193
768
953
319
831
653
299
362
262
288
285
703
690
817
520
168
406
508
845
924
896
10
389
502
377
439
202
126
50
894
667
259
134
489
146
337
470
31
434
719
281
944
269
293
395
311
808
642
158
619
675
1
139
768
200
336
773
209
349
629
596
192
339
107
77
622
594
535
36
520
490
454
757
561
389
984
891
493
730
854
979
30
472
548
324
318
805
385
451
980
949
464
508
975
955
139
466
717
946
630
624
925
577
916
169
167
538
442
298
508
559
787
845
236
145
984
774
698
937
662
394
789
228
730
507
496
598
498
96
338
721
479
323
72
501
580
185
738
51
930
476
623
815
305
968
718
365
943
184
527
734
734
197
12
251
126
799
267
640
46
469
591
312
119
131
205
469
413
934
483
111
142
493
266
95
260
98
384
615
761
417
339
442
688
392
924
611
421
237
625
409
282
68
650
268
563
274
229
604
883
374
369
321
569
587
644
659
555
800
734
449
503
865
658
669
904
835
523
156
620
593
781
864
12
492
588
863
628
178
906
77
527
335
103
784
300
955
451
858
339
90
638
736
905
61
916
184
336
15
174
556
173
273
586
350
118
316
858
350
411
174
553
289
663
890
903
636
123
432
225
361
798
509
665
143
336
778
96
302
183
80
562
246
702
64
69
620
835
957
409
663
443
181
349
70
973
1000
718
49
393
584
698
947
515
244
735
793
975
921
9
903
836
429
983
391
91
417
886
846
989
603
541
962
994
757
472
441
922
700
692
107
693
999
922
317
247
759
338
730
336
658
468
531
759
765
931
275
40
790
873
508
670
711
980
893
466
56
378
592
804
895
926
511
614
271
102
0
628
420
82
772
244
655
362
985
673
249
69
918
265
733
783
689
274
491
411
642
920
81
13
100
881
383
86
652
741
708
696
32
757
842
232
499
635
939
388
388
927
515
628
202
133
48
91
900
251
40
26
373
654
282
721
91
154
236
979
992
994
892
928
530
71
68
354
552
956
909
355
148
957
530
257
215
929
140
632
770
967
787
153
642
130
293
524
530
60
759
397
173
190
707
84
757
231
257
687
614
273
251
842
313
558
74
635
765
462
712
213
97
256
220
875
532
399
435
273
955
996
76
303
543
740
328
272
943
257
167
651
622
599
145
874
481
910
220
718
498
159
441
328
713
818
546
127
545
676
808
886
237
379
378
980
876
224
230
871
209
563
607
527
381
290
431
5
525
88
713
837
914
474
505
478
932
918
800
645
199
345
799
675
879
659
556
737
390
53
120
807
993
339
858
837
474
720
29
692
271
529
298
995
578
804
608
193
740
539
663
623
436
466
996
804
279
645
680
77
863
242
545
306
163
13
298
830
106
788
644
271
593
495
163
52
702
573
513
397
182
578
743
374
12
672
76
83
249
884
202
970
336
636
550
121
214
334
197
419
312
291
546
651
218
482
698
68
823
181
566
981
410
509
476
402
128
106
339
661
598
708
777
662
532
373
392
929
170
794
361
532
103
381
516
477
438
780
608
241
135
636
878
690
116
990
812
448
649
307
303
373
620
9
408
66
45
851
761
921
816
335
467
595
315
522
608
708
438
821
870
244
201
623
156
854
360
583
474
185
286
469
118
391
990
382
539
671
314
266
988
830
702
329
589
504
944
143
60
328
927
527
635
711
159
18
247
644
854
518
245
526
98
740
987
559
157
381
163
344
575
206
150
202
153
140
637
701
124
523
582
503
551
638
798
251
96
692
185
941
84
634
64
587
963
97
757
263
983
674
18
257
213
538
900
692
591
929
183
324
915
617
273
606
281
485
361
992
563
582
54
204
322
943
444
374
238
532
901
265
523
662
193
158
251
588
926
147
151
626
712
754
876
413
695
773
993
573
738
146
842
70
705
173
531
525
749
806
0
860
9
783
197
116
792
640
75
868
99
102
724
722
48
172
902
772
502
85
13
154
355
152
972
448
0
4
489
504
138
540
486
776
752
699
667
911
563
304
380
305
195
463
384
707
693
861
98
50
208
925
779
629
204
281
468
60
902
930
146
777
731
248
717
641
661
444
519
739
136
715
985
453
988
166
853
364
639
548
586
460
978
460
385
763
779
732
724
939
360
468
14
310
284
287
387
581
451
59
557
188
406
656
464
979
406
21
931
694
404
941
649
32
415
424
428
171
796
775
961
370
921
158
322
82
697
679
967
261
302
479
749
329
473
980
11
660
101
521
996
31
127
1
610
167
895
470
654
862
953
164
184
392
129
656
947
385
34
645
559
377
434
962
439
322
216
698
307
620
126
789
528
958
311
971
325
154
827
763
933
885
838
481
232
684
377
407
840
817
143
545
871
918
914
316
859
879
942
847
18
571
343
40
694
306
910
487
518
9
960
72
118
977
52
906
606
83
237
677
832
613
536
881
242
742
545
608
781
794
399
402
880
314
425
65
101
816
537
907
861
931
441
471
656
964
97
423
872
140
360
826
754
866
661
355
615
697
631
220
901
53
908
672
660
771
471
195
545
808
363
140
331
827
928
706
110
421
860
533
730
265
786
168
454
815
831
342
856
311
596
352
542
822
54
8
113
668
896
70
42
539
709
776
900
496
9
815
411
491
746
444
64
991
66
52
207
825
830
342
968
45
899
510
130
678
649
201
398
977
481
166
875
213
567
829
171
406
220
798
198
764
825
496
742
428
174
985
745
386
414
296
887
727
725
473
980
287
563
218
335
700
197
690
575
929
403
587
560
99
589
868
318
684
307
209
448
1
725
813
900
46
673
796
720
491
483
652
866
964
747
342
786
90
280
573
440
123
276
746
918
644
647
410
994
612
792
804
826
592
32
480
110
680
771
330
396
720
542
324
545
182
707
327
979
505
629
147
367
469
323
681
804
871
272
776
813
624
117
149
115
741
107
764
149
453
857
778
872
918
614
258
758
2
471
263
879
134
734
68
634
204
384
689
777
752
860
766
289
957
695
602
121
818
867
742
572
159
592
167
952
815
639
104
72
157
981
517
284
486
11
289
718
151
225
737
159
861
484
699
449
584
43
54
723
408
648
700
517
577
149
522
613
343
537
128
27
344
472
9
623
452
88
254
336
739
342
343
499
840
120
232
760
132
778
780
966
479
719
154
971
123
703
179
420
551
49
472
114
981
624
137
185
181
966
466
900
349
231
49
205
614
937
718
25
516
406
999
49
336
226
772
495
545
722
970
60
214
830
926
589
966
916
960
244
709
370
791
540
995
783
977
645
265
390
322
13
372
845
903
351
142
299
132
400
385
84
716
114
239
437
83
361
260
93
569
895
507
697
967
79
742
204
312
432
821
450
562
680
270
361
77
702
205
246
926
799
276
850
254
44
333
589
792
177
151
490
429
605
836
136
796
364
249
901
653
919
961
401
843
522
664
173
19
222
514
276
642
776
694
351
982
484
705
671
307
899
884
981
580
376
687
134
286
393
336
446
590
413
612
288
450
368
454
974
297
821
800
707
147
688
190
168
711
644
409
952
674
853
301
125
915
424
511
84
895
181
608
174
840
405
543
390
401
647
389
195
568
682
25
698
762
793
374
761
230
16
148
137
389
311
843
18
199
809
857
736
853
524
285
805
33
839
240
163
18
446
478
446
40
898
379
532
637
719
992
600
319
533
153
603
933
438
25
87
234
219
787
915
457
973
736
181
900
873
144
10
423
944
205
28
110
333
277
36
54
464
907
985
714
81
864
25
264
68
307
199
148
549
933
600
957
556
692
561
85
99
620
477
666
659
4
481
250
509
37
77
221
799
856
473
698
982
404
554
849
383
125
300
52
638
112
900
402
230
968
510
308
500
639
390
62
520
537
5
946
411
514
233
610
64
177
932
7
788
274
769
886
228
854
951
951
121
855
885
46
892
917
487
535
51
805
242
844
755
326
816
891
598
244
406
784
28
20
999
830
504
762
362
178
970
58
599
977
152
500
921
634
647
655
254
396
956
619
228
222
913
186
534
118
288
769
885
45
775
437
155
348
283
144
606
180
402
774
155
463
835
396
482
327
848
233
356
130
541
31
408
796
126
358
194
937
692
691
157
553
274
942
607
997
402
945
485
650
86
299
742
462
428
451
298
922
978
984
220
144
716
301
434
143
899
981
51
478
921
536
645
321
457
428
182
454
52
111
229
862
436
303
397
624
706
962
503
631
316
861
887
950
216
558
575
406
395
214
138
529
168
884
572
43
724
826
505
786
453
828
980
518
581
235
886
905
623
374
187
987
188
878
256
109
773
132
786
946
617
411
382
984
396
653
312
755
169
929
814
256
919
696
555
195
239
717
532
96
191
441
30
37
849
482
710
610
959
182
724
477
742
130
511
61
686
756
961
29
70
171
870
961
334
978
285
688
986
695
553
458
401
354
143
704
789
177
525
693
770
560
399
720
132
498
944
855
663
57
480
983
487
196
74
420
830
651
32
425
610
398
264
333
417
622
501
500
189
272
235
454
936
460
695
36
656
316
790
329
457
821
363
680
766
281
991
707
783
756
353
294
859
986
298
1000
933
47
690
329
886
380
415
571
818
818
592
335
361
6
993
531
220
619
401
442
968
946
196
670
662
239
301
621
669
841
213
386
540
671
883
858
168
933
111
