685
597
93
220
822
74
579
360
51
848
899
573
596
498
361
849
557
292
635
144
28
63
31
482
931
482
712
874
844
833
704
621
273
449
767
212
838
985
872
849
172
990
228
732
213
308
640
148
473
884
623
263
34
170
622
275
746
890
233
150
850
808
134
980
597
824
416
143
247
136
823
607
553
189
298
45
530
175
717
215
21
682
786
892
146
849
42
620
552
689
768
989
93
20
912
996
339
549
643
966
124
874
563
603
19
186
580
554
163
341
525
641
888
337
980
951
381
532
235
486
991
219
259
23
123
173
771
415
346
132
434
115
429
146
774
669
570
759
329
293
69
12
414
369
835
317
356
260
913
49
617
757
289
375
720
274
872
582
814
371
417
864
628
722
744
359
920
528
824
243
776
158
339
652
477
402
220
61
421
322
600
184
888
685
306
938
327
170
191
559
6
352
541
635
1000
679
578
303
476
311
577
564
716
408
286
145
804
323
877
270
84
797
939
210
216
605
107
842
665
353
543
15
586
778
465
24
358
597
339
629
252
376
1
992
104
534
126
516
834
853
908
47
495
123
152
904
77
266
887
427
444
3
658
860
611
141
599
721
144
674
972
644
601
366
361
182
663
877
162
933
208
807
956
466
146
111
287
513
767
745
434
579
29
961
343
893
66
414
812
235
328
634
660
496
72
39
881
170
16
840
623
706
126
415
972
379
20
420
110
289
841
690
725
282
395
603
909
656
227
251
284
831
630
607
418
224
108
648
970
983
500
400
428
570
935
396
431
476
554
14
337
770
92
64
247
199
188
791
610
279
490
784
623
954
358
890
850
350
311
919
74
712
323
318
101
103
341
393
863
753
138
945
178
783
502
78
187
34
450
336
37
219
114
143
905
589
995
204
594
46
354
3
685
291
322
139
712
623
202
989
222
940
576
908
878
615
578
638
765
9
981
630
277
0
404
465
122
246
177
912
582
275
222
730
696
128
674
663
37
760
7
732
379
662
68
909
987
109
777
775
376
222
752
213
746
642
445
499
93
624
854
718
992
878
154
684
577
515
123
389
566
265
527
998
861
307
352
36
517
50
97
758
620
607
23
180
344
609
118
687
813
855
637
974
242
914
977
264
389
704
928
963
798
415
858
56
532
422
964
402
432
541
743
166
40
984
997
174
861
560
298
766
38
1
18
316
713
698
238
725
65
833
19
192
640
426
935
548
471
131
759
508
540
810
892
692
506
901
231
895
327
644
546
366
982
893
480
113
955
512
141
85
395
943
824
960
148
5
119
180
971
171
53
655
979
519
10
701
22
986
702
497
744
571
449
423
762
145
790
904
422
333
993
417
591
126
518
342
839
644
461
849
276
707
380
525
858
504
634
923
946
409
917
9
775
10
437
968
193
252
675
844
900
620
81
110
503
829
45
174
345
489
565
40
662
535
248
959
756
469
335
373
602
863
2
17
900
442
149
765
304
177
4
92
647
686
184
729
216
671
564
49
733
241
401
316
136
160
277
102
160
178
220
327
19
112
479
662
20
784
132
78
661
160
16
634
35
340
60
150
321
165
281
457
481
970
923
265
746
979
280
337
452
270
129
666
984
613
287
42
248
629
59
425
619
289
188
368
573
319
464
336
902
520
109
503
225
951
110
821
242
933
516
918
177
712
953
443
382
113
960
549
277
831
141
108
330
114
645
251
416
93
911
856
315
813
119
608
215
481
28
602
734
449
925
115
650
663
531
689
850
885
234
661
702
979
572
96
328
941
865
169
766
730
405
554
292
26
888
477
442
906
540
954
887
440
247
136
912
573
184
993
562
928
630
889
764
155
434
977
212
425
20
567
830
734
519
619
124
400
713
172
420
681
653
400
116
314
96
220
904
397
745
838
322
292
972
345
794
424
735
156
744
350
282
715
796
501
719
725
748
369
627
556
644
388
732
592
674
114
455
677
168
938
199
986
946
138
132
807
131
96
870
919
71
855
267
344
152
50
263
711
509
444
514
419
661
67
880
544
194
697
907
219
767
207
671
369
564
723
99
726
747
838
579
893
342
23
727
910
227
365
225
300
408
257
86
716
949
177
88
903
160
808
240
398
470
581
750
114
42
531
339
117
211
614
162
415
502
800
352
531
11
155
332
740
63
856
608
990
244
129
75
197
293
545
882
148
764
814
712
272
21
502
944
563
803
989
859
528
616
683
734
391
451
959
322
796
276
515
121
900
769
46
951
913
635
457
244
369
629
91
187
443
398
544
682
596
384
880
34
418
626
841
133
707
259
219
245
11
676
196
377
111
450
979
5
487
432
279
686
119
201
391
12
411
445
899
848
364
221
548
458
522
877
249
377
483
318
464
163
611
302
862
357
3
792
23
14
113
175
286
589
527
565
788
397
905
35
7
214
189
144
552
27
510
812
720
622
573
90
301
85
78
555
51
506
361
728
79
846
560
343
601
109
369
67
550
864
655
772
311
212
600
412
464
595
846
726
311
320
64
34
516
909
240
753
287
838
193
788
306
991
543
978
530
156
91
646
962
858
150
10
109
834
912
682
480
190
989
585
506
460
363
736
264
814
706
527
786
688
945
189
611
651
6
925
886
192
222
227
964
148
420
241
586
762
863
452
29
213
447
754
705
618
430
958
301
78
976
331
661
729
585
396
388
90
18
8
996
266
281
591
710
41
62
596
191
950
310
701
707
582
514
231
368
349
573
95
655
325
527
893
10
875
307
980
276
21
544
699
844
138
184
971
355
184
589
54
673
165
790
685
393
676
14
333
720
191
136
117
72
929
718
37
893
612
392
388
751
750
657
810
913
301
856
691
731
649
603
131
491
91
895
519
888
480
158
799
317
732
744
882
251
853
313
236
951
848
131
876
409
322
369
21
847
276
733
947
183
632
821
292
715
764
745
201
701
34
432
134
862
92
547
474
215
822
183
669
368
956
675
233
602
552
522
206
943
188
209
336
571
697
335
70
471
225
470
588
517
543
243
686
603
376
824
26
558
250
468
185
776
716
451
588
965
272
810
368
215
306
141
646
111
636
765
293
515
879
992
292
768
595
50
198
847
313
783
408
480
799
680
771
635
198
729
427
530
47
420
697
297
815
446
248
879
850
391
416
820
760
760
742
781
979
747
571
686
372
638
278
473
724
593
400
325
147
167
281
975
492
141
773
252
378
901
467
129
513
247
184
511
592
18
530
103
560
189
398
591
832
787
948
510
908
283
885
128
192
916
993
666
279
59
809
721
662
46
243
130
346
513
723
545
133
993
633
419
506
293
297
647
567
425
297
627
259
865
672
920
179
990
930
817
476
49
241
618
239
663
105
998
598
49
780
161
756
716
364
655
411
572
301
15
669
484
441
462
232
137
114
657
108
675
664
509
264
366
404
778
724
247
507
281
726
93
796
901
248
407
378
412
420
485
741
381
255
670
724
145
388
173
9
394
429
872
606
856
328
410
649
722
444
256
539
670
201
226
141
925
962
46
327
267
755
605
804
106
224
155
352
719
428
720
640
881
662
703
694
634
972
237
353
949
403
698
871
299
264
2
112
753
898
119
993
971
46
807
111
702
348
819
913
739
725
454
561
107
193
57
145
360
431
888
547
587
458
787
523
639
49
412
113
788
441
512
927
168
729
404
599
465
612
462
204
845
293
479
488
2
912
125
640
355
508
38
161
36
514
356
360
172
643
102
972
119
962
222
38
91
32
815
595
734
722
100
832
464
35
496
756
408
739
691
324
894
205
264
548
923
389
617
72
906
122
449
308
237
959
818
490
86
913
336
986
887
451
437
246
293
494
475
700
97
364
35
9
684
476
191
798
122
908
715
789
33
957
35
445
5
84
633
328
372
594
749
299
835
769
538
457
80
918
382
534
996
306
513
208
302
607
896
163
789
928
635
928
749
971
448
590
827
744
567
873
242
727
973
450
735
161
903
419
705
823
222
645
8
190
422
521
766
59
912
504
549
810
183
111
409
39
88
966
985
579
517
944
684
100
233
996
236
963
360
927
178
405
707
176
28
353
942
116
311
38
522
674
822
372
680
949
344
473
164
220
197
787
504
620
824
780
165
961
145
371
403
708
889
542
261
888
146
282
481
738
147
129
269
730
181
811
468
839
482
126
367
425
562
341
562
640
558
638
54
854
987
977
703
659
889
891
843
924
909
992
83
293
184
228
883
484
489
571
681
492
417
508
51
124
827
855
154
976
13
431
944
617
707
920
821
549
679
486
962
672
809
663
786
754
205
498
906
89
385
873
97
371
673
509
633
703
501
361
589
192
582
483
427
805
196
48
559
583
152
286
164
370
323
920
958
462
782
736
787
276
521
311
328
490
547
66
648
698
45
551
961
172
61
89
973
768
305
83
267
117
265
699
524
204
133
371
133
706
359
203
520
287
470
803
982
932
206
692
621
814
587
118
503
997
850
995
995
366
788
866
29
795
311
404
695
916
139
174
9
230
35
610
331
416
141
377
971
223
672
208
465
111
282
309
762
914
606
652
898
262
887
552
836
418
896
689
163
649
212
282
947
474
518
917
317
700
743
496
375
464
301
296
76
180
832
511
57
369
652
234
468
740
180
262
715
403
273
196
513
654
865
388
763
28
125
444
171
831
872
970
736
49
861
150
897
954
162
847
574
516
237
356
74
695
780
769
461
47
594
423
882
119
264
985
50
655
914
201
481
198
744
227
394
93
652
459
694
83
891
949
52
15
862
364
574
797
61
983
400
617
66
936
69
90
972
621
339
572
396
967
37
294
662
224
813
14
433
581
278
923
700
653
873
224
79
901
180
227
56
788
125
770
520
923
61
148
25
82
774
614
27
634
954
464
73
156
558
581
38
918
996
921
991
352
450
134
351
51
852
826
456
865
621
967
54
308
853
41
590
125
156
682
899
435
764
643
163
548
897
449
264
569
457
24
71
68
725
972
721
459
460
93
702
12
770
29
793
975
203
33
803
727
399
258
98
296
547
834
266
47
913
889
109
345
916
676
892
2
114
200
748
340
177
649
459
335
274
202
612
402
853
231
334
129
861
781
227
500
398
227
444
419
288
131
912
820
171
517
980
950
324
655
824
789
636
333
886
175
113
599
253
169
322
469
247
241
32
618
937
229
668
944
639
94
905
523
686
871
395
832
575
690
1000
861
363
475
892
6
397
436
548
7
341
109
486
370
524
420
202
510
654
795
183
384
873
575
721
172
534
573
996
65
420
651
552
538
628
1000
233
292
794
123
890
772
397
362
214
551
79
737
753
534
438
191
101
493
14
836
518
93
76
119
461
404
946
552
1000
213
387
282
246
808
99
781
346
760
115
291
108
536
236
96
371
578
749
508
541
205
762
745
589
559
839
182
209
597
783
354
935
817
111
602
671
948
113
309
659
269
493
989
1000
542
50
713
878
709
281
968
283
391
989
180
246
56
330
930
633
312
943
156
719
987
840
184
837
843
789
924
266
718
947
759
666
955
634
494
407
382
197
213
7
41
943
898
243
465
735
443
380
800
414
116
569
216
780
868
470
688
775
936
243
206
552
310
772
524
163
757
349
642
31
841
786
35
954
996
489
245
429
699
885
181
670
667
572
581
911
924
176
773
265
292
147
375
23
485
676
904
98
285
805
13
707
308
950
327
626
836
445
502
450
102
594
508
67
467
35
707
908
627
989
292
654
926
286
966
854
851
538
719
957
629
3
864
148
797
917
61
56
869
220
956
152
0
420
810
358
982
748
539
773
735
466
892
956
615
102
153
285
769
293
122
51
176
820
902
225
10
310
881
436
228
439
364
351
235
785
544
266
47
838
990
916
698
958
704
660
887
635
290
286
872
944
373
887
488
539
372
209
423
639
318
776
88
340
305
439
584
415
268
168
174
453
802
68
142
957
968
328
277
665
275
419
246
325
405
232
572
756
531
533
284
584
843
967
988
384
854
448
571
877
760
646
234
479
935
810
84
752
634
705
930
590
214
58
181
322
381
95
463
27
753
862
129
136
558
179
391
777
959
752
505
970
654
756
502
376
922
924
802
494
166
606
47
852
457
717
119
791
97
207
538
483
484
550
665
954
215
961
62
305
486
41
283
900
551
508
621
312
329
133
553
188
496
843
673
223
886
570
557
49
191
746
160
134
325
481
425
433
936
503
0
48
327
922
959
76
795
534
389
988
272
87
655
21
425
145
309
822
123
20
899
640
187
632
821
75
348
271
211
39
915
568
987
898
131
700
825
524
891
560
430
495
393
584
46
985
104
558
713
221
1000
614
884
510
393
642
884
778
218
449
734
981
453
141
176
687
786
588
564
208
154
313
760
658
567
205
543
166
124
121
146
371
52
864
157
754
759
69
986
575
847
190
464
967
524
327
924
103
306
145
121
837
309
41
373
101
663
974
286
523
877
643
365
79
174
602
865
277
562
584
978
894
313
815
187
219
14
801
65
998
600
953
315
69
179
428
55
209
12
15
257
493
993
79
246
263
814
808
740
201
420
207
316
540
213
931
773
213
276
642
813
553
62
644
806
5
740
710
738
416
386
253
823
656
109
414
622
346
741
489
975
56
941
646
882
822
482
658
924
997
441
899
846
301
584
171
864
789
642
358
708
221
595
640
911
906
201
172
519
845
914
267
779
486
865
516
791
593
868
333
814
672
136
423
143
904
975
98
86
397
761
314
286
884
587
588
309
337
721
198
496
438
626
157
8
667
769
925
109
186
732
791
432
587
722
723
769
997
393
692
292
970
71
378
363
249
825
389
939
901
446
411
442
12
895
391
634
808
55
600
146
466
391
986
67
38
310
373
531
992
897
251
271
945
10
929
482
490
874
160
640
12
60
306
117
665
526
76
260
732
2
127
101
83
713
754
335
602
43
363
680
62
584
724
794
964
761
105
937
192
419
733
748
917
405
197
881
962
475
744
137
753
136
608
935
730
826
996
95
610
436
821
604
627
294
223
621
427
363
468
135
24
513
555
704
110
602
32
838
887
246
29
168
456
282
892
124
734
39
982
284
232
893
333
52
301
459
951
850
904
643
290
224
141
804
263
782
268
303
330
849
54
985
723
128
961
723
92
781
751
11
510
519
614
296
573
106
470
435
12
773
100
633
572
60
943
970
565
687
857
61
509
432
420
5
90
493
544
682
765
85
185
710
957
954
496
906
47
707
704
618
668
189
377
362
947
316
651
226
988
617
720
110
212
285
81
952
812
111
263
620
785
100
952
631
236
518
394
668
529
360
738
845
802
312
107
192
997
865
32
540
875
425
324
120
27
883
143
185
490
343
41
441
102
306
887
935
764
829
94
561
416
501
682
222
18
913
485
274
911
294
341
874
102
596
633
932
446
690
624
332
132
366
878
109
625
941
907
287
512
896
661
860
746
494
996
856
191
362
802
262
710
254
471
742
80
569
712
617
857
908
384
831
444
776
530
2
789
300
303
268
775
26
210
299
880
758
900
65
610
122
723
902
138
103
838
591
443
339
89
463
846
419
627
449
621
594
46
357
784
425
398
688
66
382
61
173
30
846
810
598
949
963
140
596
342
444
693
727
960
749
182
328
513
1
196
279
511
774
555
558
926
629
552
247
316
487
706
469
8
147
905
312
623
447
623
295
392
2
810
974
536
684
38
711
525
635
713
778
182
977
911
675
475
146
966
707
707
267
100
996
702
837
221
75
981
140
551
687
250
132
382
352
712
835
90
890
62
557
688
363
611
741
340
8
587
758
794
7
529
543
783
142
894
671
82
716
688
500
711
730
789
814
836
429
136
695
214
167
854
185
629
816
595
764
220
499
383
927
63
731
259
597
627
260
726
921
910
826
101
724
821
487
108
596
39
105
72
966
929
164
896
427
358
20
68
709
377
727
789
751
356
369
97
760
465
33
198
344
27
958
538
818
116
453
402
978
100
943
540
408
460
580
391
686
934
446
253
616
7
967
840
425
42
111
36
367
783
264
106
351
556
587
80
815
187
532
176
506
160
121
450
246
183
16
997
54
879
977
983
948
784
39
289
114
638
408
939
180
859
537
527
399
138
208
739
153
937
992
53
301
548
85
853
142
786
666
304
271
945
199
978
881
732
786
691
845
865
179
278
200
424
195
691
983
987
307
171
585
611
132
354
766
928
846
734
618
422
271
278
724
50
181
622
223
461
379
142
678
995
313
835
0
538
284
640
89
939
334
783
723
857
781
507
231
852
861
258
591
925
725
224
838
604
519
991
351
406
915
116
152
886
50
733
686
414
641
786
747
41
391
268
885
37
159
831
551
738
504
787
491
581
820
292
905
393
41
79
142
620
407
334
151
559
645
891
864
670
363
994
840
9
428
348
389
941
423
946
8
714
111
429
691
232
864
844
783
660
855
292
682
472
214
48
843
765
816
838
710
824
132
303
500
166
612
482
601
639
906
361
247
27
50
416
337
302
835
886
608
77
478
182
50
150
738
127
568
594
494
320
643
46
498
620
778
246
384
962
514
152
430
839
650
962
357
613
247
387
566
613
598
883
208
696
74
9
712
96
66
545
230
344
439
856
103
228
581
327
243
735
938
717
282
199
397
721
217
76
328
83
775
485
505
589
447
698
187
444
799
440
860
622
558
226
631
307
569
294
779
47
781
194
159
205
7
387
811
596
811
545
156
817
524
440
888
457
700
415
656
939
505
294
616
790
833
177
25
947
345
472
529
544
886
789
469
868
995
790
436
213
341
984
914
396
2
381
100
410
167
221
597
723
678
880
836
853
621
358
834
287
3
688
906
495
64
565
139
62
496
836
676
641
104
589
217
197
178
367
664
141
195
527
652
149
140
109
488
200
221
853
2
488
791
120
935
658
718
36
240
490
137
168
837
368
824
271
531
996
681
785
187
717
403
365
540
995
665
108
579
449
479
288
424
986
321
304
513
71
539
52
927
214
388
621
270
179
283
35
732
631
383
796
793
237
564
673
823
588
215
152
638
909
365
493
495
650
722
358
152
310
833
585
31
889
539
898
999
103
833
92
256
525
586
669
836
288
842
750
527
903
869
634
44
83
671
685
410
47
94
229
548
558
626
550
705
885
863
773
984
907
70
388
59
243
198
565
678
654
985
578
532
829
890
343
853
411
336
689
109
237
409
975
228
34
445
37
443
309
200
33
673
143
120
234
654
163
780
638
592
472
361
724
771
637
669
543
779
433
65
507
473
147
29
734
433
513
11
846
3
390
170
788
941
225
518
191
606
525
326
757
52
673
389
351
386
995
366
571
317
1
588
871
813
376
108
744
97
307
907
13
904
227
597
569
46
838
132
252
841
459
908
908
458
809
669
418
132
973
613
905
105
204
980
753
979
200
653
202
627
281
205
649
161
127
40
896
592
518
445
70
474
32
548
442
396
807
159
753
43
117
743
93
964
153
432
312
627
200
163
470
708
559
374
667
865
257
101
76
424
505
131
231
26
315
240
556
28
2
827
973
125
500
178
913
776
84
821
194
588
812
628
226
372
983
11
521
389
899
365
399
980
151
301
949
988
262
72
979
285
531
980
625
373
277
799
197
80
623
227
953
527
927
357
136
612
651
496
500
229
388
143
25
721
388
651
1000
777
60
42
870
946
700
164
538
149
556
927
351
204
640
724
897
847
453
131
136
23
228
164
756
31
611
911
449
828
112
52
299
390
883
352
626
810
919
408
924
418
476
384
906
102
323
345
659
136
165
428
899
701
686
448
262
981
61
181
282
931
853
462
189
743
578
807
756
866
15
717
958
918
359
501
645
466
625
682
592
430
70
746
854
878
522
489
18
615
203
388
344
5
999
671
812
919
171
368
485
63
737
783
1000
557
178
733
293
647
55
1
688
203
290
103
725
451
47
912
554
247
532
997
867
751
347
398
802
642
730
649
732
146
873
303
686
340
844
696
154
656
419
390
8
185
158
128
854
881
633
770
953
36
235
520
932
131
658
619
52
131
604
392
586
693
852
836
874
215
949
578
325
747
756
492
781
640
742
272
86
902
596
92
496
597
540
113
733
507
460
465
79
336
8
566
293
161
853
474
777
982
729
934
147
438
125
144
764
673
365
89
24
164
884
917
649
79
319
972
389
458
836
873
102
454
646
746
309
444
84
34
584
533
960
24
466
68
111
339
775
52
559
21
114
399
82
752
170
684
611
839
683
719
266
797
40
548
587
656
252
975
125
870
115
558
114
952
76
720
482
773
979
490
493
889
376
29
677
547
244
697
52
44
862
269
608
406
600
49
483
31
598
391
596
172
640
57
696
700
744
743
826
538
587
204
259
826
300
98
883
883
882
299
437
352
853
4
95
508
12
654
185
558
618
947
741
68
37
153
824
351
294
818
756
721
895
550
277
114
535
929
232
438
245
579
332
111
815
832
224
643
183
266
987
865
247
329
685
436
589
321
357
332
57
472
132
635
930
200
400
543
731
335
650
957
224
562
924
45
778
285
36
157
843
327
698
790
597
306
45
327
795
415
486
247
260
536
201
733
322
789
943
735
350
678
189
513
459
537
995
626
132
254
548
626
907
49
824
564
768
33
64
126
656
428
633
234
353
385
334
288
315
957
676
183
23
691
185
385
437
891
734
130
242
41
464
162
608
422
377
919
357
988
931
392
271
802
803
848
482
912
249
964
977
341
566
771
10
808
794
648
319
985
360
589
507
14
20
953
155
262
981
280
279
550
599
698
747
517
932
239
963
814
283
631
31
964
359
917
612
240
161
561
858
780
632
886
425
726
784
372
456
765
723
965
190
140
644
688
51
991
502
799
210
674
105
758
456
97
499
311
911
305
936
34
22
739
732
630
335
255
154
444
419
760
37
621
956
892
389
831
444
878
52
6
889
39
192
147
821
346
662
652
615
577
8
121
683
705
671
300
890
296
532
922
937
353
617
310
909
47
878
938
105
858
851
707
934
136
524
963
659
563
217
321
813
111
631
564
267
987
236
814
252
42
657
837
910
984
213
895
321
924
926
349
432
839
701
954
832
899
83
204
838
321
381
827
514
908
374
616
769
167
112
114
788
528
912
136
519
89
962
707
706
827
897
545
396
607
651
504
403
87
746
457
998
628
141
802
748
925
151
334
80
649
313
342
691
143
426
520
20
867
818
697
470
290
401
292
943
447
984
927
941
126
655
471
908
632
483
68
8
77
918
37
662
340
604
178
757
688
890
647
830
820
466
793
559
77
912
629
964
331
62
702
197
469
728
354
547
143
276
287
269
356
969
756
167
129
403
408
987
636
854
631
380
940
339
860
832
386
806
569
56
46
144
36
483
92
817
495
400
263
592
623
995
117
580
379
254
671
292
730
622
847
199
388
709
734
123
197
367
506
814
866
945
388
545
202
493
387
194
87
736
444
929
547
286
366
442
871
317
522
190
175
656
652
363
836
428
284
755
318
986
148
493
569
43
93
643
909
990
764
703
484
166
100
666
946
533
252
889
104
554
644
489
36
249
800
336
484
116
188
964
789
32
313
185
174
53
116
294
674
880
335
856
738
219
689
385
154
602
9
924
390
145
554
890
569
315
760
686
9
908
549
668
925
213
817
620
609
928
848
916
819
227
55
668
854
575
145
625
210
936
494
639
976
797
316
105
587
894
204
478
289
635
621
764
566
243
199
450
730
32
977
606
471
893
201
526
481
677
452
262
548
446
686
504
731
250
442
47
705
201
913
35
6
231
656
492
352
801
473
681
537
402
640
254
409
155
512
317
685
445
411
61
959
989
489
992
885
13
325
266
720
852
771
335
746
701
436
639
343
859
856
485
489
700
443
326
497
287
717
142
347
333
99
9
379
127
369
193
816
591
996
248
526
329
439
232
671
786
710
587
604
431
159
585
8
629
501
126
631
133
714
792
415
714
530
738
671
85
740
842
564
788
41
717
286
708
218
285
92
443
69
446
452
846
317
528
89
562
281
296
336
946
118
917
181
834
635
161
869
417
364
245
837
303
431
128
807
173
983
581
311
846
28
829
545
884
966
219
731
276
885
12
138
656
414
545
497
963
329
890
428
645
584
178
117
73
652
52
463
274
857
448
242
786
876
594
171
370
530
340
74
278
288
374
945
977
728
976
831
901
598
445
451
488
514
837
742
531
120
379
600
591
677
719
703
56
37
179
816
358
282
168
560
998
271
763
864
438
771
259
845
421
221
904
303
844
268
733
119
382
688
390
666
363
685
713
514
6
689
315
245
781
509
116
281
675
793
211
198
69
983
827
406
66
810
901
953
115
608
187
819
206
719
245
886
94
881
266
456
664
327
814
227
434
736
738
432
571
474
969
307
1
725
623
345
780
229
936
386
363
545
634
302
937
297
940
325
931
349
80
123
579
277
557
691
842
816
739
915
477
156
476
823
158
957
838
476
572
611
354
874
470
263
878
944
93
43
379
581
244
760
20
724
857
125
23
936
310
815
437
428
398
484
739
591
22
953
52
530
976
170
306
112
540
669
93
615
150
46
283
154
985
524
97
412
108
671
50
845
193
348
937
410
687
299
98
765
108
157
705
72
840
419
384
499
742
680
123
489
475
409
516
351
104
541
495
363
66
545
899
387
679
941
769
573
202
530
500
652
243
992
455
78
905
43
568
709
986
754
261
229
921
588
716
645
222
999
623
836
169
396
858
970
727
688
608
229
822
285
749
403
962
559
302
70
811
593
468
501
763
785
869
363
804
772
480
573
150
351
534
534
590
322
997
788
951
53
417
456
532
885
50
238
661
673
398
660
383
974
926
654
515
997
888
402
152
988
599
737
920
622
173
600
692
217
744
754
68
903
802
70
999
697
543
808
689
70
868
868
631
161
307
704
938
768
724
619
158
303
538
856
978
355
423
430
48
578
365
709
237
340
987
104
226
444
903
733
447
121
114
991
200
855
223
216
307
760
149
230
868
481
643
487
42
692
762
843
123
582
331
319
127
140
165
63
978
835
698
532
236
28
691
377
744
266
175
930
969
21
438
71
99
740
353
302
488
387
426
85
96
981
837
929
479
236
510
197
328
923
292
26
554
146
469
721
87
458
81
965
275
880
767
293
716
440
996
328
328
105
935
233
273
104
358
774
934
912
356
792
225
183
648
946
714
345
941
937
185
657
148
755
815
578
724
453
60
323
898
920
924
879
410
318
863
515
443
848
477
303
56
553
677
944
306
612
874
998
95
292
444
658
131
245
950
196
672
398
374
332
152
942
991
891
200
127
574
0
975
589
774
177
939
848
839
198
731
354
303
719
516
227
526
683
648
232
642
824
696
908
822
880
980
933
542
120
481
742
915
800
974
898
394
568
788
223
297
117
843
647
720
136
302
399
326
816
274
592
1
827
811
433
15
264
387
756
761
993
423
302
834
327
365
873
397
682
523
516
576
966
158
907
31
693
333
431
856
206
934
216
62
304
17
77
732
574
763
111
374
440
233
446
91
559
963
699
957
747
704
156
307
566
558
681
64
973
873
914
999
301
968
280
339
772
956
330
628
23
415
3
585
514
945
985
262
707
908
328
268
408
187
310
144
536
908
591
695
512
825
970
597
575
94
238
185
101
184
981
606
725
50
332
293
376
137
908
525
56
3
596
53
498
335
981
818
861
244
599
405
408
840
615
433
219
456
200
787
582
307
989
431
948
224
224
271
929
956
557
418
687
861
909
281
444
472
374
749
252
264
543
382
795
73
638
640
842
561
293
289
197
334
886
451
298
262
693
556
26
974
470
87
902
331
533
791
175
87
359
63
370
902
410
397
921
865
607
141
93
231
765
553
282
527
586
851
605
661
664
72
780
303
366
447
324
592
779
331
942
104
591
51
308
250
928
817
620
713
161
424
748
999
118
489
695
697
264
390
538
205
209
559
818
186
488
619
182
139
194
741
665
824
699
953
253
666
719
435
80
987
407
825
978
223
899
262
635
215
320
418
819
766
295
340
482
169
746
846
482
929
764
822
808
443
917
14
951
69
438
11
212
294
409
595
22
118
50
426
66
874
840
247
756
83
937
1000
898
319
786
132
791
205
607
16
453
365
338
621
958
290
410
345
11
501
221
291
828
80
357
497
653
937
229
618
729
523
337
811
900
452
491
904
768
846
188
270
50
946
904
582
442
505
404
108
702
198
368
581
899
645
361
114
287
82
346
901
143
420
515
226
244
804
158
438
222
781
260
634
734
121
275
605
925
328
551
232
303
997
601
711
411
712
561
748
300
774
127
706
677
380
996
40
772
593
379
229
778
262
598
540
676
100
316
853
684
512
499
159
838
610
887
122
816
143
783
225
12
606
263
302
837
996
134
817
480
54
516
395
322
386
473
855
388
514
461
444
856
211
536
464
984
523
313
676
444
121
688
449
944
789
743
926
761
661
290
305
947
371
969
580
719
91
663
392
205
72
653
803
135
636
627
810
167
235
511
119
429
387
1000
852
398
150
607
54
846
946
796
698
114
845
967
40
70
305
764
682
965
314
298
912
250
535
174
517
224
780
635
874
516
564
789
468
145
553
238
250
900
904
469
533
407
77
638
211
79
158
683
658
475
204
76
672
696
855
67
344
661
759
405
323
110
775
895
791
627
603
308
220
635
538
857
448
636
60
959
517
96
331
618
721
113
585
687
29
27
599
452
848
158
665
287
520
285
553
926
521
710
187
649
26
949
946
479
418
684
15
92
110
843
902
707
114
254
189
944
820
538
529
792
27
474
630
318
1000
453
465
292
828
487
379
152
978
122
117
106
217
802
169
980
531
543
61
192
469
720
868
11
153
846
68
927
35
578
265
994
941
633
270
395
616
948
474
325
771
105
532
208
368
627
460
575
746
718
859
102
577
761
560
889
113
732
327
989
583
573
950
118
852
28
960
236
799
499
723
501
734
549
551
70
421
681
795
590
974
340
369
336
911
446
189
316
303
742
213
893
429
297
946
4
905
295
799
294
409
658
857
85
177
315
363
908
78
547
26
800
52
468
958
244
517
322
682
650
211
866
225
248
963
691
688
98
119
769
805
860
765
468
545
626
510
468
845
318
352
192
976
214
485
748
985
6
417
597
303
416
645
812
362
16
589
792
460
143
860
773
304
983
878
332
723
363
605
314
941
102
632
226
525
171
793
148
532
342
734
859
397
809
787
993
462
818
986
142
85
954
280
677
575
527
798
681
571
478
878
580
146
424
852
421
20
286
673
282
996
464
51
642
384
940
16
219
301
966
19
192
334
442
96
374
707
679
422
413
610
636
146
868
73
853
478
349
157
131
228
243
475
498
177
612
260
292
147
766
729
876
101
574
319
89
66
890
315
554
612
464
556
599
218
793
938
825
825
400
415
468
861
451
210
365
306
232
900
387
608
200
268
531
571
877
631
881
218
590
513
587
182
486
336
367
616
183
690
321
400
717
319
286
6
799
616
517
671
626
565
303
679
852
379
645
79
545
878
397
664
262
780
361
887
187
96
767
371
27
816
757
799
837
619
71
75
303
254
205
826
494
287
566
23
704
859
993
322
346
963
626
577
688
388
38
78
201
295
140
493
569
869
137
469
533
257
108
639
771
435
658
120
678
781
683
524
641
716
210
11
315
957
28
975
400
684
595
201
981
480
848
981
213
443
199
111
833
11
132
91
334
350
482
875
717
753
164
857
541
276
239
427
9
592
886
589
50
667
278
633
993
671
204
43
273
490
334
357
123
309
557
843
261
85
212
166
965
158
653
686
317
494
450
221
787
451
233
622
50
336
38
36
642
442
855
200
310
717
747
520
25
648
38
724
443
321
404
172
918
502
77
245
458
1000
207
31
543
498
310
527
899
436
782
155
296
360
66
558
534
968
768
532
308
792
294
36
312
791
180
809
969
222
752
114
71
66
388
169
837
725
414
747
822
567
346
615
815
633
976
520
336
706
302
748
944
170
400
935
524
847
850
51
881
627
994
380
859
373
383
883
925
829
170
316
130
239
125
876
121
681
282
854
635
935
63
124
121
806
821
389
177
517
443
759
782
724
588
6
743
304
342
590
775
515
74
755
49
405
561
364
707
15
403
167
606
806
662
951
379
352
370
913
955
353
664
484
280
149
316
371
506
391
829
805
481
881
301
749
609
373
411
264
339
629
286
657
796
53
373
41
769
402
86
46
527
847
252
794
468
611
56
368
145
101
540
91
94
502
152
178
411
648
631
821
316
892
663
300
155
794
544
739
795
298
16
665
379
931
552
601
325
915
312
889
957
977
960
238
246
657
856
881
852
238
515
99
771
337
788
44
172
172
601
945
934
753
256
121
100
72
571
516
440
879
288
364
389
880
141
84
914
628
474
79
415
75
67
692
646
437
184
229
363
647
70
622
764
596
462
162
970
246
508
952
733
159
514
725
387
209
655
359
0
718
616
667
581
357
52
309
861
352
204
717
483
212
493
234
890
513
380
132
416
596
367
699
6
520
608
291
253
73
300
543
296
419
707
954
468
655
930
636
621
4
314
620
383
525
346
121
729
495
611
515
774
933
187
930
758
29
637
236
19
717
654
947
0
386
914
278
686
811
606
483
724
907
708
689
599
985
472
376
830
518
559
302
359
37
504
767
119
867
335
534
209
381
158
715
829
812
740
455
472
963
862
930
721
568
448
495
990
51
837
898
274
906
732
255
310
638
276
425
697
399
205
451
413
507
280
104
783
602
696
566
580
87
901
493
738
390
894
925
775
657
955
28
696
525
58
939
405
753
802
643
343
165
617
835
301
45
20
777
161
182
848
651
99
121
608
480
438
444
856
495
242
273
864
457
122
772
667
341
833
906
905
914
302
877
248
759
9
632
165
116
203
258
905
643
646
737
408
763
463
292
517
971
793
174
2
95
694
17
761
117
29
633
196
596
258
629
167
539
466
748
332
611
582
328
295
681
216
319
517
816
786
422
468
508
196
385
664
30
998
605
370
634
717
810
138
955
791
160
25
723
318
527
945
190
925
739
631
429
88
72
534
785
503
659
283
56
44
948
299
200
756
870
176
651
577
837
961
408
528
856
775
1
78
470
250
513
505
553
523
265
665
981
691
169
857
936
845
31
91
783
827
76
332
510
337
183
548
126
844
386
2
6
806
662
434
971
273
480
654
740
634
549
640
397
309
197
608
454
364
590
158
28
787
502
38
651
418
360
43
415
416
896
188
584
447
459
982
898
188
963
281
290
102
303
659
38
436
815
184
526
363
479
690
23
29
289
123
790
525
394
465
564
371
219
58
838
449
7
688
682
359
224
424
213
30
295
272
254
412
518
588
855
398
93
954
352
977
201
452
808
248
684
37
802
736
344
186
93
241
453
696
638
37
945
814
231
575
371
944
855
100
456
872
229
896
738
444
733
284
911
933
464
335
887
650
705
993
930
78
891
560
658
703
90
516
262
127
742
671
167
118
814
538
577
261
736
474
962
761
718
766
649
968
764
440
112
500
680
414
359
463
255
684
110
367
828
722
947
550
106
54
474
651
890
153
271
910
467
32
306
100
815
427
165
571
770
905
158
234
878
305
68
857
146
138
918
764
115
696
62
111
380
433
351
269
538
284
4
367
909
706
944
237
55
250
706
236
104
541
390
976
131
321
899
712
400
6
403
444
503
459
614
646
559
164
645
979
6
665
250
573
958
878
274
65
888
960
552
967
308
982
337
974
392
357
85
331
951
629
68
916
500
78
306
5
97
653
930
195
528
736
770
396
197
806
706
215
836
32
577
391
391
304
277
294
278
142
253
831
272
771
347
942
902
662
246
480
274
730
18
499
477
537
114
427
285
18
948
490
271
270
544
220
724
143
470
631
637
952
783
316
219
151
67
130
729
990
292
467
498
510
645
695
161
674
694
787
627
849
495
479
348
113
122
483
832
937
180
770
571
462
753
884
878
6
245
886
142
463
356
280
871
848
928
706
480
971
427
366
389
393
748
679
568
645
416
100
873
396
958
919
275
460
912
844
299
895
829
831
803
15
578
637
298
943
917
34
115
251
442
932
526
15
775
376
176
24
486
191
616
16
892
556
78
830
500
74
5
338
49
277
677
137
601
603
165
73
622
818
9
125
507
272
990
161
671
526
159
196
522
319
589
432
175
746
832
526
869
122
93
982
402
930
210
65
44
392
493
74
677
823
419
592
489
304
204
622
57
878
28
327
761
312
591
298
55
408
813
422
607
437
497
597
144
196
506
889
470
542
4
130
433
945
588
410
361
912
280
924
745
925
969
399
891
47
326
722
234
600
419
871
4
930
735
340
586
722
965
220
957
240
852
923
338
872
994
564
581
907
585
612
986
723
946
33
42
442
961
745
30
350
323
983
982
853
404
160
293
574
155
775
100
830
605
251
527
35
916
227
941
566
312
438
775
760
986
928
550
267
303
465
865
268
614
99
135
486
577
342
215
326
66
343
196
109
68
487
508
872
959
835
964
427
591
219
199
985
824
205
958
964
476
779
293
103
463
530
609
639
777
232
341
828
446
592
475
215
569
360
424
310
854
765
169
520
173
248
450
170
489
573
182
309
423
360
362
827
596
944
493
737
680
566
774
280
892
857
27
930
299
684
683
395
945
383
981
268
639
265
369
357
774
486
405
109
416
217
463
107
345
438
241
907
120
451
890
858
795
788
252
440
885
381
960
73
882
337
795
138
312
59
976
361
859
861
241
108
16
309
630
967
942
146
302
685
890
128
83
551
680
723
869
985
296
530
610
832
669
303
421
209
548
979
94
976
248
541
663
303
914
698
812
885
999
680
125
602
553
712
3
48
771
769
156
747
725
498
966
659
35
271
878
27
44
989
285
559
33
867
70
714
694
148
137
546
257
957
311
602
493
180
506
210
64
591
802
612
526
583
130
10
526
720
631
221
886
19
481
165
425
458
155
363
742
790
819
169
463
651
560
179
491
863
151
742
235
997
489
714
995
935
442
924
591
787
612
83
426
759
112
332
614
12
858
724
996
496
877
295
210
278
640
208
203
321
796
920
393
278
677
642
246
473
774
461
273
676
324
326
520
546
547
824
105
660
142
367
510
860
257
598
490
997
746
773
912
426
936
543
827
507
128
146
553
436
808
469
951
525
546
444
881
221
556
578
891
805
781
901
927
425
515
28
667
348
904
108
740
432
737
992
372
105
941
589
686
830
683
578
634
348
719
782
8
243
51
562
240
398
550
183
784
301
924
574
609
284
481
137
930
592
266
438
259
756
99
486
215
310
861
72
604
222
930
544
425
453
437
748
383
765
895
969
768
240
683
524
327
359
648
103
897
192
307
240
130
449
456
194
367
50
690
953
558
359
453
256
622
846
361
586
388
487
860
394
451
422
814
344
137
151
725
331
950
259
545
812
854
308
565
956
984
164
417
855
217
318
477
610
754
849
2
805
502
319
570
308
108
563
755
118
890
44
993
64
794
465
725
326
293
903
4
333
142
249
389
635
813
824
336
177
504
432
363
157
648
836
567
926
877
479
615
236
163
24
249
512
890
656
535
500
546
548
627
330
531
13
521
762
752
802
880
663
742
156
715
599
887
725
188
540
142
23
38
16
224
943
469
193
9
946
477
11
492
28
86
639
354
919
234
328
486
784
293
427
855
646
392
541
941
506
714
882
117
146
918
504
963
554
69
640
899
747
95
38
953
806
840
187
573
792
303
799
81
7
10
896
659
429
64
602
851
727
360
968
952
712
964
849
280
537
896
962
354
967
232
679
482
708
474
158
363
988
935
517
855
475
438
236
513
425
241
807
817
461
926
237
488
993
164
258
4
651
39
761
485
176
948
807
884
983
606
20
158
198
148
623
45
473
711
920
253
702
466
530
350
444
76
766
159
616
118
208
168
506
794
548
599
865
368
336
365
992
796
427
975
875
62
726
162
84
424
390
322
576
745
454
705
452
217
46
831
71
404
910
823
456
693
780
830
210
752
163
928
494
675
791
960
14
78
572
230
50
695
901
879
900
993
767
527
936
207
54
122
299
101
443
873
849
534
349
7
26
64
519
810
270
999
591
281
629
324
575
316
959
984
820
850
566
650
186
577
626
653
121
137
720
510
234
591
557
432
291
731
847
522
946
959
519
791
158
749
911
803
47
345
250
232
570
268
817
297
367
53
700
155
831
7
838
494
400
860
112
240
62
904
609
76
745
796
381
639
197
472
505
983
219
390
259
841
214
850
696
139
538
786
832
640
982
893
872
582
970
47
184
716
857
383
171
465
157
694
22
213
358
291
153
323
939
612
790
496
783
542
853
753
328
958
985
590
260
399
214
814
372
959
630
520
873
278
273
233
22
730
942
303
159
864
573
242
27
978
512
416
370
196
484
453
93
602
78
124
553
489
718
310
252
112
601
622
770
820
251
555
389
396
933
25
175
341
356
153
857
853
419
540
801
642
340
741
923
707
687
482
876
836
243
635
998
58
43
964
872
346
120
160
87
400
784
680
310
11
710
417
444
772
485
434
98
67
989
551
318
762
770
330
507
598
692
271
849
309
751
667
970
765
527
611
120
50
470
358
669
470
173
616
736
716
473
518
97
727
678
490
0
15
327
231
70
228
398
479
3
599
433
327
534
739
527
457
179
1
845
595
315
228
964
396
188
137
112
219
58
69
247
426
8
87
569
604
697
600
764
815
97
715
169
386
457
89
597
430
261
522
887
241
900
600
780
250
294
714
641
165
165
4
72
9
457
750
856
489
674
212
328
568
762
932
742
854
836
297
74
492
567
757
92
471
439
703
822
918
189
441
852
682
405
800
916
878
950
549
764
435
895
284
633
419
981
920
623
373
110
723
886
19
244
713
27
565
389
610
858
407
316
519
66
997
884
679
732
114
341
304
558
884
480
434
410
805
1
551
648
923
542
623
227
388
560
74
961
516
578
930
513
560
682
369
934
890
594
84
612
178
924
197
532
546
217
449
457
999
210
503
185
535
341
448
316
1000
586
996
853
233
669
480
741
161
66
228
532
459
332
475
274
518
872
608
248
854
260
434
63
661
631
445
420
539
344
291
565
277
718
657
367
198
420
368
323
711
320
413
645
354
728
384
80
337
744
358
816
72
404
237
811
274
297
167
300
159
310
83
533
38
701
189
0
318
821
48
551
821
285
78
821
896
920
417
647
805
404
935
881
794
198
622
487
391
719
37
778
556
56
257
549
961
583
211
982
468
184
697
262
264
32
298
706
762
884
937
941
449
520
101
454
311
754
607
673
132
311
249
427
959
496
454
783
378
665
829
936
368
617
437
146
867
906
739
98
607
512
937
908
235
944
893
972
211
141
562
410
424
582
397
505
411
650
608
306
93
180
885
924
598
937
949
584
307
79
449
516
467
757
137
370
354
809
796
492
619
276
74
722
620
383
47
315
325
698
281
493
906
706
363
196
463
876
15
331
358
812
390
530
936
334
658
420
687
664
649
445
23
45
977
962
623
399
936
797
721
478
151
176
909
852
743
863
448
67
320
80
590
37
679
635
136
574
570
924
317
435
457
669
341
594
558
286
151
535
551
401
632
265
747
141
628
253
364
810
884
419
457
242
430
883
678
19
225
677
554
474
691
865
750
372
309
96
644
293
350
100
437
67
718
164
901
171
146
590
193
967
580
705
630
145
370
101
939
586
811
129
966
190
935
372
562
87
894
947
587
876
515
793
145
627
862
970
739
303
95
43
748
435
387
122
283
906
133
7
838
999
535
422
673
213
405
809
64
520
967
665
654
814
174
640
707
123
635
887
589
124
796
115
287
289
320
45
954
881
744
83
574
963
720
645
389
901
848
722
594
832
192
1
363
149
134
411
168
57
165
442
459
976
477
426
406
15
843
792
251
106
782
918
818
87
465
496
435
334
402
429
930
179
602
603
964
257
127
703
617
560
838
502
797
507
519
992
846
997
614
520
222
710
823
464
816
718
767
452
62
545
543
144
825
815
758
647
315
920
275
248
355
172
323
897
103
726
72
287
923
947
531
275
631
339
772
274
46
773
515
938
860
4
873
197
77
350
912
188
458
938
239
286
703
745
550
819
163
426
580
275
715
750
874
181
845
290
854
123
91
749
530
856
914
760
221
331
812
326
911
741
253
895
144
660
798
961
24
878
785
869
760
570
364
845
251
760
117
574
81
156
750
913
989
397
757
492
329
160
806
130
319
428
219
70
12
728
625
507
772
95
147
539
104
671
102
21
831
38
521
750
255
917
269
756
334
454
818
581
71
59
903
434
96
585
331
557
591
35
744
776
993
158
816
406
147
810
914
213
836
83
589
136
641
441
366
337
71
679
992
949
385
183
77
631
505
662
791
642
490
874
455
803
519
158
867
658
558
43
653
117
831
218
287
316
255
883
272
652
761
547
135
374
820
404
2
616
720
170
102
732
203
483
158
286
497
386
148
438
635
931
352
335
663
568
524
153
372
588
180
652
83
970
187
958
394
300
310
396
154
404
235
880
617
379
59
144
699
725
678
314
746
369
601
448
955
424
614
416
1
683
296
479
706
195
689
692
16
367
706
201
724
597
273
204
306
277
601
446
627
89
1
128
905
643
961
563
152
493
461
458
188
27
274
601
222
584
826
915
287
629
141
292
996
484
915
570
769
387
728
45
837
232
735
314
856
863
226
662
125
350
914
248
862
69
122
630
641
752
604
271
595
107
816
913
529
443
845
346
789
720
393
173
34
760
478
466
579
588
77
603
852
117
496
674
9
862
697
529
561
557
205
117
889
23
157
999
85
932
2
126
732
901
692
202
300
178
986
378
711
241
629
911
167
458
568
724
229
603
824
545
537
778
506
744
24
615
985
627
715
788
517
103
98
554
951
314
100
517
996
840
511
917
103
896
287
323
618
750
408
43
76
694
283
474
37
88
6
263
588
253
905
1
155
994
996
716
41
321
299
957
129
51
109
360
700
22
12
863
296
544
360
677
490
312
638
490
719
24
845
566
517
126
54
532
921
494
429
981
212
114
631
14
793
251
837
507
831
938
854
536
677
306
522
920
37
147
393
735
209
262
186
16
991
684
339
75
863
835
280
805
852
654
94
996
22
580
739
572
876
532
515
23
649
170
439
916
948
601
896
770
9
131
658
754
683
244
31
83
822
362
705
222
467
518
116
214
130
295
251
385
890
736
264
65
979
483
360
722
652
678
973
781
418
685
100
617
828
725
238
965
155
357
889
881
33
97
926
43
343
336
373
943
169
762
783
174
942
325
264
104
531
602
512
268
447
630
937
834
737
907
571
122
124
516
855
64
412
695
361
479
743
790
491
365
614
578
116
604
465
460
144
694
337
957
10
395
698
109
807
270
425
746
685
84
6
625
46
689
380
407
16
548
562
505
98
23
963
281
551
770
862
694
621
553
376
503
786
490
457
958
957
610
323
335
314
826
722
488
435
530
369
347
182
851
555
93
702
730
30
43
916
521
775
927
61
43
630
978
1000
885
411
476
121
258
367
559
491
905
317
474
119
803
252
999
543
61
880
72
130
120
769
166
319
734
678
409
927
220
352
704
450
197
121
790
795
430
557
900
248
221
367
413
245
67
146
73
949
850
521
985
427
734
655
41
652
126
896
421
64
614
73
414
439
876
610
937
589
988
395
941
405
641
313
927
97
59
7
674
210
750
999
216
565
764
894
323
225
722
287
50
674
72
135
160
165
979
622
983
32
233
486
433
679
486
753
748
723
307
816
295
642
67
656
773
825
446
580
314
985
998
638
816
985
335
580
171
687
969
271
119
555
303
50
448
45
248
895
72
545
101
752
104
937
816
806
881
363
180
899
903
189
902
354
797
448
316
608
44
427
40
883
523
777
461
151
893
33
417
821
759
516
575
263
946
645
969
424
99
436
740
7
803
993
458
552
156
522
322
508
574
625
388
447
898
831
189
890
459
817
787
556
571
3
833
518
326
812
461
122
346
183
557
421
568
604
473
576
722
255
929
926
525
477
261
911
180
220
788
219
498
902
439
520
51
311
649
375
119
831
644
278
714
473
810
123
236
86
628
859
705
952
81
355
260
389
94
152
23
160
105
899
468
31
850
520
57
110
160
669
984
425
590
42
232
522
305
439
826
534
947
182
854
928
384
538
841
559
284
523
608
385
665
615
203
472
495
424
757
109
88
0
191
295
831
972
277
546
814
907
99
552
633
1000
185
623
27
311
678
451
833
687
262
115
198
703
83
824
683
18
662
566
15
860
583
128
233
143
70
969
504
815
600
867
888
495
268
900
758
34
697
551
865
338
833
525
974
838
282
763
333
872
388
224
278
928
236
838
733
64
881
405
978
872
907
153
940
589
219
602
530
60
963
299
159
155
961
153
567
338
59
277
883
480
288
709
991
582
70
522
353
427
955
56
494
127
843
452
737
298
720
14
776
671
1000
698
48
947
694
447
511
943
110
526
662
556
751
849
175
788
155
598
435
720
559
571
49
25
382
765
811
930
112
73
369
724
503
773
625
377
665
620
211
747
499
139
173
733
794
278
468
149
937
35
300
640
516
681
774
374
12
357
561
988
360
579
688
290
38
838
276
118
366
863
991
124
17
322
990
794
678
657
88
249
426
1000
316
444
105
354
549
253
995
324
297
221
794
71
210
971
22
656
718
665
483
945
930
718
789
346
623
975
16
579
216
134
302
867
390
217
877
402
227
805
426
572
672
363
131
894
115
501
119
586
903
326
307
295
313
81
320
847
504
981
185
534
323
190
784
278
204
708
187
131
852
426
531
132
368
79
795
254
653
652
891
198
898
423
786
312
707
904
981
763
742
387
514
221
694
530
986
331
304
405
679
688
845
804
320
926
613
298
494
225
957
89
64
683
623
848
105
821
441
511
585
30
652
907
218
658
579
58
66
713
712
820
822
996
643
928
563
713
173
108
408
722
195
778
225
521
141
789
26
784
352
700
194
648
528
469
970
214
506
514
985
894
116
861
685
307
198
328
312
605
469
90
266
359
8
414
3
153
143
428
264
727
981
461
