301
82
626
546
790
585
263
703
33
238
704
825
673
660
963
324
920
294
117
450
756
78
542
933
318
531
868
920
432
879
64
25
812
741
364
147
413
144
138
465
133
568
926
272
42
528
483
732
599
658
316
867
283
712
591
719
520
675
335
495
80
957
235
589
125
108
447
554
667
708
70
190
573
423
21
636
736
55
689
736
647
855
642
522
228
290
324
417
535
58
816
899
540
564
460
931
60
543
949
485
310
415
792
845
224
833
862
405
819
11
413
10
926
931
259
948
514
422
997
856
677
868
355
771
179
481
163
233
463
62
452
952
656
496
34
539
61
352
771
918
583
280
838
192
362
528
463
293
518
152
231
817
522
767
239
746
638
853
567
656
751
80
343
962
25
15
49
472
600
919
905
401
930
316
455
253
958
359
10
670
87
424
408
1
97
180
965
512
845
974
606
709
503
81
106
564
810
78
275
0
254
935
203
212
119
324
579
529
754
545
638
166
688
628
547
589
114
36
288
118
8
989
257
1000
31
339
743
545
102
542
960
986
883
287
157
782
594
504
615
102
273
898
846
175
414
217
947
355
183
956
201
733
673
244
670
75
722
197
27
978
869
674
170
413
246
411
98
934
99
769
169
586
458
508
620
308
704
261
745
595
908
159
211
518
569
106
125
127
658
185
451
997
459
126
294
256
649
763
618
595
899
487
37
991
431
253
786
303
274
885
98
996
21
702
762
848
661
473
676
490
954
117
717
25
621
564
423
17
185
190
694
244
256
442
700
163
305
240
843
770
962
596
847
732
607
89
558
120
605
857
984
246
940
2
446
970
826
319
501
519
520
84
302
824
524
423
468
761
852
910
594
11
760
437
571
227
451
554
180
327
119
413
767
444
144
430
501
786
242
187
828
367
900
579
388
517
46
435
95
475
405
220
593
447
910
940
539
335
85
315
687
893
10
985
103
154
102
547
750
918
440
610
117
434
955
503
47
857
847
433
299
519
75
128
671
925
451
137
665
427
772
646
802
554
843
108
466
510
911
410
145
818
821
165
914
106
407
820
839
846
481
926
105
398
92
723
42
315
420
883
102
497
100
456
384
417
318
877
233
869
991
682
516
457
486
741
197
383
80
193
599
938
193
130
828
262
701
173
559
165
367
96
997
315
53
878
179
808
30
943
789
193
150
568
810
859
103
473
560
174
227
952
958
673
353
589
23
496
130
483
881
796
485
571
509
576
81
793
987
36
199
81
0
422
404
270
389
822
544
868
945
727
700
468
702
771
879
770
883
967
493
222
366
412
578
148
114
790
747
673
952
983
931
181
265
24
705
764
436
39
950
507
333
572
316
371
840
15
120
961
803
176
503
236
234
92
924
96
707
597
252
227
574
134
589
118
477
910
500
819
946
654
130
82
770
840
495
275
334
732
663
285
839
164
112
570
954
197
575
159
885
850
158
56
532
578
569
417
753
355
916
936
228
736
71
358
243
406
557
294
893
753
772
810
689
356
824
227
906
117
123
64
927
43
975
129
150
805
149
27
911
447
941
789
400
143
710
40
171
753
460
81
13
147
874
24
723
291
179
255
414
717
566
840
564
966
908
993
933
942
214
394
154
906
131
220
161
252
766
848
319
65
372
91
424
645
932
899
784
801
341
74
606
907
421
728
424
42
761
900
878
883
328
617
651
679
870
796
656
130
214
366
140
176
978
123
958
830
328
668
520
237
210
123
699
607
442
921
738
934
229
775
579
450
251
495
799
146
375
723
510
872
164
866
555
197
410
990
741
808
481
779
731
945
689
524
936
32
74
256
996
285
747
975
346
735
329
336
648
476
995
330
342
978
449
498
257
714
348
265
408
803
445
698
709
695
498
559
658
544
413
239
81
335
23
417
684
122
710
164
477
865
42
181
573
468
182
395
118
738
298
536
748
191
8
94
799
721
198
836
43
895
307
715
397
226
759
542
829
523
720
864
157
980
51
966
996
592
163
478
130
528
529
715
251
637
606
55
466
387
360
434
861
41
806
963
230
66
99
16
757
506
595
617
451
411
7
778
901
725
360
875
709
152
496
597
118
184
620
968
242
631
600
493
1000
19
124
918
507
621
910
780
821
551
856
703
520
962
734
808
479
636
736
28
238
401
412
222
154
251
898
683
336
565
834
245
836
206
985
317
400
26
167
550
929
149
838
906
99
954
171
594
680
163
706
718
823
971
106
296
45
936
685
651
866
409
459
256
773
775
836
853
99
70
557
413
833
509
786
685
710
333
979
503
551
210
827
792
592
145
475
354
89
788
214
371
73
709
698
96
702
872
239
763
802
36
622
922
289
592
938
172
438
150
68
596
6
479
125
443
887
155
444
302
321
798
235
294
307
633
806
889
869
283
30
585
687
270
541
676
349
642
656
309
566
618
395
82
771
683
473
488
897
324
247
495
114
851
661
932
998
345
918
863
464
737
580
875
570
284
668
596
983
14
715
389
78
810
698
110
104
385
555
163
903
411
416
822
23
701
126
530
640
878
649
733
754
882
942
377
663
20
276
0
909
485
138
297
84
565
424
475
916
112
534
223
182
807
400
619
782
387
294
785
138
486
729
617
446
684
836
148
55
587
529
563
257
955
421
281
92
676
532
340
647
964
902
497
349
153
125
812
337
145
242
964
411
504
729
979
231
974
867
960
444
19
791
324
608
130
886
911
451
219
719
953
442
644
824
93
406
640
367
409
445
542
759
588
616
193
177
493
319
616
326
791
916
213
915
982
350
372
385
561
526
516
407
145
508
435
298
682
240
414
829
495
470
593
946
261
64
479
988
462
816
459
20
585
10
556
310
410
884
45
809
489
89
159
268
731
575
593
898
653
289
766
568
706
449
58
836
252
19
550
918
562
215
525
326
263
141
142
883
857
637
112
863
156
926
219
941
456
813
158
381
703
501
480
221
862
293
794
205
934
658
448
171
670
713
268
788
10
204
52
89
665
110
178
138
98
818
192
872
120
892
461
713
230
748
657
811
658
630
52
886
951
64
777
638
522
793
469
296
359
15
767
943
795
329
468
131
192
279
519
307
852
412
257
660
882
356
176
133
760
317
452
918
113
145
461
876
966
296
202
206
602
872
386
805
277
491
21
546
802
619
621
824
455
366
368
617
512
407
139
61
425
581
738
802
52
906
480
368
122
430
265
112
479
251
419
50
499
7
695
620
842
299
834
601
231
346
678
905
681
749
95
138
81
301
283
993
84
66
759
1
557
424
91
158
630
502
601
700
748
750
723
782
955
485
272
541
141
438
406
361
936
727
720
223
272
656
793
854
422
550
569
630
861
928
196
995
309
881
226
771
542
762
308
546
338
616
99
328
426
853
608
133
447
192
767
931
417
832
3
900
554
193
647
416
70
613
276
357
529
746
807
965
734
742
54
655
937
301
970
695
522
978
971
386
703
655
375
337
72
415
298
973
458
801
96
762
901
64
271
903
196
485
773
456
118
379
997
84
942
928
128
967
802
204
241
793
991
853
137
351
666
633
196
733
357
909
748
249
152
509
873
388
877
995
519
721
639
830
986
454
467
761
736
476
100
23
133
840
601
607
240
837
351
26
460
196
969
162
727
237
759
83
445
494
630
667
335
166
433
139
275
373
814
75
732
452
867
544
204
233
662
140
505
463
722
668
812
53
1000
661
954
417
979
427
320
977
671
712
67
484
463
869
525
433
111
786
182
296
12
773
873
907
638
82
339
284
707
195
304
736
479
765
7
488
263
420
887
611
178
135
884
866
325
540
815
27
129
230
522
188
197
665
611
960
464
258
533
539
163
650
880
631
247
183
103
697
976
828
757
477
961
959
286
520
713
274
185
658
632
178
492
634
354
188
831
86
133
515
548
677
307
398
599
240
528
586
299
239
520
675
584
878
520
940
457
269
787
419
580
892
817
672
680
168
889
645
640
764
314
473
335
83
500
951
873
6
808
314
26
138
317
147
518
321
710
785
619
182
225
290
196
955
749
103
758
520
363
437
22
847
391
643
258
149
885
151
793
470
703
817
999
557
588
835
442
158
919
815
653
970
948
115
938
530
24
721
689
844
971
427
827
80
258
222
834
476
965
298
958
896
445
770
827
337
657
16
94
505
515
617
409
799
970
104
918
253
504
542
736
906
937
674
534
875
617
276
135
349
922
167
114
140
119
689
864
73
271
415
349
364
805
963
317
530
292
990
64
107
784
449
765
158
766
857
46
220
544
295
775
703
550
859
236
912
63
265
879
384
720
53
994
473
263
709
75
519
600
8
814
693
743
978
384
537
79
955
325
187
827
658
519
166
366
470
937
896
27
385
791
718
713
508
512
417
982
424
242
370
781
287
759
519
30
657
761
929
454
763
231
339
908
24
25
202
876
292
235
78
708
430
382
600
308
927
231
60
620
333
26
0
538
432
336
214
984
605
822
790
215
595
255
3
173
45
198
540
94
210
984
593
736
155
271
877
889
307
515
61
193
983
114
619
371
330
773
222
786
244
837
175
318
117
185
397
835
56
601
26
777
949
24
326
968
629
981
300
579
478
318
559
693
866
953
763
291
92
914
979
834
804
527
870
766
525
245
658
911
78
807
961
414
958
237
461
0
676
193
273
838
309
173
731
517
275
216
535
29
31
189
488
686
939
996
79
870
852
601
177
649
848
634
201
281
25
416
497
605
802
792
866
913
336
572
542
708
733
185
794
864
9
621
610
191
321
303
396
968
378
895
613
844
951
82
1
980
883
340
423
831
332
840
951
904
148
524
645
585
892
517
481
370
658
72
279
19
393
946
161
92
831
508
403
684
99
555
71
110
311
267
625
935
377
650
16
57
230
957
267
280
254
1
88
207
994
811
192
30
515
16
289
426
273
963
781
118
705
822
237
562
237
112
977
848
282
335
866
858
844
865
859
391
171
817
688
276
795
671
700
202
639
315
416
758
728
636
496
276
169
832
991
266
546
161
696
958
487
683
397
114
41
446
609
985
780
664
507
871
489
560
832
271
764
328
807
405
84
901
2
530
506
418
918
499
29
531
810
116
302
65
827
534
440
966
167
386
401
528
19
587
227
69
534
450
53
535
304
633
568
485
737
379
715
846
720
294
639
928
941
168
711
830
124
115
300
579
3
365
23
537
861
639
703
946
870
75
997
907
391
929
95
714
11
921
86
692
554
217
141
736
294
786
961
788
416
64
522
494
404
526
859
375
657
633
889
962
335
967
506
333
206
92
629
800
262
352
214
172
363
923
218
74
877
665
276
464
62
603
582
625
750
673
173
539
367
980
773
63
273
122
200
825
514
617
200
149
383
73
888
2
550
183
960
140
304
598
371
351
403
633
654
869
565
459
229
718
429
630
516
988
968
793
524
103
970
66
839
237
781
464
600
464
642
364
400
245
718
701
621
302
959
757
592
189
160
61
723
808
791
957
687
676
503
415
512
42
676
294
786
417
64
105
766
55
480
872
265
798
124
606
118
825
966
856
428
79
679
668
406
941
997
255
25
408
694
74
784
785
305
141
907
679
970
752
888
465
950
58
413
903
185
812
853
809
758
722
701
284
168
476
811
193
255
698
341
69
957
736
941
903
376
633
113
200
896
709
597
426
40
974
395
292
71
208
952
178
981
504
421
109
925
386
895
255
788
255
975
259
952
367
135
389
48
318
507
704
469
910
962
609
607
17
557
112
167
181
323
436
441
80
390
847
513
533
628
236
667
603
79
563
51
375
769
816
868
893
509
934
355
876
328
491
783
30
958
19
346
922
439
15
497
337
405
984
866
577
916
838
568
329
874
780
878
808
527
887
75
906
954
233
749
900
151
748
752
803
572
938
38
939
734
708
739
319
643
641
962
63
679
371
360
765
831
865
3
173
722
461
913
99
755
659
917
778
412
477
350
52
361
115
907
902
621
944
521
134
363
673
347
679
311
713
746
525
843
951
331
574
79
69
539
890
756
624
392
885
916
209
763
463
384
91
422
386
40
752
787
700
443
115
28
87
375
915
175
151
395
641
665
276
409
542
491
853
37
375
491
484
447
340
529
937
155
894
380
136
935
868
746
804
42
281
474
113
205
939
43
873
276
83
15
52
225
790
84
447
44
300
312
952
356
868
908
915
84
536
945
662
82
766
284
78
673
111
491
571
315
98
483
707
2
911
183
44
951
580
67
547
290
679
995
522
402
940
376
957
274
480
616
987
923
558
363
471
671
758
584
409
790
171
269
715
422
964
936
982
938
742
443
93
743
421
185
832
484
350
830
839
89
30
857
539
417
772
829
711
556
846
940
158
737
113
223
78
646
192
565
738
995
573
243
554
93
130
904
350
250
356
373
927
506
329
675
376
384
397
612
438
456
729
416
699
159
841
832
655
405
484
897
1000
735
578
290
702
37
119
356
349
957
229
988
212
692
15
42
62
440
468
446
583
284
858
351
757
716
763
413
396
837
715
867
548
297
793
925
836
785
160
61
764
281
112
62
995
511
875
256
261
847
350
187
276
371
560
661
846
201
370
599
997
18
238
237
925
300
836
313
831
525
137
675
868
262
329
489
792
682
848
711
256
194
538
477
770
138
675
303
502
313
838
763
69
41
989
914
811
430
305
109
725
568
251
513
229
150
844
143
253
552
312
392
50
314
395
928
612
980
153
937
269
177
109
719
765
487
288
76
717
122
983
731
372
782
495
926
561
399
469
327
474
693
421
640
218
357
537
362
609
948
333
713
798
417
452
65
390
156
671
147
697
893
582
915
491
766
146
677
416
477
634
551
202
42
271
15
16
39
120
799
944
696
507
825
990
630
666
183
586
949
913
773
924
348
311
129
818
402
498
384
252
510
429
966
117
914
105
214
778
81
877
241
359
881
593
707
872
889
236
200
122
115
78
188
53
759
79
736
442
504
765
552
465
26
835
945
276
7
365
643
826
93
101
948
294
300
986
309
543
272
105
480
119
247
702
690
787
50
31
970
358
439
252
945
332
126
632
844
386
480
935
777
492
31
663
835
321
227
307
65
185
333
494
522
987
971
42
79
452
528
388
305
437
673
896
23
46
695
967
149
701
69
548
836
522
454
944
128
415
282
519
372
177
572
112
551
885
484
33
879
832
613
359
954
815
580
27
752
177
763
489
380
2
850
585
53
4
562
881
369
954
411
768
886
692
977
759
949
5
472
534
258
886
3
220
47
291
156
317
232
637
712
266
363
794
223
207
255
186
18
597
545
826
395
133
527
793
286
137
935
299
642
894
784
343
902
590
813
611
573
942
924
614
761
738
711
918
924
494
668
460
125
577
221
152
642
874
619
598
249
707
415
932
894
824
1
416
87
709
833
376
742
764
612
730
241
526
485
836
580
829
328
322
987
205
943
818
165
500
182
985
661
174
223
273
340
37
887
41
835
102
792
412
681
146
628
576
972
54
518
743
993
86
379
210
636
246
377
367
785
487
81
184
535
724
789
277
292
19
821
727
572
125
748
904
872
957
816
596
930
134
857
147
769
202
348
222
615
321
571
870
267
10
482
979
839
626
759
558
965
229
949
96
245
419
663
229
812
555
553
812
679
358
901
493
373
854
287
273
506
639
664
902
444
436
77
4
942
214
723
685
781
504
118
145
23
544
791
728
632
631
381
267
353
502
827
726
876
873
883
626
292
969
187
154
505
150
824
742
82
852
738
764
669
456
848
45
277
691
687
816
439
353
706
150
918
427
7
384
794
937
819
238
745
56
474
914
463
206
476
638
607
280
92
26
469
220
889
509
710
484
791
547
517
61
679
651
653
227
351
939
588
237
642
71
348
12
287
36
648
153
201
476
610
783
168
174
816
495
832
439
494
43
621
39
371
521
928
801
651
913
362
62
505
417
866
72
859
988
173
428
605
79
413
479
569
32
136
175
402
903
775
367
252
665
580
604
338
898
870
349
244
28
93
810
118
211
507
735
608
732
405
554
725
800
796
550
110
113
966
459
719
203
923
676
431
817
554
542
783
640
172
462
974
641
54
302
114
185
274
347
926
702
152
596
714
811
949
154
236
163
334
736
341
151
533
313
869
749
462
648
702
960
362
227
762
223
499
505
855
957
139
812
842
410
809
598
369
282
956
2
196
628
637
309
439
847
943
786
362
532
498
670
516
860
211
582
319
836
807
898
154
126
38
277
624
71
965
99
184
161
927
571
479
768
36
385
262
576
897
845
804
43
230
556
22
838
318
440
396
70
301
281
959
935
301
808
923
553
108
337
711
218
188
172
320
799
471
801
997
27
681
33
173
548
576
597
8
389
582
633
769
502
244
443
938
906
739
917
307
30
838
294
862
993
700
78
799
129
256
622
180
443
654
382
595
613
247
334
382
487
54
356
708
226
512
620
625
183
454
649
533
520
899
931
433
645
80
942
188
830
132
875
498
844
792
352
891
748
720
495
360
644
222
108
818
744
313
272
334
104
396
358
3
476
769
189
851
928
197
620
197
957
654
284
621
450
706
121
951
668
256
313
248
526
846
516
181
59
708
619
554
363
813
598
465
588
322
862
134
315
799
183
938
387
378
210
942
838
321
227
394
752
682
428
332
288
207
144
144
956
989
284
814
558
493
702
201
240
193
922
498
36
224
585
808
90
677
328
952
192
200
315
598
842
999
526
765
855
29
530
481
751
610
304
998
444
268
115
831
870
892
483
236
68
506
255
851
154
751
915
161
922
369
839
756
932
780
987
286
354
261
479
458
610
353
255
149
886
529
27
582
111
772
326
979
738
563
591
700
562
353
875
616
725
458
398
948
649
37
179
838
601
184
880
154
678
554
773
574
672
282
552
436
902
603
752
9
619
629
388
646
431
111
70
677
234
332
954
606
189
837
948
333
465
805
360
943
870
923
533
746
929
715
430
493
900
169
137
511
518
326
176
447
988
191
441
568
873
624
602
555
994
211
467
807
909
293
45
413
17
174
401
771
597
441
724
785
202
389
864
636
546
38
720
322
218
862
113
485
293
600
820
940
412
882
254
159
192
40
872
995
207
829
79
824
231
431
34
585
666
536
708
621
562
620
740
450
818
791
114
853
504
141
920
134
16
476
619
481
475
921
194
785
27
498
239
930
406
376
537
386
467
369
793
371
795
752
72
399
645
534
939
673
282
127
246
285
438
24
899
967
652
900
616
967
922
672
247
643
747
530
935
453
734
788
995
817
889
664
37
581
678
710
972
694
385
203
482
981
502
405
812
134
935
862
622
920
384
194
166
976
819
325
234
424
400
193
196
457
318
278
518
912
883
226
844
930
42
127
711
82
722
321
686
659
194
92
436
686
688
674
345
581
980
858
164
529
12
873
285
284
760
917
392
211
529
657
888
183
792
675
28
535
508
926
164
850
327
224
3
706
569
246
565
45
853
51
699
318
380
787
466
535
385
586
491
287
27
85
958
781
489
307
198
445
238
434
689
963
39
942
514
802
298
944
444
28
723
602
243
168
809
373
748
246
185
9
557
340
615
562
858
782
498
350
741
393
119
742
211
749
876
285
315
226
961
426
896
495
952
855
992
487
50
275
502
264
395
111
463
331
81
572
584
935
222
583
776
707
981
301
760
546
59
92
703
754
646
468
770
436
572
51
718
651
418
679
851
490
429
447
886
847
628
803
307
811
479
301
625
886
852
431
570
280
890
589
74
71
380
243
735
960
101
290
703
327
883
878
258
967
394
931
348
699
759
530
953
747
423
728
14
855
68
637
641
892
1000
589
813
483
191
120
441
640
181
344
395
617
98
14
61
729
684
683
199
150
114
756
296
455
583
812
569
543
130
560
279
649
635
572
174
564
318
336
299
801
815
40
595
462
694
896
467
818
698
373
456
603
690
591
129
438
293
16
781
578
239
286
30
924
704
269
117
404
927
479
666
693
135
878
655
664
599
703
124
503
900
843
515
415
148
306
650
451
687
572
135
243
790
857
511
482
166
113
152
726
537
511
309
507
869
339
472
669
7
618
439
697
795
50
799
636
180
278
443
207
94
822
730
433
350
777
577
938
188
125
768
528
255
200
693
521
256
730
640
737
978
508
206
765
629
215
526
167
158
423
307
933
685
571
150
167
974
886
141
518
775
781
370
903
186
112
946
54
966
955
256
487
513
515
331
891
954
191
585
652
671
951
107
511
713
245
517
304
138
799
798
137
903
709
388
765
707
666
771
100
73
878
301
19
353
488
268
137
466
604
612
75
228
505
754
24
360
709
778
208
634
24
722
174
409
123
470
527
627
799
541
886
637
228
822
108
339
104
121
991
52
607
36
594
387
763
500
260
302
871
384
700
456
672
877
989
482
251
71
265
584
504
112
774
234
478
771
736
565
156
26
92
561
696
292
579
918
211
387
331
445
529
467
770
597
728
893
624
468
596
886
354
902
896
338
624
394
513
547
756
369
635
768
221
120
398
375
920
706
25
696
18
410
555
372
293
217
865
661
106
391
630
848
380
172
830
73
201
852
23
851
322
640
888
677
211
490
553
664
104
640
477
367
942
749
82
594
500
159
657
717
485
35
961
667
32
494
673
975
534
943
37
224
189
960
157
521
743
386
107
791
320
226
839
126
516
885
298
997
977
73
888
601
427
50
890
839
724
27
261
387
734
993
933
648
594
836
783
10
322
481
175
282
107
468
993
641
91
605
798
614
716
300
794
159
419
541
621
396
295
49
507
807
128
614
97
685
368
483
331
103
122
841
725
631
625
422
759
350
859
56
226
611
743
380
601
400
602
758
476
21
381
390
992
652
590
469
261
134
805
102
588
314
744
346
376
364
302
99
778
698
558
258
625
603
83
357
453
186
419
997
247
28
261
260
538
297
149
320
441
142
154
772
57
543
967
915
794
882
219
134
236
832
602
937
543
796
638
677
629
272
419
724
987
708
162
59
235
939
214
247
248
865
104
923
78
558
678
330
988
619
186
287
538
572
288
959
343
612
675
534
183
38
144
80
764
258
59
969
720
160
378
903
174
787
113
168
686
976
317
279
503
442
550
710
302
423
17
954
526
167
163
541
979
818
791
729
648
260
914
982
28
642
512
999
656
675
491
296
597
33
956
467
112
163
521
949
23
279
588
644
79
471
239
90
657
187
520
985
854
740
834
336
516
849
711
961
418
35
349
8
603
378
86
837
680
673
601
968
510
500
985
424
143
33
381
617
805
171
892
953
506
821
829
840
765
803
646
448
470
620
698
310
165
218
523
397
592
323
230
298
774
566
477
140
86
62
484
172
264
61
791
637
49
631
57
807
667
200
884
878
859
154
713
249
909
385
831
490
889
578
721
682
104
429
218
454
886
478
913
475
384
940
298
566
477
901
66
450
569
891
368
638
942
270
103
347
541
918
853
576
624
69
993
231
232
297
434
681
175
543
587
254
995
943
560
952
824
641
32
654
236
933
925
38
917
738
201
103
196
27
835
509
324
334
273
945
422
275
343
1
949
605
888
424
172
324
390
488
285
475
750
719
773
900
585
718
772
422
726
728
77
125
460
850
337
165
149
459
531
33
450
282
663
955
812
25
933
378
310
41
983
730
142
291
335
500
854
927
726
69
460
442
686
741
152
307
908
784
550
126
457
834
579
126
584
9
563
691
33
658
801
753
77
422
476
233
670
339
704
593
385
758
153
152
188
336
618
282
140
205
345
551
504
542
906
26
917
233
666
971
737
243
931
563
187
569
708
661
778
954
547
195
948
289
392
718
19
676
55
628
203
433
523
969
518
345
848
90
385
880
344
607
862
576
855
184
492
855
303
960
687
124
59
441
520
217
507
726
661
967
163
846
701
278
468
549
402
577
626
905
575
236
537
217
395
444
807
912
109
398
569
468
6
104
598
968
986
868
973
942
277
846
488
69
150
403
694
588
474
833
598
4
110
171
417
167
640
547
550
998
779
368
993
364
896
19
739
734
194
268
120
903
1
79
821
167
842
836
763
237
402
368
530
941
147
397
750
1
734
413
737
307
636
463
285
200
425
559
707
346
221
786
126
523
262
372
308
149
246
642
741
622
869
246
142
10
965
395
391
403
75
748
897
59
814
148
943
308
391
831
591
895
206
273
927
400
70
498
449
230
88
657
815
841
617
904
93
902
879
522
397
401
651
84
501
443
571
927
473
791
27
587
736
514
314
757
115
102
787
357
583
284
369
294
211
535
779
690
0
750
890
111
197
380
965
958
163
444
369
794
193
442
336
674
434
827
854
197
613
393
473
66
702
203
977
138
663
689
415
412
64
769
667
691
842
267
136
112
797
166
991
987
327
229
137
900
21
976
203
663
764
485
61
524
128
557
288
100
729
807
800
328
522
1
379
130
993
879
520
901
817
728
111
574
5
314
185
319
684
263
356
819
954
385
380
404
238
548
993
262
437
172
406
53
7
193
971
765
773
19
940
202
783
522
778
629
390
431
430
685
78
585
924
299
302
22
944
342
853
219
451
882
835
608
153
480
611
806
551
759
774
276
117
319
725
79
161
791
647
591
886
109
872
741
245
884
38
464
762
841
401
877
499
288
80
964
795
152
879
657
737
219
981
943
719
901
433
248
896
631
493
383
460
284
645
88
440
25
489
26
158
990
754
264
263
564
408
884
206
586
103
0
216
122
933
679
376
757
290
94
538
644
806
263
946
605
915
908
795
193
407
57
765
158
92
821
283
925
112
313
133
244
633
73
932
800
21
135
929
560
746
351
217
660
250
182
14
291
235
29
688
6
33
361
212
551
97
128
134
681
580
962
615
502
741
552
750
264
508
708
894
815
360
434
315
331
93
703
90
782
758
293
383
69
900
853
327
836
887
847
538
240
628
956
756
866
851
87
340
929
532
956
438
723
979
763
934
519
215
821
936
387
164
551
65
653
881
767
850
759
101
405
934
444
691
707
873
16
729
539
127
931
378
449
143
619
748
34
605
626
241
587
149
880
678
65
826
494
884
912
94
259
689
277
968
381
322
418
183
41
13
538
628
505
217
230
591
843
240
651
889
325
487
782
901
195
194
0
531
574
74
631
462
600
6
456
321
580
11
691
238
270
561
485
83
238
382
706
439
486
13
623
996
411
364
839
705
812
51
283
237
6
624
142
838
972
613
941
886
571
489
644
793
715
423
366
235
947
103
970
387
157
56
445
344
974
698
894
480
635
71
558
129
882
405
929
655
413
17
456
696
557
761
736
345
738
641
763
784
922
948
872
195
774
574
803
155
400
866
336
429
819
139
363
606
103
715
234
866
811
729
494
648
865
251
931
148
0
244
486
682
902
193
466
797
845
13
146
204
504
510
184
119
420
679
938
175
352
110
698
702
107
176
901
928
473
737
609
511
242
247
316
461
884
501
719
206
452
770
237
341
776
605
188
930
529
675
387
47
415
676
942
893
878
530
245
222
944
454
547
662
774
883
960
293
639
216
82
657
720
869
664
548
289
69
503
373
882
884
479
548
972
677
830
747
1000
327
427
578
475
174
717
836
315
887
494
276
408
833
888
914
60
788
314
962
15
25
169
515
47
636
457
979
999
601
161
756
578
134
720
690
603
515
796
779
478
992
983
898
303
92
39
387
739
470
338
323
812
296
247
408
758
575
878
75
805
255
910
604
476
593
7
638
409
708
559
182
326
319
932
105
974
404
366
654
123
521
872
160
773
5
895
746
353
734
313
462
292
810
463
422
897
34
420
953
994
902
339
666
285
260
831
330
622
759
588
126
434
952
782
44
72
826
520
519
9
536
64
43
868
802
492
510
852
261
134
158
477
184
406
467
283
823
397
439
233
591
715
742
549
391
131
572
325
187
566
298
129
38
329
967
890
798
663
445
315
740
513
241
48
314
392
755
290
613
525
802
836
134
966
316
970
450
506
73
435
364
193
93
656
852
624
35
842
936
903
367
454
3
300
0
430
567
508
226
12
948
509
39
398
74
200
657
594
723
956
708
1
22
41
424
27
600
449
233
87
664
27
940
784
244
395
315
608
153
404
128
284
883
888
232
302
949
638
249
811
32
482
340
569
228
352
971
475
100
810
22
516
896
440
763
409
750
674
602
741
558
706
883
777
654
319
370
475
152
980
100
571
977
856
934
666
994
788
920
205
640
402
410
937
134
85
73
777
232
37
863
80
678
915
997
393
978
234
564
60
536
804
637
780
745
636
701
587
414
487
308
3
967
796
474
439
262
283
694
636
792
211
706
2
810
503
915
49
411
894
426
417
863
374
281
359
517
298
9
963
783
321
577
156
903
19
112
246
721
836
515
188
907
758
413
778
904
798
273
84
816
620
950
715
2
615
480
519
269
746
21
158
289
864
338
195
576
402
476
837
307
83
445
834
624
190
101
595
985
237
84
695
712
297
343
966
639
793
63
380
248
661
172
953
207
285
473
989
751
7
73
207
534
758
66
812
871
15
582
395
943
524
565
720
688
409
795
440
940
178
262
651
93
436
878
223
107
462
349
759
373
943
242
444
392
112
92
950
845
537
437
210
460
691
195
611
159
135
234
228
262
457
101
804
461
61
630
248
943
475
470
254
89
969
112
460
501
935
960
893
714
438
8
889
545
288
739
771
525
758
285
205
958
625
77
378
546
345
590
547
61
900
283
724
773
78
797
489
176
9
679
441
696
979
942
828
226
932
58
608
584
361
787
761
240
167
958
350
657
288
667
307
650
494
914
92
225
7
316
89
206
49
931
455
632
175
449
143
23
501
623
431
857
502
934
720
71
271
84
142
612
418
201
410
889
552
142
241
759
118
335
347
95
216
698
36
317
663
715
265
529
580
255
725
111
484
918
844
181
333
960
728
82
155
813
727
479
487
498
510
556
447
25
297
489
600
13
492
449
771
541
935
87
194
966
719
254
909
395
742
146
994
848
798
989
896
67
490
154
976
536
982
652
21
981
48
762
941
791
865
2
188
84
374
764
299
157
514
780
330
429
405
173
69
343
661
889
681
241
57
391
714
571
101
372
365
200
67
317
806
11
195
42
804
757
99
414
718
54
787
861
811
270
876
617
595
124
466
554
95
626
673
978
246
708
592
276
818
525
763
767
975
207
632
416
463
497
623
795
332
247
737
176
213
756
14
556
196
645
536
488
775
700
915
850
516
68
11
609
598
260
849
834
523
163
618
394
748
863
586
755
132
521
396
809
624
414
399
667
471
306
287
650
877
804
960
110
772
181
869
769
572
858
977
299
717
282
384
736
303
629
356
363
990
35
394
671
235
167
751
81
19
731
798
613
796
520
982
235
790
950
592
313
826
599
948
175
241
715
687
758
652
370
466
969
801
717
913
492
263
869
150
285
234
316
288
112
520
251
314
483
531
801
404
194
326
764
808
597
220
756
385
375
288
39
283
741
663
623
32
766
183
427
422
697
625
234
650
250
349
879
680
289
252
497
144
515
981
334
877
476
227
249
510
518
186
780
95
723
612
713
315
468
584
800
311
981
25
181
41
307
290
516
827
902
26
745
185
861
242
907
898
420
600
113
816
424
329
670
500
878
837
759
104
705
3
972
39
52
253
377
186
840
334
518
343
384
145
550
164
192
127
170
852
462
708
881
0
86
407
310
121
384
37
350
384
173
671
706
979
192
846
799
611
593
128
363
289
481
907
371
227
71
67
843
631
735
792
435
958
857
965
908
364
882
735
586
834
821
945
169
896
648
844
481
385
497
417
566
464
652
809
806
84
776
816
383
632
108
567
775
828
36
471
963
179
912
747
970
598
20
971
6
184
684
47
282
832
131
267
151
169
516
423
628
494
915
571
272
959
110
131
289
821
691
732
609
672
38
517
401
5
737
613
750
583
678
265
294
309
0
18
926
456
511
852
867
123
46
183
75
19
529
957
742
881
333
411
922
537
597
779
362
972
529
917
90
307
171
706
811
55
726
469
445
511
268
541
295
424
654
534
232
440
201
397
564
592
530
550
544
37
858
975
821
948
909
773
743
934
20
549
406
985
998
365
135
511
645
547
57
86
549
128
307
559
973
856
127
820
119
126
152
636
28
607
789
577
426
822
230
449
829
84
165
426
579
776
67
859
78
391
166
19
564
368
664
566
366
88
78
895
767
440
193
240
122
153
688
961
280
254
903
543
678
888
61
183
531
352
286
901
900
202
114
771
914
639
696
639
898
216
90
126
925
814
102
51
303
724
34
962
604
28
336
859
572
622
176
666
619
119
357
327
283
146
986
858
791
590
863
295
931
96
768
579
398
294
49
326
240
610
610
3
99
913
783
551
989
46
563
975
450
339
757
39
705
726
51
427
18
325
438
140
792
800
527
653
419
464
518
964
832
31
971
363
887
505
414
344
739
732
612
598
209
532
785
220
232
466
551
688
830
941
865
828
902
279
390
914
965
923
802
378
65
761
919
386
141
717
715
674
27
76
64
394
118
584
13
650
954
369
632
61
372
44
213
459
631
36
540
632
771
307
146
818
385
988
506
656
461
827
600
537
670
160
676
573
493
514
694
668
337
658
822
372
601
771
876
207
323
299
31
374
245
670
431
512
521
639
340
588
27
87
44
480
459
478
580
289
602
330
630
909
764
604
678
21
430
886
6
961
118
152
44
358
606
712
421
585
518
264
83
292
378
408
465
63
788
430
31
339
274
655
235
768
601
809
432
665
156
687
311
276
287
109
351
412
912
742
92
568
774
685
187
52
177
655
128
915
151
894
96
515
651
752
546
941
525
431
919
984
136
164
158
434
422
185
18
551
40
962
298
958
283
994
428
278
893
238
102
257
848
912
289
795
926
696
747
690
709
614
721
149
937
339
325
43
434
600
304
560
536
201
765
102
236
80
755
42
555
597
239
847
141
855
976
809
308
323
866
749
906
623
160
286
969
248
185
392
483
2
830
516
894
467
297
194
183
969
402
741
652
68
182
957
589
883
438
84
243
975
263
113
267
378
219
825
968
313
272
868
90
225
24
654
456
352
902
531
613
590
737
669
286
776
878
762
769
512
371
764
216
703
53
527
226
343
385
68
737
835
941
113
423
189
109
482
247
615
79
962
460
724
268
699
606
198
318
285
289
938
710
683
988
431
394
128
73
463
189
862
362
287
710
161
990
718
666
245
653
56
339
688
897
447
512
272
624
718
249
651
232
558
352
631
766
688
74
109
23
617
256
835
462
704
964
999
702
261
141
269
899
110
604
8
920
662
835
165
454
781
130
965
229
725
915
469
903
402
390
754
279
346
832
397
783
512
11
21
532
499
231
522
499
362
572
558
447
875
746
833
81
544
248
82
667
467
337
825
654
384
899
703
789
17
236
377
221
95
811
764
906
816
836
69
450
820
263
143
492
825
342
308
337
412
584
785
446
379
825
627
896
58
307
603
657
344
306
376
882
574
209
67
702
463
656
938
694
278
680
517
842
80
291
90
370
884
892
494
647
260
532
340
334
677
720
973
977
815
354
32
362
13
432
737
27
944
860
152
368
894
208
452
199
282
358
330
104
676
167
208
756
876
299
64
618
996
1000
985
194
870
37
32
888
100
824
785
891
881
547
374
14
524
178
620
538
939
253
828
117
908
557
871
608
829
359
343
945
158
355
649
607
8
555
840
943
739
178
398
245
589
509
859
941
204
27
345
283
90
123
553
0
621
898
728
110
654
7
909
495
227
761
173
339
36
974
565
427
414
841
517
552
230
50
837
858
860
862
153
41
680
415
708
555
815
217
479
313
212
990
714
717
662
113
585
681
665
859
225
564
306
670
997
548
325
923
481
554
217
680
208
110
638
340
795
216
918
504
147
794
508
924
960
177
997
296
743
775
38
716
775
875
984
516
153
31
562
12
394
632
782
922
589
906
512
211
980
487
504
767
983
748
880
643
793
568
477
275
479
156
488
537
115
422
169
600
681
911
293
734
364
232
418
476
369
869
851
518
212
782
122
950
53
529
729
699
617
870
377
272
579
164
454
676
205
381
101
645
722
716
611
748
892
549
351
88
772
406
125
17
165
690
812
995
42
308
737
905
32
449
500
400
287
145
120
377
413
346
617
990
556
117
534
742
110
711
40
34
461
233
52
403
853
60
275
735
501
397
516
458
146
524
930
932
105
313
239
338
653
938
987
936
19
586
434
989
131
661
992
7
596
874
522
825
847
817
394
18
855
51
367
52
440
256
287
548
731
64
603
134
778
423
155
336
677
235
280
219
8
268
460
486
699
15
906
463
842
142
893
240
718
815
17
838
467
814
459
263
654
822
235
803
911
208
981
574
745
835
829
64
147
121
915
745
895
985
593
409
946
414
857
693
375
388
68
567
3
781
961
862
734
13
979
661
855
198
287
134
388
557
895
517
192
811
691
680
487
199
628
717
517
744
910
903
500
616
691
157
989
944
425
197
804
107
529
825
152
708
185
766
873
813
829
448
172
32
753
541
11
586
796
895
64
905
445
206
649
144
729
794
37
840
582
404
571
131
242
619
248
224
552
241
860
770
416
31
51
101
76
703
271
405
412
454
672
26
733
893
791
632
310
600
583
415
820
76
617
417
198
622
283
400
441
826
674
882
693
274
36
290
7
833
515
577
365
328
980
802
128
16
896
270
155
121
542
770
65
704
964
277
418
939
546
860
812
128
794
404
103
905
619
982
167
131
896
756
228
922
8
845
81
833
952
883
687
975
230
760
862
530
332
854
461
168
180
481
18
809
29
569
236
479
290
513
455
24
358
46
413
252
239
370
895
651
161
824
302
800
767
115
765
651
342
964
500
194
927
143
189
376
404
94
958
879
137
828
580
77
431
923
262
653
331
8
368
157
600
394
98
602
770
495
416
5
170
873
239
97
639
135
272
559
426
27
541
677
556
741
535
520
102
467
283
12
670
140
7
382
160
798
703
822
724
462
537
613
470
411
833
935
710
875
179
5
98
131
777
414
772
169
805
708
647
13
675
269
954
0
999
671
747
415
764
588
121
608
762
589
591
826
172
314
63
43
390
936
575
18
961
102
899
562
977
509
70
456
547
611
725
477
907
31
82
251
476
884
249
87
356
640
262
386
90
199
183
713
418
851
424
890
61
974
806
100
220
154
109
861
412
698
828
886
270
884
553
617
189
227
793
690
569
268
25
627
739
746
914
637
718
803
950
398
491
862
398
149
893
834
761
576
977
320
58
184
910
479
709
523
665
763
884
371
618
77
912
51
962
268
364
957
360
472
887
309
375
684
35
890
95
797
218
820
41
96
513
689
73
368
511
944
459
61
532
120
202
25
183
145
604
766
662
32
927
245
827
339
449
704
19
945
289
536
1
373
732
271
249
909
253
242
719
737
525
690
704
483
206
397
553
191
523
130
719
878
583
899
949
41
296
735
530
23
966
675
658
110
530
417
424
415
120
177
938
702
508
252
742
559
349
195
499
42
363
82
526
788
813
372
113
632
270
600
39
845
839
252
753
184
310
955
652
332
678
70
738
739
732
61
583
775
875
569
786
741
811
173
505
388
526
400
675
477
837
641
505
843
445
609
473
267
813
448
690
319
375
831
129
895
469
649
69
683
700
795
854
251
881
710
687
521
940
994
816
41
448
599
947
222
448
713
499
64
280
498
881
682
808
276
379
974
97
7
44
924
372
777
307
416
372
231
750
15
282
387
613
683
253
235
708
155
935
42
27
774
27
619
158
1
323
221
709
674
740
647
96
768
999
988
894
398
801
637
884
884
250
11
487
450
781
221
618
78
669
454
599
923
869
55
19
818
631
682
838
677
983
260
1
92
119
491
190
608
620
62
98
708
376
399
628
549
44
451
305
314
675
197
359
828
64
414
275
332
359
668
234
324
868
388
928
657
297
879
128
442
18
914
858
170
996
767
638
259
422
889
383
207
488
246
112
296
406
555
455
445
8
6
390
467
617
801
824
52
115
303
292
363
187
29
536
146
519
96
103
845
738
296
168
20
878
913
168
192
218
120
234
919
993
809
275
876
868
540
887
243
199
530
504
989
498
872
769
529
914
476
64
538
890
701
415
756
433
732
221
530
249
316
887
130
952
174
759
975
85
500
688
749
667
932
99
67
149
555
555
725
632
612
729
416
502
856
580
310
811
6
923
462
644
668
362
717
748
78
500
232
222
706
626
609
940
542
646
442
283
691
331
289
979
949
466
170
353
758
866
92
783
712
946
944
815
83
953
13
543
741
148
951
657
344
532
667
193
610
256
978
698
296
615
29
28
32
775
707
626
54
895
239
225
927
571
889
816
52
355
128
112
506
404
362
316
464
658
107
190
633
559
504
161
143
264
218
256
183
483
874
429
790
743
585
231
770
633
944
676
206
804
834
92
446
419
135
234
468
700
600
956
380
263
90
369
941
420
446
818
566
788
683
165
70
406
393
13
416
58
137
309
778
686
198
865
195
755
121
646
416
444
954
941
699
981
491
405
356
768
642
439
616
75
666
449
990
205
413
640
809
43
794
576
226
734
340
757
658
433
332
911
477
181
150
342
925
21
308
651
93
832
892
965
421
920
198
927
428
808
896
798
436
180
996
693
988
403
613
593
896
35
819
187
266
807
2
70
1
795
427
802
967
747
420
769
955
732
776
669
396
306
966
244
38
989
103
130
824
945
691
419
960
456
280
469
675
225
957
588
374
246
840
743
564
488
531
641
677
128
864
613
124
642
816
770
38
945
972
913
322
851
695
375
144
144
37
420
713
92
924
126
425
397
468
718
901
514
990
75
366
984
33
940
608
740
335
782
262
55
481
791
275
909
968
528
228
553
571
834
369
338
800
946
927
505
455
727
728
517
434
468
413
311
665
653
718
929
412
640
998
289
765
289
176
293
739
48
203
461
786
237
768
687
244
575
133
682
186
567
266
500
497
417
123
990
162
846
364
192
153
463
290
899
696
40
176
84
313
648
410
306
765
128
47
1
51
432
271
677
943
35
684
477
476
15
31
643
12
246
823
147
270
961
755
676
313
497
484
913
74
613
394
706
788
701
268
948
502
275
445
226
4
682
268
484
987
146
670
646
534
978
977
389
596
906
46
638
171
648
450
668
133
277
409
330
666
424
518
887
420
614
595
259
856
116
785
591
318
926
8
168
586
612
396
454
35
544
103
475
428
674
580
771
405
132
985
61
353
65
281
71
805
218
290
23
1000
918
404
446
25
862
493
104
496
182
401
419
788
151
596
104
948
799
566
844
321
439
706
196
337
841
987
71
806
429
657
938
930
893
510
470
986
549
240
529
274
251
577
103
976
384
828
820
182
345
366
681
445
826
108
64
219
208
729
214
832
239
400
307
118
574
611
153
173
27
830
573
855
49
368
759
703
120
448
884
760
917
48
958
33
511
537
981
404
251
994
257
453
870
621
693
364
668
311
557
850
429
92
527
92
361
436
902
275
512
83
262
625
505
250
294
690
766
876
973
247
716
405
71
785
110
922
445
27
871
138
800
960
254
658
934
715
309
100
741
160
851
635
582
972
979
568
191
736
798
47
759
989
477
684
178
75
711
883
748
430
635
380
450
881
791
408
62
32
1000
191
535
285
831
516
54
770
492
683
237
632
321
932
609
826
801
473
557
606
329
586
302
124
471
378
235
847
574
469
751
481
1
403
988
470
212
642
911
897
97
827
800
191
212
562
421
425
264
123
58
171
249
254
263
562
23
951
941
723
848
830
215
491
707
935
19
286
340
78
596
827
52
833
154
261
853
988
752
78
583
269
560
581
246
690
909
609
130
925
182
29
400
666
356
875
285
262
704
840
322
289
486
855
153
942
748
465
267
343
889
115
843
22
656
392
379
587
384
427
965
694
191
536
250
298
489
610
745
124
359
829
65
935
706
599
581
875
900
684
607
965
847
357
672
342
77
953
616
325
235
711
605
829
256
626
584
404
585
170
465
762
193
286
597
684
124
77
80
18
407
311
280
768
282
933
411
627
198
158
597
905
287
81
44
291
235
938
373
513
788
200
10
839
661
215
528
780
127
269
689
837
10
90
182
889
339
930
470
881
760
571
378
15
313
972
512
89
779
849
308
234
862
589
897
806
308
399
238
656
670
488
230
271
27
78
88
869
691
406
108
708
208
762
389
926
616
616
943
817
1
725
876
564
710
276
299
595
756
893
132
946
97
811
704
516
488
615
745
608
780
638
583
659
810
638
134
69
801
447
455
323
536
130
435
727
783
197
447
646
736
287
308
789
974
629
961
988
537
972
223
371
176
149
654
804
356
516
469
352
598
730
515
344
312
782
470
741
855
779
878
33
668
681
988
99
521
219
600
541
26
68
265
499
344
122
200
869
273
153
938
986
469
246
131
372
498
443
342
602
837
926
212
26
611
621
344
674
711
62
303
734
974
71
527
344
468
632
907
720
905
514
363
262
493
983
956
967
878
949
916
194
452
881
180
520
621
250
695
612
922
70
408
112
861
445
240
682
715
176
497
697
90
543
486
211
765
211
584
211
960
642
76
468
176
7
412
518
343
696
421
108
34
253
698
810
822
744
300
546
454
610
859
29
323
923
979
290
440
6
798
897
779
136
857
318
451
488
865
988
629
89
731
864
937
918
992
550
756
483
752
434
18
161
613
208
528
953
49
355
637
654
924
742
149
17
762
451
634
829
966
965
938
2
631
843
285
630
355
73
781
704
390
549
202
191
276
916
919
294
8
710
434
33
44
659
720
510
12
291
878
482
535
13
748
986
500
166
188
716
89
842
765
317
586
943
197
632
983
434
465
243
377
685
980
944
100
797
783
454
992
907
945
775
639
829
547
10
445
61
775
816
577
690
656
615
45
718
523
207
513
776
434
905
795
340
298
298
982
632
690
858
966
497
142
525
364
891
991
191
957
133
934
618
208
169
668
624
731
390
382
115
840
557
74
588
787
518
992
822
489
736
8
564
645
905
722
767
857
232
779
385
349
981
738
532
592
662
308
52
456
797
549
119
467
46
463
780
985
424
747
998
991
862
756
404
736
826
942
351
386
629
393
162
642
905
862
406
950
261
144
869
995
50
360
224
748
958
988
369
861
526
412
618
848
349
978
780
652
186
701
347
460
838
477
40
372
745
8
687
131
42
228
626
381
403
13
772
511
282
496
461
302
616
560
506
510
778
988
772
320
468
601
135
585
510
739
27
460
797
525
667
352
875
640
626
405
177
708
486
407
867
15
361
407
893
812
588
668
649
299
208
587
656
566
71
992
599
419
703
149
402
1000
673
402
0
799
300
771
640
852
253
180
4
299
605
50
905
537
113
861
359
362
698
244
26
603
960
651
51
372
698
811
12
766
609
694
107
346
253
753
375
634
176
641
308
394
318
250
620
650
27
51
371
183
31
116
403
887
448
248
130
999
83
336
724
349
871
219
126
355
468
104
251
499
986
769
18
108
116
684
300
398
47
141
546
271
259
88
541
505
987
784
42
361
895
596
157
916
979
892
825
891
370
950
559
540
763
969
975
159
748
651
146
521
98
522
638
385
861
571
937
460
356
446
490
452
754
992
837
327
249
92
127
755
636
968
537
21
855
60
275
928
479
467
539
252
507
919
719
165
704
117
104
206
783
768
406
80
284
931
209
65
494
614
278
343
766
856
55
240
303
937
102
271
180
118
761
579
905
20
981
521
973
185
603
311
856
125
511
946
206
706
484
568
37
256
453
365
134
234
856
990
19
821
110
224
468
585
402
331
856
639
221
127
508
236
588
339
219
599
914
37
898
806
302
637
981
680
988
574
382
998
501
667
724
379
959
919
798
124
996
67
608
926
230
214
695
334
849
629
948
263
626
559
857
543
698
921
48
536
90
177
361
340
62
889
113
432
344
214
414
402
620
603
927
516
178
526
192
901
765
671
846
829
798
964
486
463
568
399
289
533
692
248
580
195
345
292
538
944
20
520
541
881
420
200
278
501
631
935
489
696
187
906
818
302
94
628
603
728
985
28
198
658
528
718
860
660
48
166
303
317
785
568
671
486
281
718
751
641
651
592
818
547
947
383
434
147
355
934
248
666
696
575
402
219
438
731
877
783
610
277
66
551
750
629
120
741
10
898
798
20
506
731
690
386
954
575
170
774
587
672
204
851
444
376
166
60
630
270
2
496
75
651
732
340
841
700
695
318
116
457
100
485
638
979
968
142
25
681
429
414
928
84
174
635
646
254
623
359
256
443
166
866
879
560
839
79
31
133
311
749
63
636
161
687
526
158
571
453
52
942
714
142
264
251
948
79
517
59
329
853
555
817
115
227
422
400
974
142
379
317
350
436
469
299
697
646
746
864
50
506
318
987
711
48
384
971
102
917
890
89
471
660
152
31
635
0
738
315
797
155
244
102
585
960
354
662
387
264
874
496
16
836
895
33
546
122
738
88
249
350
86
676
371
254
19
986
316
760
484
630
245
471
270
580
996
257
287
356
966
165
734
653
708
962
978
941
240
191
914
392
629
608
611
210
43
918
954
561
173
984
499
193
713
670
578
539
400
24
614
821
20
532
520
394
285
347
924
226
150
421
684
406
748
990
468
183
18
865
58
185
261
437
32
906
495
286
69
941
326
984
315
123
198
397
201
714
924
385
940
29
581
161
608
149
789
764
318
893
253
691
558
746
115
996
353
537
423
151
335
617
341
144
623
691
672
556
243
725
637
484
437
231
895
970
243
216
329
133
470
920
385
390
656
118
591
725
104
286
925
333
175
303
746
892
687
712
575
582
979
755
573
92
707
507
644
30
163
7
460
556
136
233
473
113
984
128
99
850
806
905
73
841
856
931
659
373
337
522
331
229
630
217
642
992
428
818
4
410
886
902
365
932
362
223
365
260
630
514
811
417
954
254
438
644
870
591
209
889
327
360
413
390
850
307
624
977
160
517
303
959
606
596
450
566
520
796
785
767
767
660
317
299
352
899
119
16
424
978
761
11
533
594
45
856
186
80
932
829
130
7
108
20
842
963
184
876
210
84
262
604
563
975
375
300
728
724
741
442
584
821
966
368
859
133
762
6
35
984
263
395
214
791
12
413
789
658
282
100
415
131
22
157
168
980
282
312
255
296
592
580
946
955
912
369
338
973
355
967
671
830
188
226
754
879
760
547
192
330
549
244
196
288
657
415
85
684
422
111
737
1000
647
775
143
82
402
46
722
729
168
889
335
830
538
822
312
963
581
311
745
92
746
66
749
363
361
530
204
727
653
121
64
171
118
434
601
113
744
297
995
279
355
367
980
149
929
49
318
344
277
634
470
114
966
324
281
633
122
494
525
484
526
266
393
399
715
657
787
44
891
461
169
23
704
422
737
23
366
781
298
608
908
353
615
608
743
856
581
409
458
924
986
572
415
955
278
779
786
789
153
158
21
842
545
800
831
73
855
298
384
862
301
739
520
260
391
484
875
414
139
51
736
490
277
150
568
721
653
755
438
547
291
349
82
546
923
356
307
330
85
775
346
727
455
220
29
399
80
934
260
602
807
363
487
187
302
882
243
886
87
7
408
5
63
449
644
920
37
966
907
753
258
358
845
289
796
943
904
473
384
353
471
38
639
665
781
976
582
151
582
893
714
805
305
389
514
397
126
499
468
895
956
557
808
938
567
66
547
276
839
170
109
787
32
696
865
566
317
510
165
140
155
520
353
161
513
761
740
851
182
617
296
829
427
933
319
772
371
520
968
256
208
170
483
957
847
963
785
435
112
872
142
680
170
870
693
762
769
524
88
827
377
384
611
261
29
10
478
701
483
487
918
555
44
536
715
363
798
268
731
348
581
486
387
178
569
305
359
78
970
385
688
27
280
476
585
702
671
332
6
783
597
792
915
95
668
592
612
787
138
77
959
626
178
55
639
75
676
290
370
646
159
964
839
238
465
443
496
630
10
464
666
428
928
554
659
531
970
355
960
794
453
806
848
296
458
139
182
109
788
53
557
978
865
968
205
740
300
503
312
710
801
507
534
314
903
5
988
902
903
487
754
568
659
62
82
570
263
272
550
258
138
687
429
161
431
292
545
936
586
365
4
797
410
675
172
406
629
486
264
215
159
807
948
591
384
848
726
602
73
549
15
93
499
448
776
489
633
426
383
400
137
404
153
334
919
106
146
206
936
833
161
471
164
894
783
622
748
22
997
242
277
730
9
998
37
143
856
782
700
471
921
647
285
451
479
598
427
864
936
593
759
212
860
995
917
612
940
149
99
838
904
530
574
222
845
831
484
574
555
106
431
36
618
399
651
85
924
532
966
405
523
326
721
747
3
517
932
146
835
642
875
242
936
539
450
796
54
48
327
567
343
983
578
362
405
187
97
174
547
781
672
280
834
66
682
619
727
836
989
355
397
111
735
323
784
525
259
810
932
367
924
641
92
425
91
821
662
33
167
989
988
974
589
642
874
162
546
644
504
240
436
632
340
630
41
752
393
27
8
510
474
245
424
664
916
320
714
411
702
513
480
121
88
826
906
369
429
469
265
998
539
997
947
550
454
1
800
277
887
660
391
606
650
335
788
918
246
748
946
120
995
42
706
827
754
344
958
606
409
895
170
788
895
413
895
362
631
149
867
482
4
503
588
898
803
809
703
339
515
940
891
974
191
857
949
628
840
232
271
779
526
779
553
425
879
892
571
136
881
842
618
702
551
650
611
690
302
701
325
628
258
531
8
95
976
350
893
940
166
616
212
777
48
956
4
677
966
197
917
1000
297
878
293
517
249
430
677
221
129
520
542
690
850
371
8
900
855
207
172
330
20
94
258
354
767
316
100
622
657
165
225
753
707
111
292
940
383
221
382
607
310
245
238
348
22
371
397
673
553
992
58
39
354
606
298
560
680
510
147
670
943
740
325
471
937
743
114
663
885
862
999
27
349
739
827
339
728
207
355
690
550
602
207
817
780
193
235
105
539
313
29
555
869
179
978
848
801
796
112
311
990
320
751
649
462
840
349
85
36
411
446
589
343
105
817
197
770
565
868
956
263
182
598
885
583
235
828
486
954
179
630
695
959
479
758
784
8
898
576
755
0
141
188
973
845
918
287
578
198
291
588
436
592
501
190
918
966
438
220
990
997
45
662
106
753
282
824
820
867
846
415
859
962
105
984
341
728
600
941
4
439
264
195
397
986
872
325
247
142
89
951
352
286
257
145
301
916
849
631
355
752
271
423
467
219
127
761
312
967
946
272
69
671
111
822
435
84
385
909
423
557
958
160
153
859
72
585
708
732
278
611
385
590
533
727
147
518
585
43
417
