921
921
635
23
172
636
274
397
730
443
393
792
718
185
559
368
60
276
75
925
429
547
371
35
754
386
775
562
326
927
104
31
521
733
874
207
243
299
977
729
600
78
131
406
388
515
505
839
202
205
870
288
894
23
82
722
15
563
946
222
125
873
92
401
540
654
966
681
48
515
701
917
806
329
936
547
684
789
353
878
604
133
789
673
410
155
87
772
882
88
404
196
982
786
922
709
510
275
472
307
846
371
564
55
75
390
589
165
857
792
885
93
594
843
417
774
27
735
429
24
830
67
770
500
748
856
444
536
336
503
933
343
443
131
578
760
755
375
696
195
245
294
349
486
115
709
533
206
402
53
693
782
466
603
327
556
742
599
689
418
653
237
52
423
81
421
555
269
34
836
267
172
872
631
363
965
312
336
110
505
570
508
49
236
536
395
358
694
184
574
455
662
825
538
129
295
492
833
639
783
27
70
362
794
849
469
52
797
516
834
297
593
173
437
446
415
1000
248
205
526
640
458
682
99
411
745
666
220
558
883
546
747
833
968
426
112
605
586
80
993
1
467
200
891
742
452
258
414
950
189
571
794
161
451
953
296
343
329
671
263
857
498
385
267
680
857
280
29
634
978
778
864
318
705
45
745
661
899
247
435
705
334
179
573
291
220
412
994
558
132
357
149
15
782
157
548
984
584
697
9
188
509
832
645
995
995
203
237
150
739
659
741
754
668
214
32
671
166
631
10
729
660
358
1000
726
925
369
641
966
223
826
325
739
363
339
870
640
924
879
21
391
576
569
240
580
488
35
220
875
19
43
219
405
623
847
46
652
132
489
618
554
265
147
684
294
764
195
328
6
518
721
555
791
142
381
47
350
489
436
499
457
122
319
152
19
771
352
34
26
854
549
934
955
576
496
969
304
116
112
101
988
265
243
169
915
342
591
528
283
641
788
263
299
187
642
427
741
246
765
101
358
240
997
312
545
619
687
98
569
824
944
642
927
285
823
871
858
325
429
980
235
511
732
765
603
640
602
12
524
549
27
910
803
788
558
963
941
782
432
270
829
150
837
512
602
117
682
800
454
184
337
147
634
994
55
987
608
118
150
315
213
406
390
543
44
375
415
595
498
334
327
954
327
578
84
603
216
280
685
714
487
758
32
524
139
644
554
212
727
350
205
130
727
225
45
191
463
225
103
859
92
63
66
154
702
69
983
728
459
290
301
960
811
241
695
300
292
311
567
221
247
292
862
234
637
994
244
603
253
741
690
543
559
901
452
59
261
796
878
920
662
67
372
741
702
239
736
800
859
592
84
31
396
310
800
659
148
596
767
560
809
724
804
804
853
745
212
606
413
547
884
433
318
56
850
701
423
10
64
842
254
430
562
398
538
510
333
500
701
359
86
361
6
807
441
36
988
437
876
613
448
596
539
159
962
294
270
458
659
969
298
919
898
946
792
528
79
492
250
735
540
780
837
897
721
913
310
122
908
124
892
666
377
198
715
59
893
426
235
113
235
294
703
340
427
767
873
886
306
591
199
651
77
373
304
442
625
942
594
941
805
722
81
77
459
467
451
261
665
279
763
112
822
292
393
217
858
729
628
76
97
494
525
691
133
45
277
521
885
456
90
375
36
780
260
376
342
212
326
428
355
720
725
286
666
222
986
998
675
140
788
836
629
213
645
211
487
208
6
521
165
715
844
646
765
110
249
537
345
855
887
759
42
693
781
177
204
546
280
521
503
714
593
743
479
225
179
705
148
124
174
803
874
46
557
369
405
235
554
124
165
607
412
739
811
673
840
562
427
675
998
329
185
559
374
597
392
675
866
757
50
356
535
341
380
611
982
693
723
694
168
281
874
993
581
955
715
738
431
68
285
770
419
312
155
794
800
128
91
199
654
695
760
451
828
652
558
490
395
11
263
864
913
974
698
704
878
226
254
109
33
118
963
495
979
811
435
187
23
292
599
750
692
861
596
567
330
884
609
564
282
925
811
448
163
264
687
789
541
999
652
903
461
538
180
441
673
944
294
650
550
391
842
507
941
390
330
255
983
889
85
519
173
217
273
164
711
52
566
192
391
432
914
288
104
819
809
909
771
285
733
732
923
974
326
164
7
908
222
715
286
451
745
270
485
48
134
193
665
573
501
889
783
865
751
831
157
689
817
881
161
768
180
498
882
675
66
501
954
880
556
244
204
340
954
374
107
504
72
904
632
901
304
489
584
87
340
791
927
820
261
869
963
887
475
38
264
709
90
207
354
80
533
800
636
235
882
270
727
12
295
980
110
408
426
187
325
180
682
337
30
346
459
448
130
35
803
488
943
250
817
250
590
18
593
366
237
482
380
832
679
223
111
320
636
506
724
242
871
644
713
447
400
447
3
632
814
18
830
722
128
853
700
229
211
800
444
728
477
470
383
66
877
773
90
46
366
452
619
798
982
295
596
958
894
790
609
814
539
361
48
552
847
72
397
928
211
661
931
264
206
501
265
588
48
277
154
583
350
415
40
130
738
108
517
555
904
333
943
947
660
781
984
536
177
469
493
86
916
171
55
733
193
29
2
130
335
175
681
353
352
687
255
639
970
905
563
31
904
171
857
296
572
911
595
779
905
548
839
982
602
158
700
368
588
509
56
171
770
586
340
619
411
301
689
938
11
10
258
721
540
295
392
598
116
839
901
552
224
508
988
83
348
250
524
754
684
423
382
733
490
677
292
941
368
953
534
819
504
900
214
408
107
542
623
233
528
132
480
399
510
379
402
997
54
484
691
698
40
899
383
57
99
66
451
313
645
267
745
789
326
555
734
358
942
682
982
429
143
998
363
667
702
625
380
689
696
465
328
740
462
126
340
387
493
51
617
751
396
877
337
126
184
641
437
363
556
856
648
120
596
217
170
698
597
396
939
644
633
249
364
261
980
53
775
552
410
384
674
869
904
470
494
700
343
658
465
481
968
459
222
312
845
441
47
892
413
643
492
569
898
467
687
493
178
483
682
582
278
597
739
658
836
712
8
10
789
622
402
16
901
819
155
632
661
248
480
294
754
733
193
292
656
645
943
549
765
742
895
12
820
915
250
639
344
631
742
811
940
643
936
991
786
673
554
886
722
659
804
358
232
572
268
655
216
447
996
662
504
803
386
980
623
324
745
761
593
997
151
474
799
582
324
17
665
717
729
449
396
941
599
502
20
116
347
413
623
448
877
567
599
313
95
21
154
464
31
496
153
702
370
891
825
738
99
409
672
859
461
2
846
587
497
293
265
741
549
224
739
810
534
293
665
560
293
126
211
558
715
606
500
776
833
24
45
851
227
884
383
650
566
943
267
742
947
745
221
226
379
595
864
494
111
195
953
608
576
856
153
559
628
874
744
90
420
227
747
124
894
982
729
56
489
133
762
878
56
621
359
362
704
111
955
203
66
675
815
532
941
331
353
361
856
784
636
786
899
398
477
339
724
313
63
605
39
951
618
381
342
896
75
937
194
168
27
936
190
699
975
527
191
659
643
447
439
452
392
150
489
386
760
777
538
571
398
216
602
512
446
863
148
369
665
544
414
508
534
500
979
839
795
168
35
861
96
120
484
464
482
513
280
513
253
878
104
860
915
764
755
594
973
695
402
828
572
131
156
519
217
269
14
487
4
203
449
811
484
274
369
794
237
599
909
97
276
12
258
715
726
579
158
866
100
449
761
996
103
707
445
836
897
679
511
222
878
136
341
289
895
236
200
196
740
96
631
339
287
212
475
350
62
156
852
733
485
953
248
829
203
210
486
86
7
465
97
2
969
559
949
939
13
956
115
496
73
777
487
767
837
187
976
507
439
166
634
133
981
816
15
506
371
933
100
852
937
33
455
12
297
725
108
278
47
163
596
16
571
58
898
402
946
433
89
347
284
663
102
957
40
953
286
98
161
149
337
261
695
606
961
785
791
533
427
40
180
997
894
818
558
40
215
996
228
379
97
140
266
157
445
311
285
596
647
95
18
576
905
749
38
42
51
640
967
40
79
255
205
262
424
402
827
468
764
707
574
713
22
645
319
517
710
991
669
702
983
369
612
767
121
414
41
36
924
47
812
222
444
983
616
3
790
349
441
861
55
981
816
954
860
909
488
887
960
893
529
226
790
536
842
336
535
485
383
817
454
811
460
303
785
785
630
111
705
686
744
83
901
106
333
984
906
52
286
570
293
272
497
240
813
833
943
131
439
146
894
18
471
136
947
814
787
341
811
824
704
49
294
535
528
331
393
250
805
685
640
634
266
389
760
343
240
343
217
395
879
979
39
72
102
560
534
219
519
755
546
349
72
363
237
965
216
92
760
915
59
848
869
970
304
162
615
89
705
38
952
886
795
372
29
44
831
725
84
490
805
389
87
653
126
204
752
779
188
679
836
121
738
577
981
685
819
618
497
98
549
775
492
960
335
699
125
90
753
617
885
122
289
34
504
108
88
237
232
238
409
784
669
977
829
118
537
3
270
569
278
969
454
371
505
787
936
136
990
951
457
239
666
217
780
366
361
650
984
73
990
513
395
841
55
103
306
328
965
535
561
990
56
259
936
100
545
227
718
386
396
251
115
399
739
288
901
670
601
46
990
315
481
948
641
653
608
743
963
557
764
416
14
951
186
834
483
823
200
463
227
390
907
356
571
474
406
268
724
373
515
678
278
250
560
949
361
424
990
973
534
143
868
181
538
761
848
114
97
477
823
561
82
585
172
58
161
833
944
418
332
258
590
234
486
126
60
45
739
829
997
112
995
323
273
801
356
55
274
292
631
621
628
79
845
174
10
809
795
980
866
937
164
602
212
30
434
306
345
359
419
496
508
226
397
536
494
756
611
367
766
304
415
962
607
451
742
803
410
854
585
118
936
446
476
951
807
445
793
352
275
225
205
662
884
74
476
424
820
724
815
436
419
427
139
386
215
922
44
771
642
183
433
602
436
659
766
951
885
770
987
813
635
973
10
982
588
640
527
702
584
154
205
871
586
62
976
694
752
331
957
204
388
698
848
232
959
102
929
975
356
473
598
125
238
416
844
564
743
404
331
904
212
19
926
163
517
718
985
835
937
973
743
685
713
872
893
127
860
635
83
799
912
12
233
292
679
438
109
17
852
413
824
480
477
232
123
203
863
962
455
890
955
912
897
721
34
945
977
989
941
643
372
85
696
755
390
447
774
841
102
959
483
750
967
893
568
279
622
461
981
814
741
558
889
91
235
497
42
558
725
182
512
269
69
719
967
477
33
863
982
5
513
756
889
36
730
223
332
581
869
292
888
483
924
64
444
299
238
370
218
5
689
478
927
458
279
302
286
64
551
297
325
529
107
194
26
415
495
587
614
170
429
411
888
747
980
285
597
72
715
88
609
269
68
165
803
404
590
449
148
131
47
753
436
385
492
125
398
262
84
668
670
579
0
620
922
435
808
775
812
321
315
330
525
252
825
667
871
411
182
907
370
376
336
995
158
170
112
729
964
628
121
907
584
251
382
856
148
139
168
824
517
257
686
65
891
582
246
36
659
443
847
904
280
6
72
142
495
859
1
360
244
131
732
48
445
311
888
448
565
313
550
985
489
634
728
260
613
746
861
71
687
213
129
23
242
59
6
307
264
196
240
438
984
186
318
231
56
257
368
607
169
4
997
153
651
913
453
314
687
666
816
834
184
394
568
518
285
19
752
356
559
372
7
287
554
635
610
721
359
406
898
953
107
846
887
24
410
722
676
187
316
179
940
383
769
577
701
36
853
93
56
798
9
8
694
60
137
39
851
954
712
761
696
304
781
584
701
918
106
177
263
188
816
683
858
958
320
923
669
836
634
684
235
461
459
5
467
771
738
651
504
740
661
582
918
645
770
467
740
437
400
730
894
57
10
15
309
622
905
133
924
932
535
981
277
15
504
634
448
323
858
797
710
905
372
97
900
747
188
245
53
502
985
380
525
778
429
307
247
833
965
153
179
596
150
389
739
307
791
76
402
515
550
640
451
615
944
608
144
322
477
897
994
787
62
158
51
324
439
756
288
570
941
225
284
273
113
622
379
936
235
174
465
465
261
687
40
868
245
566
955
363
885
106
0
531
62
681
230
34
18
22
794
23
779
168
570
779
700
715
98
468
129
158
811
281
667
306
760
813
857
216
888
146
774
911
367
286
500
628
530
574
689
812
143
66
532
832
255
979
710
466
848
997
547
27
999
975
620
708
66
562
42
186
257
395
764
770
517
657
692
648
706
771
201
802
151
415
723
383
258
880
29
555
366
956
891
114
678
73
925
610
195
595
656
584
971
894
406
342
701
912
432
744
250
366
382
584
246
508
207
316
514
532
654
877
757
883
678
626
528
794
74
633
962
152
978
333
503
404
592
828
537
231
6
453
754
106
821
18
554
642
830
972
866
936
399
269
113
869
633
982
941
491
361
273
511
937
122
224
916
993
930
876
805
136
423
914
732
949
961
267
371
879
818
221
926
23
509
764
659
521
784
187
757
951
475
823
878
169
554
837
865
44
991
907
306
683
950
980
373
289
745
366
755
312
365
731
713
204
610
443
874
438
408
624
288
423
16
487
779
379
235
414
961
461
537
316
775
361
311
853
745
113
67
8
806
194
369
715
901
516
151
434
865
187
119
193
809
950
238
134
396
706
824
521
885
606
303
466
861
807
80
697
3
642
263
909
770
868
473
952
587
994
189
630
877
426
715
37
765
828
899
253
898
447
447
396
592
519
722
758
704
547
336
271
605
766
528
496
245
962
906
293
766
258
980
609
497
603
159
183
50
163
781
168
508
578
871
125
496
830
929
393
942
9
922
763
76
525
667
593
921
228
977
984
534
502
593
139
52
313
751
339
963
792
928
972
550
713
371
331
496
219
993
842
179
968
821
810
513
677
747
876
135
589
543
921
537
481
436
405
106
572
587
250
224
84
982
564
550
155
273
370
112
241
19
274
310
554
57
467
465
388
467
190
261
739
478
67
240
460
691
455
406
347
840
948
428
587
471
72
506
79
769
706
169
249
88
494
711
745
788
702
317
61
91
655
178
172
729
337
314
667
111
472
216
575
612
1000
565
357
525
457
972
219
809
557
2
740
733
826
426
71
246
860
119
598
901
126
349
97
211
884
114
50
365
681
397
66
328
496
443
541
963
745
903
867
968
165
975
510
532
252
193
59
625
186
186
320
182
448
803
969
217
566
160
25
713
862
352
752
40
471
141
895
478
79
557
531
579
522
389
818
911
510
333
783
5
169
714
738
703
828
612
706
384
202
663
647
723
717
862
298
170
740
876
644
613
883
974
554
620
838
425
49
56
562
1
63
326
58
282
300
327
183
413
918
839
857
210
958
533
419
552
804
563
126
229
328
928
693
326
132
754
303
726
754
486
430
777
219
253
385
1000
964
719
154
703
579
859
10
614
439
384
306
972
692
897
599
846
622
266
655
723
189
564
816
781
986
452
668
295
26
798
568
635
874
98
750
47
552
651
576
532
447
527
419
913
174
503
144
548
880
45
775
768
939
530
776
144
263
880
327
608
566
354
453
264
118
367
687
123
29
596
878
220
854
372
12
900
965
344
666
66
504
691
923
357
935
408
530
182
136
3
806
192
528
801
288
607
729
702
841
109
226
554
692
977
161
430
706
284
594
428
604
114
295
305
5
870
798
983
603
229
881
66
705
843
950
928
647
919
374
559
991
255
157
229
935
572
821
781
576
948
11
964
339
806
63
719
823
9
764
380
833
977
34
272
697
873
165
648
260
296
898
529
355
65
978
438
183
83
998
581
912
652
943
239
783
88
54
182
729
143
234
310
426
528
827
456
982
771
194
323
343
615
609
654
241
928
482
841
822
950
243
472
739
267
896
537
965
330
740
341
435
229
462
429
351
491
136
302
773
941
106
445
644
658
583
624
425
781
405
390
199
921
161
112
160
655
400
934
220
167
546
71
984
110
953
983
227
244
8
832
110
389
914
675
116
909
792
17
926
362
689
630
626
982
23
827
747
242
873
204
68
311
464
718
877
31
661
389
464
19
101
590
615
580
957
343
340
965
59
800
739
885
341
883
868
696
655
793
434
517
861
421
843
132
307
622
156
106
766
244
651
851
608
150
462
338
784
603
274
581
939
564
276
794
918
364
215
384
542
999
421
353
628
914
255
401
329
278
269
692
190
749
329
119
126
64
614
383
793
762
829
507
518
934
228
132
614
895
395
28
991
712
21
838
535
513
522
196
226
97
505
845
504
885
63
51
871
211
424
493
682
489
221
465
637
92
669
415
883
544
674
160
663
449
221
348
160
294
614
482
431
233
189
895
797
534
139
817
621
723
763
558
425
421
893
899
956
577
163
335
193
82
87
263
68
982
621
497
165
135
757
424
53
353
812
862
738
736
992
420
682
809
86
671
214
628
106
363
159
216
788
988
850
333
577
281
739
142
342
797
916
372
818
30
906
981
598
236
978
619
56
401
762
308
661
741
83
761
381
878
505
302
164
251
791
486
329
51
954
531
255
939
246
27
402
762
161
529
886
341
385
886
877
286
266
853
196
793
809
266
719
357
648
87
638
257
923
954
210
320
7
411
941
680
607
376
666
137
111
944
852
796
77
56
728
899
927
986
174
418
536
959
530
757
507
599
687
784
414
421
187
971
320
544
791
520
711
582
454
358
498
84
375
955
265
808
356
793
384
607
446
621
130
336
334
178
790
986
151
492
860
167
187
266
988
678
637
993
80
381
937
842
375
510
801
366
812
779
96
147
815
925
87
637
888
860
518
610
118
299
923
558
575
923
255
389
2
66
931
326
372
963
412
192
429
208
474
852
291
381
78
228
508
885
711
416
655
767
560
167
197
25
161
650
607
20
638
362
278
448
98
601
713
549
252
261
100
173
84
677
955
4
805
633
205
629
559
710
278
192
484
578
894
638
844
263
35
174
137
899
698
294
168
446
450
745
287
438
385
916
721
209
641
492
16
664
728
100
85
403
359
886
300
240
594
677
674
177
957
757
851
444
302
687
30
539
124
714
913
4
982
882
731
245
726
422
589
195
30
283
281
92
34
661
235
947
387
561
794
252
891
733
319
967
77
9
372
815
536
466
699
727
650
553
469
828
753
588
274
691
528
483
348
487
619
492
806
799
756
836
465
488
227
764
253
596
887
30
131
443
581
19
954
117
575
847
827
539
686
174
585
320
530
950
541
923
239
400
5
287
154
408
320
413
644
630
371
356
173
412
544
371
395
910
283
422
761
398
212
780
315
42
395
870
463
695
313
40
749
756
42
371
759
160
810
439
623
107
591
457
924
274
582
65
56
592
785
442
938
292
603
5
227
38
439
761
515
910
392
714
158
998
396
499
770
90
34
718
426
210
300
156
956
867
780
367
309
276
22
41
508
282
523
384
606
925
609
73
347
245
859
536
243
108
342
148
924
548
943
393
190
279
882
388
673
731
194
675
913
667
888
348
791
547
984
555
156
783
704
808
349
383
922
740
474
717
905
210
496
29
523
57
478
939
197
152
89
10
569
998
347
406
496
24
392
529
737
588
661
847
100
958
442
529
929
463
495
961
384
565
272
419
933
936
757
545
9
230
823
458
635
479
820
589
927
89
468
179
460
524
789
888
688
727
79
145
49
253
358
941
25
362
497
303
309
961
132
160
517
653
449
64
296
887
236
760
685
19
460
820
410
847
921
578
265
554
384
629
248
644
603
207
498
889
583
117
212
868
587
240
463
14
412
461
161
185
554
93
727
861
742
526
242
585
328
634
920
39
873
564
26
433
507
967
639
125
851
945
751
258
696
735
780
104
611
657
294
583
208
374
169
620
226
629
25
564
755
566
312
644
137
56
671
268
603
116
169
952
519
945
578
539
633
186
604
633
122
367
92
166
388
928
853
941
483
235
956
139
192
443
648
408
721
628
894
366
707
533
605
699
616
565
120
670
661
467
14
756
225
155
91
261
345
918
828
814
709
284
959
959
136
220
947
410
291
724
492
711
161
116
598
348
571
276
392
520
77
894
869
795
675
41
637
965
670
704
914
876
769
189
686
555
596
616
972
9
222
816
302
335
842
72
926
635
590
534
974
649
145
497
78
554
22
440
663
812
987
901
754
482
881
615
441
578
81
940
102
106
806
942
1000
879
588
69
237
43
908
142
315
949
857
275
856
343
707
174
75
140
753
575
767
754
476
870
980
290
640
486
54
828
410
839
40
712
789
385
12
736
89
990
628
351
711
977
441
626
150
51
503
918
404
992
337
600
774
934
9
244
892
419
130
610
611
529
382
64
416
875
111
506
244
894
242
298
777
72
421
869
842
401
151
124
486
744
838
322
129
170
513
917
65
642
226
590
879
134
639
232
337
288
192
639
862
168
302
482
503
498
598
371
237
737
20
603
227
576
10
957
131
747
519
505
968
411
209
712
151
149
80
320
798
977
119
495
64
476
131
442
15
286
350
17
744
140
502
372
285
468
323
869
751
769
715
464
268
548
913
917
513
881
834
429
605
117
466
212
24
243
946
13
724
963
202
5
786
511
628
505
952
201
985
465
343
800
703
163
989
870
959
906
383
655
813
621
230
122
315
61
607
882
11
427
562
988
603
772
558
726
727
561
887
181
577
91
167
792
623
767
397
946
182
139
731
854
968
308
844
873
17
125
190
788
437
56
789
319
645
139
633
398
426
283
212
129
837
248
842
232
83
678
216
460
594
130
52
49
592
492
241
133
728
569
378
727
474
165
678
22
934
295
281
435
692
466
386
809
133
42
958
918
692
532
118
652
203
179
70
49
74
579
716
718
721
834
70
584
715
841
529
907
413
77
114
116
269
878
281
955
29
529
200
863
636
861
921
952
609
927
274
540
564
651
154
185
26
364
875
560
687
718
7
67
126
326
380
977
914
573
981
667
485
465
135
844
249
295
425
396
552
902
442
649
18
374
523
203
405
549
223
249
113
796
776
55
281
819
163
293
692
596
164
259
201
908
483
912
144
844
430
24
657
311
462
260
878
170
984
495
491
272
296
156
839
949
885
650
388
164
941
723
624
973
444
460
477
676
702
999
987
865
777
276
740
786
354
682
607
103
380
924
606
675
506
551
936
704
476
14
576
641
463
641
172
956
167
547
300
500
852
394
409
725
21
907
93
420
367
280
562
10
255
125
231
53
363
341
378
12
86
525
217
402
784
664
497
33
953
643
314
413
178
15
713
614
288
922
683
172
282
296
472
94
330
201
708
119
772
452
286
640
584
445
730
957
258
250
176
190
169
942
119
284
378
396
905
583
536
990
773
225
809
425
69
187
169
385
891
401
881
816
474
251
687
687
288
544
205
697
928
512
347
638
0
939
386
841
513
886
411
508
569
704
62
715
574
23
749
167
286
671
661
543
614
98
860
696
588
839
930
483
124
564
797
818
807
256
241
723
810
14
332
467
77
618
938
621
383
116
672
886
48
300
51
127
152
24
886
861
636
835
226
9
321
688
456
802
821
963
734
794
234
889
158
609
933
525
222
989
552
221
701
304
589
395
713
365
606
807
994
190
569
423
155
151
132
385
780
391
104
992
482
463
729
499
326
19
763
338
470
59
753
237
455
243
554
253
369
371
38
185
258
399
171
48
567
458
4
668
571
100
636
482
982
319
438
850
605
717
409
85
332
562
522
887
874
267
625
285
906
415
482
788
976
759
139
653
144
395
141
366
862
625
124
468
839
666
855
72
125
569
612
711
443
881
885
843
457
730
211
851
969
294
528
396
359
989
41
690
864
205
240
277
321
652
109
551
523
991
525
499
292
971
795
502
512
479
858
10
813
641
811
306
655
438
966
662
448
517
771
592
552
549
923
457
553
541
81
292
552
950
949
320
892
215
984
69
241
471
841
910
52
33
353
866
383
876
850
888
636
811
643
389
1000
240
660
312
445
204
654
491
496
682
216
958
858
120
240
691
947
769
781
480
278
216
953
612
846
355
637
819
903
462
402
828
520
919
576
814
866
435
244
209
373
998
804
659
425
587
2
77
383
553
298
339
493
805
555
877
688
450
647
926
412
212
355
206
540
158
448
326
518
280
424
87
981
516
905
951
142
295
526
220
729
745
316
23
265
742
602
540
583
444
28
251
663
779
377
292
245
610
659
320
278
954
935
516
754
639
435
3
4
391
495
262
736
268
325
948
392
417
156
482
509
44
905
353
202
495
618
732
35
865
59
134
271
900
333
993
606
739
986
522
466
355
627
84
301
484
491
666
973
206
180
741
667
359
363
728
115
376
117
338
509
613
516
946
755
428
702
694
845
599
843
668
511
847
838
648
480
260
554
892
124
219
956
797
186
636
891
516
507
766
903
609
207
415
605
513
675
427
781
227
556
743
739
95
432
15
277
250
879
820
913
170
733
104
381
209
9
326
736
297
395
932
396
380
541
775
175
720
440
593
753
540
922
82
618
343
434
53
971
605
417
458
143
341
131
689
801
398
621
132
324
124
517
254
555
468
686
602
111
403
569
267
56
153
667
122
584
804
773
339
384
161
146
510
559
792
439
125
361
719
803
143
406
357
276
73
592
424
961
441
633
898
856
318
110
368
331
150
56
772
836
891
137
84
276
107
104
960
770
925
518
772
374
755
405
921
387
70
863
660
509
668
778
1
193
853
484
78
872
702
725
262
289
739
653
749
500
733
752
588
399
577
456
580
818
108
9
490
6
185
168
285
851
355
851
544
564
83
716
595
46
393
775
799
921
702
721
915
764
611
114
39
765
664
342
669
160
477
430
866
86
675
997
225
119
726
848
637
181
47
728
95
169
912
358
85
187
741
568
151
472
695
439
636
630
403
511
822
744
321
688
705
922
209
58
997
501
346
60
798
556
254
143
719
984
316
844
818
431
417
988
871
732
996
895
669
214
159
279
863
794
602
619
736
428
647
133
451
20
155
251
976
716
50
564
889
576
4
938
182
864
358
618
198
783
152
468
357
942
398
207
730
372
397
66
740
335
133
792
945
785
678
669
600
176
468
263
780
785
734
836
1
992
646
587
18
420
30
256
644
927
759
450
681
329
670
820
335
966
544
496
856
258
176
207
52
50
682
84
862
436
791
735
764
771
756
380
507
361
561
458
581
454
825
218
454
731
256
522
756
346
972
604
453
116
293
947
374
863
854
820
962
974
610
948
757
924
119
443
165
50
275
894
962
866
11
505
974
668
428
184
31
752
394
81
64
244
528
56
763
840
126
573
610
90
232
515
405
404
206
45
288
121
106
636
743
719
235
113
911
416
580
731
574
196
835
464
858
586
762
234
334
366
282
462
934
582
433
409
410
627
383
731
132
751
621
101
400
845
270
22
715
127
152
929
201
544
516
714
610
24
928
173
174
159
355
716
297
472
623
47
275
788
867
590
168
99
488
118
311
768
714
198
910
955
221
769
803
332
731
384
914
943
875
515
509
298
642
516
83
17
188
471
31
614
631
248
335
722
477
474
811
833
375
355
869
669
460
523
305
919
905
57
61
611
655
319
573
442
525
284
775
567
11
890
669
319
449
413
566
532
728
346
451
601
900
47
693
120
425
801
400
26
270
102
669
445
853
874
632
17
433
325
921
268
778
736
36
4
714
538
195
571
838
960
384
285
320
794
955
402
541
658
63
517
444
723
899
889
192
806
479
451
806
542
653
174
973
81
399
725
648
116
162
453
635
636
993
43
851
605
493
21
670
684
593
733
776
334
87
282
128
721
954
611
433
370
562
493
696
879
881
637
370
475
145
366
808
483
112
651
225
954
743
523
784
55
372
248
583
480
942
538
492
144
673
63
855
515
27
144
884
461
976
692
393
651
716
341
901
842
289
722
540
654
895
962
861
330
392
504
694
469
176
186
972
873
168
176
902
683
179
145
493
369
531
722
901
148
622
410
967
411
486
957
659
393
370
281
322
747
358
812
56
499
184
568
405
725
29
481
443
574
29
84
728
292
461
232
161
108
95
336
371
856
511
100
998
929
382
585
698
247
752
27
402
665
567
870
828
737
925
561
994
346
57
650
930
947
630
668
337
836
651
732
653
56
931
434
860
113
346
261
363
284
742
173
1
869
980
545
398
326
4
572
194
36
184
324
65
332
67
398
97
818
816
340
75
61
859
637
439
736
420
319
454
216
486
746
356
666
516
798
697
401
256
113
409
701
934
138
486
580
990
370
961
590
13
197
821
861
785
272
946
199
266
514
664
363
131
41
263
819
639
614
868
726
289
900
629
257
207
861
270
729
647
12
22
566
807
546
661
318
347
572
419
807
779
169
989
615
593
903
400
275
186
387
616
346
359
620
861
828
887
538
588
475
702
717
926
223
848
227
391
232
693
431
543
987
137
165
682
233
997
342
781
398
782
90
596
764
749
204
449
835
209
844
977
779
204
902
823
916
256
127
964
801
61
315
7
671
921
939
492
382
989
497
708
948
742
819
665
187
214
61
505
906
325
263
75
833
532
703
903
482
99
322
585
494
281
286
638
970
221
33
745
607
862
474
448
874
935
249
917
990
251
18
701
299
591
573
844
600
571
773
339
88
483
400
178
640
798
106
959
616
997
692
315
204
644
624
40
301
305
847
212
166
805
680
690
604
574
243
23
333
505
51
250
774
408
736
808
151
3
475
198
716
538
601
135
228
442
25
387
396
264
415
440
516
86
119
245
785
779
332
313
265
627
358
433
778
56
428
194
380
187
843
59
626
16
641
217
752
740
67
441
357
375
866
955
389
985
707
792
125
344
37
432
193
780
328
303
554
186
105
568
215
216
171
849
614
367
665
670
744
440
273
119
841
694
75
411
491
663
695
477
303
42
10
371
597
567
110
894
394
502
997
968
498
870
21
646
147
29
518
743
132
40
18
417
687
426
280
537
505
863
498
672
949
70
673
753
213
291
7
853
480
673
151
488
297
973
642
800
575
365
512
648
536
475
675
45
280
837
132
677
180
430
875
465
366
989
815
505
268
811
969
105
40
40
79
394
497
325
45
437
606
787
901
767
948
695
437
932
683
559
871
803
421
401
337
570
410
362
827
298
453
102
514
217
493
667
594
676
337
716
488
974
788
352
664
8
470
674
195
355
335
410
717
790
727
875
897
276
69
482
172
16
300
462
189
624
734
433
832
365
1
249
605
699
290
926
782
43
54
43
456
842
970
723
389
418
979
606
911
766
234
692
645
625
472
60
850
583
48
755
86
565
191
472
420
742
134
544
826
878
272
941
776
822
508
947
448
627
321
169
805
119
461
214
199
44
472
850
964
776
342
673
322
340
577
76
717
19
469
969
474
589
27
605
659
464
217
4
720
213
74
433
26
813
169
883
172
898
168
591
757
951
595
621
888
733
321
615
363
645
789
714
209
620
372
962
37
665
345
549
842
545
673
171
512
724
954
614
645
183
174
951
493
791
305
137
468
768
37
915
684
308
875
737
112
126
580
615
36
98
708
238
37
805
149
16
405
239
305
894
254
319
993
530
172
194
975
118
987
259
126
154
992
736
220
627
369
33
401
708
739
470
293
559
214
911
999
512
262
424
223
608
788
10
485
892
393
855
827
47
927
94
229
93
508
204
50
895
159
151
610
466
701
424
412
452
112
95
448
159
161
341
653
920
342
929
477
23
658
591
460
160
990
366
879
681
326
210
183
314
304
139
785
207
535
90
215
239
401
930
102
745
302
839
286
152
690
655
630
509
724
920
293
464
453
370
744
52
55
101
199
293
419
770
935
707
309
781
221
36
574
174
55
100
906
968
653
795
293
297
269
197
920
195
379
219
898
478
101
942
173
493
357
208
387
480
444
775
549
240
78
84
536
361
311
573
559
400
324
563
454
147
682
540
340
741
856
316
110
580
222
199
460
700
684
741
974
848
317
128
773
52
749
247
309
441
583
557
231
557
145
257
200
69
693
617
315
66
0
570
80
102
74
682
202
744
582
382
993
664
258
99
995
143
491
43
859
358
727
200
103
150
835
782
152
747
364
492
561
240
362
46
352
770
268
823
336
253
379
883
689
205
623
230
281
890
472
239
201
32
368
961
290
289
53
976
668
754
124
213
80
723
256
838
255
595
687
489
710
313
104
241
765
818
606
804
995
43
667
308
859
708
683
144
491
811
689
451
773
853
676
443
494
874
227
835
62
266
762
869
492
148
34
87
918
489
222
277
101
402
258
213
626
514
588
819
23
615
13
884
85
973
172
992
879
188
93
411
148
225
968
403
319
810
331
114
170
229
805
959
811
13
526
588
35
887
372
276
841
122
96
367
533
893
450
448
336
667
939
77
925
261
703
45
865
602
587
229
822
77
461
414
460
485
512
721
892
309
835
165
228
874
16
599
756
655
917
902
567
896
126
400
662
690
161
522
675
381
893
313
925
3
958
822
489
156
403
946
887
877
161
344
921
122
67
101
228
929
449
921
358
208
458
972
311
979
189
600
670
94
817
442
952
554
52
232
906
450
540
153
369
853
133
344
165
66
438
822
430
593
131
914
409
569
45
221
166
150
249
873
216
370
265
562
68
162
578
74
368
562
742
119
850
780
462
412
848
752
49
745
898
774
545
300
522
597
282
290
341
360
465
452
373
778
273
358
778
16
678
362
65
813
281
138
757
512
287
31
360
786
137
828
294
884
397
245
451
770
863
569
469
310
547
336
317
435
321
447
818
329
966
345
484
315
22
425
702
253
592
832
930
633
343
845
214
293
72
825
672
914
760
904
744
238
670
771
822
638
228
826
489
709
339
943
251
893
936
796
132
422
808
483
712
50
464
281
593
800
803
609
143
380
316
500
876
282
220
677
703
328
410
969
748
611
957
935
357
728
86
87
138
436
470
421
227
494
939
358
24
770
292
496
18
10
854
684
230
178
242
423
984
885
822
591
385
286
674
670
640
412
50
167
53
229
390
741
822
448
271
684
624
510
25
85
531
437
259
650
984
151
239
407
905
565
94
805
723
831
426
862
31
271
364
788
806
393
16
259
980
59
351
439
627
1000
941
369
132
585
172
374
634
531
839
763
70
444
875
521
90
265
344
152
764
506
292
869
420
605
174
797
166
758
23
24
161
987
550
838
572
596
410
400
814
408
579
591
376
521
88
442
632
988
345
783
58
577
300
800
972
492
552
37
46
718
796
996
175
618
32
311
964
443
662
103
90
29
831
314
314
113
858
288
612
939
705
376
930
178
444
617
392
592
835
798
784
999
867
351
837
892
451
677
50
873
632
436
864
469
816
525
401
457
359
388
858
425
752
334
557
178
979
991
632
624
140
885
932
806
558
623
416
733
411
228
709
679
739
344
698
170
643
96
90
447
663
172
712
467
30
174
644
823
728
969
448
711
667
734
221
970
285
740
142
642
674
453
915
221
650
789
88
426
955
376
983
935
502
915
350
4
838
51
955
808
492
894
966
165
649
197
207
593
181
506
888
697
3
530
467
627
371
609
539
442
313
728
332
858
48
327
181
743
646
911
603
569
339
720
318
591
584
284
386
665
247
442
170
906
381
360
353
26
831
773
528
87
504
544
781
891
375
529
916
587
600
277
712
493
374
323
434
183
600
864
127
952
973
517
296
31
146
736
253
181
730
327
738
582
162
413
837
631
307
437
966
87
182
396
1000
958
599
115
605
13
948
790
520
872
75
256
977
741
401
834
941
363
564
213
589
870
640
14
748
455
823
351
48
55
306
971
326
211
53
646
711
108
69
281
489
283
711
560
266
737
518
84
627
132
840
314
155
807
611
787
724
64
858
831
249
125
269
360
460
424
322
937
828
986
593
443
389
653
737
568
169
146
692
824
602
148
655
180
775
364
665
734
981
706
425
640
12
766
270
322
514
729
252
628
541
234
473
286
111
276
949
623
191
736
77
463
373
666
449
606
607
618
316
693
397
358
883
492
924
315
435
903
424
320
951
296
434
463
49
392
334
331
853
301
825
798
595
115
583
659
847
542
729
100
72
222
743
669
500
161
45
637
647
991
546
847
651
20
809
495
506
361
216
613
37
259
315
209
886
538
600
830
589
942
785
894
407
305
95
715
622
490
386
749
639
380
543
649
654
214
360
546
734
884
603
327
618
356
999
645
858
870
794
114
562
423
956
187
391
868
756
811
920
948
905
659
200
850
558
644
611
585
158
506
217
989
363
189
0
77
560
327
781
507
274
598
970
224
951
858
342
85
933
907
72
470
723
522
955
601
259
964
700
171
285
779
146
250
311
743
547
793
479
318
447
865
359
23
583
15
953
292
76
488
705
198
686
793
623
481
756
969
115
550
546
576
862
90
561
579
454
970
216
830
739
920
954
351
366
580
668
707
243
260
618
746
762
108
605
431
841
949
452
613
690
698
415
15
281
560
253
163
14
486
531
735
879
283
550
635
292
180
305
580
530
832
83
535
121
123
759
771
702
246
989
795
327
910
306
876
534
77
774
599
105
963
641
104
223
947
993
569
168
99
110
507
125
133
236
592
501
102
704
374
939
273
609
582
934
539
636
49
957
432
796
845
687
61
790
893
129
143
27
39
372
611
848
307
286
275
354
822
538
301
747
942
338
7
3
226
557
173
37
14
674
845
287
483
197
456
228
897
331
71
40
972
290
193
738
683
66
311
196
102
536
712
426
189
519
198
729
273
907
149
515
198
601
273
94
275
174
229
207
238
257
137
45
345
192
585
451
439
673
708
806
688
664
740
338
111
281
801
233
499
145
570
663
975
419
897
251
497
956
670
896
11
197
998
274
872
922
279
387
811
939
426
469
316
245
318
519
919
713
409
732
73
977
131
557
548
152
501
215
49
134
942
548
861
131
201
659
573
439
858
872
661
678
663
486
366
511
184
698
360
123
504
418
889
845
808
289
289
731
68
180
236
811
738
489
184
965
942
19
212
63
875
492
708
586
213
357
331
708
398
887
722
463
674
454
91
806
877
482
168
954
658
26
371
161
523
226
801
406
42
753
760
378
935
269
694
984
439
268
979
814
556
797
342
4
237
944
160
268
621
558
932
400
450
467
993
161
451
785
907
174
857
927
894
93
721
948
514
363
794
605
889
642
38
819
770
151
952
560
849
929
326
455
508
293
273
96
933
310
938
98
739
795
685
978
34
348
519
276
660
253
166
472
7
609
980
984
349
337
824
406
1000
606
178
455
5
501
128
202
427
711
753
756
406
499
779
692
780
775
602
984
831
726
355
939
465
431
857
450
671
208
298
890
18
881
334
969
140
964
838
690
944
589
234
241
92
966
266
885
91
831
380
757
921
952
633
296
890
345
914
949
397
177
505
595
190
650
72
551
799
745
456
806
937
970
504
129
512
747
664
503
784
447
50
842
131
607
677
745
253
653
462
86
425
641
697
173
874
969
109
855
337
669
330
250
729
272
82
624
230
917
861
904
199
849
249
887
443
31
215
538
882
368
862
70
686
513
26
610
148
637
106
151
531
836
320
146
539
245
587
552
499
654
427
156
554
551
999
850
43
261
15
390
149
804
495
281
511
109
775
892
509
741
162
688
257
566
357
651
303
286
808
587
662
339
946
109
759
193
327
519
812
425
832
400
576
151
8
432
149
148
509
902
759
294
359
455
454
960
224
103
310
863
247
685
818
745
668
985
356
816
685
786
508
343
20
416
383
157
560
435
215
397
891
874
195
814
50
949
729
186
640
461
645
922
724
238
962
521
78
498
343
9
69
721
124
455
920
233
392
97
21
717
885
663
249
861
233
109
433
211
581
488
788
841
121
227
153
776
30
379
104
229
844
822
72
596
823
984
436
312
48
741
835
37
130
132
921
800
744
969
724
549
924
806
608
735
381
798
593
100
797
526
560
387
861
691
692
182
249
355
633
665
256
594
452
887
592
555
196
327
336
53
30
630
205
482
851
548
709
986
84
421
448
741
820
800
396
511
844
633
917
442
315
760
786
620
529
486
512
392
830
803
581
502
452
850
260
636
665
490
698
167
640
701
554
171
139
301
240
633
831
602
882
2
870
291
145
44
665
247
315
496
15
963
166
36
121
641
99
488
607
727
664
528
241
985
868
329
860
909
891
128
351
753
811
742
105
435
319
289
544
431
876
135
825
259
948
449
158
49
32
10
726
497
838
806
573
761
470
579
464
740
6
824
858
752
0
344
555
752
644
301
630
904
114
827
550
888
816
516
807
575
383
401
501
878
260
664
238
883
386
827
535
212
482
685
228
811
671
984
809
503
510
508
547
13
522
536
148
283
969
447
875
507
400
728
547
63
350
358
868
302
287
110
243
105
328
269
465
220
54
222
364
851
924
607
443
779
997
305
164
785
501
994
114
546
38
359
935
939
385
89
978
789
401
183
323
777
409
791
191
824
232
340
881
754
132
951
342
532
813
920
105
816
460
144
928
769
537
78
937
645
729
762
871
116
290
967
806
288
282
615
414
913
283
920
604
927
224
713
978
68
426
395
296
469
272
454
640
937
59
206
996
420
382
744
896
696
507
844
820
620
126
715
622
610
478
795
654
902
306
337
777
909
764
445
716
758
228
495
691
239
849
90
26
405
90
814
8
768
158
366
245
207
715
974
272
82
111
275
620
557
497
199
629
422
218
500
853
140
558
704
379
702
672
167
408
378
614
335
51
612
876
696
897
678
887
811
494
889
600
262
870
555
695
466
970
233
532
958
750
851
641
717
182
695
480
337
553
7
904
873
436
358
304
646
69
942
503
796
626
542
714
141
852
749
85
94
953
465
954
586
868
463
294
670
345
391
311
684
662
952
540
553
386
405
642
98
468
137
594
576
481
958
935
604
842
500
811
591
168
200
120
164
944
935
594
587
620
816
266
415
385
888
642
356
730
314
870
913
29
4
970
739
51
124
631
385
946
657
531
554
14
968
980
833
147
787
278
684
548
45
959
613
374
766
869
68
447
271
471
349
412
412
698
21
229
246
84
492
802
998
832
145
414
108
163
375
450
922
736
19
357
491
666
99
616
534
109
266
526
412
790
92
901
914
204
607
640
275
100
545
671
945
697
629
70
168
922
514
304
758
904
93
210
436
155
695
76
852
391
705
443
323
213
782
176
931
330
941
638
423
862
527
552
339
449
900
119
220
26
291
380
549
783
330
460
985
118
61
659
827
211
123
851
823
964
629
784
284
363
222
870
906
193
943
579
349
194
553
564
70
171
879
943
334
800
260
161
350
227
631
638
791
588
179
997
734
737
552
652
142
145
810
880
734
921
665
335
231
485
576
318
1000
608
902
646
276
663
621
905
496
145
546
921
373
849
187
44
519
775
303
766
387
69
417
581
135
237
975
542
266
316
640
426
668
751
527
936
227
551
321
679
336
429
572
579
745
918
887
731
56
108
853
960
701
947
199
61
458
397
373
88
778
110
36
665
711
325
344
828
692
23
711
580
0
389
751
60
968
990
499
455
442
305
457
397
551
276
990
135
596
390
929
382
31
222
355
189
498
64
567
996
69
627
48
166
195
698
431
335
146
541
269
910
645
999
452
765
12
363
561
82
179
193
623
649
948
731
982
46
619
941
632
36
352
347
622
239
238
233
973
382
773
546
899
293
41
468
705
360
505
243
914
159
478
242
577
418
338
704
456
442
972
730
254
60
242
149
15
241
273
819
163
786
706
611
974
150
401
7
573
239
635
375
74
970
179
687
724
564
808
720
35
27
583
953
837
602
711
977
368
290
961
855
150
14
21
51
916
705
487
624
206
505
577
169
775
93
498
636
148
927
518
384
280
238
455
917
693
98
461
480
758
976
705
234
463
3
99
904
733
573
480
278
860
408
386
856
170
280
192
250
40
840
633
687
714
17
531
549
347
684
146
424
52
651
205
758
899
309
720
281
955
938
468
639
629
661
182
647
44
875
864
106
482
891
964
879
247
27
89
20
406
95
507
975
954
450
960
607
168
845
765
445
92
520
104
209
403
96
358
519
170
273
486
497
983
533
670
453
665
636
183
583
382
990
238
642
971
595
704
667
871
621
681
505
565
104
920
844
37
594
12
542
974
177
564
780
862
534
337
143
565
319
706
578
865
849
780
804
564
855
738
904
509
488
945
769
85
310
69
283
251
365
594
396
894
207
459
59
120
320
856
716
492
149
385
471
166
484
256
26
319
31
768
44
178
98
358
534
521
174
822
911
483
941
887
67
733
381
782
211
378
774
465
301
326
348
838
224
433
810
232
330
973
364
641
526
376
978
653
812
629
993
344
783
227
926
324
401
690
196
943
718
409
60
253
313
365
231
648
576
113
610
308
591
510
777
284
931
890
530
947
984
104
763
267
226
458
509
334
166
594
339
740
989
604
359
265
482
912
580
469
259
573
863
181
368
673
584
656
115
464
589
542
968
401
173
679
821
831
451
308
690
739
748
322
391
885
86
908
250
835
498
161
463
740
549
85
721
375
366
160
523
849
349
863
587
766
209
838
208
465
648
570
576
162
610
760
479
274
125
865
288
153
474
894
245
582
448
242
292
181
223
862
890
111
794
34
234
992
993
534
689
64
206
854
872
173
58
823
514
869
24
737
226
591
250
644
347
425
504
389
271
841
632
398
274
176
543
315
76
468
420
617
590
83
959
542
581
99
10
65
967
759
245
857
535
834
782
889
967
28
697
122
650
716
675
989
107
835
575
437
7
279
334
755
412
180
410
560
206
235
555
276
780
451
990
745
914
35
940
396
815
328
46
781
433
813
708
423
737
325
211
81
76
695
658
891
843
178
82
485
579
8
882
641
818
489
759
958
715
658
760
867
198
421
533
378
777
227
548
948
310
320
269
64
916
897
57
812
417
193
353
658
529
801
804
993
423
47
155
4
137
967
785
741
749
491
122
398
229
544
965
388
30
813
607
972
855
841
423
337
403
326
868
320
285
954
174
886
343
104
896
96
606
654
204
504
922
391
321
130
796
780
798
322
939
403
737
704
0
515
25
246
26
255
338
398
602
436
52
676
785
515
377
294
565
835
437
297
828
445
739
564
539
76
38
347
760
422
537
481
249
550
843
342
634
170
542
1000
106
831
315
929
720
265
995
491
124
552
74
479
164
866
712
188
814
220
672
878
621
601
451
466
192
465
555
119
951
553
560
797
827
369
109
469
78
444
761
493
254
452
567
445
930
509
384
801
22
512
896
167
926
257
199
9
389
466
62
218
574
195
314
171
660
885
419
495
365
99
951
75
713
356
326
945
452
903
577
193
948
805
88
917
468
806
202
690
772
641
634
906
813
884
5
73
122
860
915
378
198
488
165
947
761
315
880
262
156
809
734
178
379
950
533
110
146
700
511
305
454
361
636
716
291
534
632
995
216
895
615
483
586
924
96
396
877
57
247
42
661
991
123
708
264
957
814
547
291
468
570
390
136
851
127
831
105
464
19
722
961
293
141
519
823
696
488
846
147
336
357
656
420
949
36
459
382
647
244
952
265
1
47
736
483
950
997
868
424
810
169
880
721
590
783
199
98
816
776
622
447
222
267
695
238
53
365
984
655
709
573
791
543
458
246
959
869
824
490
566
667
821
670
105
193
7
514
394
907
996
450
214
570
752
86
62
659
260
778
323
865
164
495
709
506
239
574
465
246
900
692
145
684
26
24
499
15
898
505
91
177
376
476
750
235
116
853
758
491
350
802
411
316
206
381
369
398
529
732
293
262
167
975
878
228
539
149
44
609
466
531
487
247
300
735
655
569
116
260
154
90
229
237
212
915
182
962
325
146
596
431
690
374
542
206
795
785
517
262
598
548
582
198
650
308
202
660
301
3
978
436
329
269
358
626
703
365
92
537
115
701
703
208
551
482
134
19
432
719
993
806
709
959
511
168
743
505
182
90
987
382
439
218
834
760
377
264
458
922
25
335
564
669
628
232
916
230
262
100
390
306
896
150
287
753
351
949
527
708
346
854
159
290
997
592
253
707
535
25
842
224
307
938
79
479
708
729
912
96
953
56
161
576
198
392
453
710
271
251
855
823
230
156
379
781
778
427
964
258
53
619
413
915
692
79
773
639
421
918
797
105
618
763
919
257
429
42
950
34
570
897
499
541
22
370
619
464
980
576
312
175
536
473
44
518
715
274
533
618
467
675
804
246
770
351
571
280
655
715
156
176
896
719
96
841
893
100
810
429
923
121
877
714
115
418
693
628
33
219
876
629
546
32
611
520
207
813
335
768
326
832
624
866
587
173
571
499
432
365
891
540
614
426
596
971
36
632
84
330
802
23
53
722
333
887
96
161
968
279
947
528
392
277
829
185
247
799
792
140
428
324
503
132
521
148
658
497
168
270
108
381
7
374
444
65
593
518
889
884
41
581
248
267
885
904
440
620
969
92
786
613
266
205
689
742
234
101
682
211
30
176
930
832
878
828
484
193
105
658
82
469
457
51
658
719
728
111
599
976
820
81
828
186
780
33
724
331
311
496
809
355
568
445
24
798
876
61
965
828
362
937
929
697
294
48
794
171
623
116
536
758
853
44
567
187
258
490
596
526
676
462
504
303
204
574
721
846
181
750
116
838
389
246
762
678
122
111
651
724
467
21
169
164
613
46
780
71
295
998
240
617
837
671
391
535
905
588
264
152
547
166
451
443
18
556
857
830
327
451
433
318
358
485
159
868
169
340
934
921
626
29
520
295
595
701
358
495
900
550
871
822
171
610
587
557
307
24
281
912
216
231
241
528
509
130
194
557
107
416
451
19
410
506
617
341
259
64
885
30
455
607
751
701
810
238
480
418
45
20
646
604
781
547
415
559
987
682
362
409
236
401
868
566
977
95
558
49
206
59
791
760
185
460
734
721
46
653
694
14
132
620
3
985
743
926
420
460
858
924
499
348
588
954
102
196
191
213
752
243
958
466
135
225
992
363
733
533
561
517
119
79
481
58
237
634
761
622
235
674
94
393
734
684
364
531
282
664
303
303
18
809
995
52
386
952
474
304
289
45
468
528
993
59
913
898
427
130
590
915
767
701
562
181
527
139
93
733
771
24
795
758
705
386
958
545
873
388
583
601
55
361
281
207
933
133
178
239
10
476
487
941
41
652
7
739
418
988
369
323
461
867
248
264
798
588
888
350
942
436
620
408
314
890
84
717
580
322
640
748
110
402
775
560
207
878
678
439
623
642
986
793
477
587
128
105
270
197
56
63
253
469
926
786
977
300
779
40
289
703
499
54
831
308
378
989
737
553
622
736
187
461
39
769
550
927
137
656
459
708
799
679
399
175
632
593
926
996
345
210
931
695
439
492
369
667
537
674
523
8
378
429
434
523
85
514
533
339
672
109
432
303
358
915
761
987
839
522
797
963
740
622
142
830
222
944
211
270
701
711
616
854
241
162
958
525
917
952
413
743
672
526
552
358
145
833
515
876
696
312
951
390
603
657
806
985
353
179
153
398
660
52
597
710
980
721
520
357
955
427
208
519
31
68
615
26
431
312
762
495
422
569
573
968
415
413
521
914
713
607
576
634
427
803
448
716
133
447
958
203
738
360
484
375
302
326
813
394
271
921
15
77
57
572
737
58
875
826
731
752
963
604
969
685
933
108
832
995
380
469
410
215
833
668
983
714
340
923
770
58
228
794
126
603
426
849
530
408
992
541
989
644
239
907
721
964
287
778
397
356
904
547
762
502
817
930
889
811
695
221
494
336
986
759
761
949
970
538
291
228
396
717
711
493
931
900
835
943
332
983
47
101
344
436
101
592
966
437
420
957
107
302
354
427
942
220
557
319
345
737
979
489
23
106
121
372
224
430
269
173
625
900
594
950
921
912
134
401
337
588
888
963
956
98
22
732
68
728
882
452
712
978
509
732
472
585
142
573
717
277
74
595
46
146
84
33
746
971
846
367
502
767
31
754
47
4
435
144
223
631
893
523
677
467
29
828
494
802
541
407
95
649
703
614
37
9
401
785
955
673
349
150
878
320
214
980
751
540
588
477
25
156
497
897
342
859
480
853
10
27
612
108
969
229
421
265
369
627
212
465
861
767
770
788
366
0
230
376
267
635
429
805
631
855
438
496
756
725
901
166
237
729
28
818
447
248
129
1
282
843
699
271
588
431
307
407
548
405
219
558
194
140
32
541
585
149
962
476
684
985
575
813
140
286
698
964
616
19
360
327
190
1000
991
810
585
160
803
155
97
517
336
132
773
761
0
345
167
132
599
146
721
765
968
850
158
873
80
860
786
124
616
20
196
928
641
474
931
357
52
423
250
42
9
972
322
356
440
190
876
459
847
968
669
988
367
330
50
877
219
18
873
577
24
518
588
145
413
481
769
152
337
546
693
403
44
236
437
685
569
727
282
959
467
365
721
922
938
609
606
383
693
596
86
162
952
489
267
160
264
710
200
687
731
229
976
308
522
393
520
772
771
870
728
149
386
343
610
747
352
6
755
514
759
451
70
499
953
781
722
368
659
465
660
143
736
441
389
85
526
358
827
921
573
182
834
333
898
189
632
737
257
783
642
211
14
750
880
156
98
530
813
330
816
350
152
212
535
776
333
431
863
390
399
779
605
101
984
552
441
127
551
397
748
29
812
446
267
312
171
10
10
133
256
775
461
719
851
232
844
743
310
765
680
898
331
371
980
77
688
304
394
727
255
798
163
159
223
366
383
993
699
26
934
887
77
233
250
880
766
461
185
127
690
867
664
855
394
354
178
954
975
832
99
164
867
471
175
155
635
668
825
724
74
883
335
327
381
434
692
251
454
753
613
411
63
170
58
404
801
81
384
690
600
131
329
557
759
855
487
488
387
423
11
768
319
447
208
946
712
659
422
570
799
57
895
393
230
781
50
495
17
855
366
427
247
816
433
762
197
518
737
827
819
680
176
210
67
311
314
852
75
146
396
703
780
28
345
713
43
535
112
663
697
651
676
137
874
794
503
633
657
496
798
704
274
848
217
507
540
801
8
591
803
59
264
271
574
750
807
918
540
831
807
660
705
394
751
946
630
423
632
450
137
175
590
378
653
766
424
240
595
311
93
108
482
783
556
953
14
913
52
653
306
45
258
302
259
618
124
926
821
902
870
844
335
4
990
311
484
211
236
88
561
453
71
12
728
578
26
34
944
365
749
732
718
614
813
907
472
251
826
540
576
896
474
27
823
215
574
590
958
332
370
864
925
429
200
125
549
529
34
939
330
174
127
664
558
846
360
974
540
954
953
843
651
573
703
348
15
324
568
119
521
333
123
966
388
399
524
59
745
441
591
845
606
156
164
645
505
797
718
455
54
709
860
755
391
102
717
799
973
451
930
321
78
261
573
535
951
602
409
502
236
167
903
989
605
948
721
411
70
725
483
14
237
728
49
762
725
38
624
54
822
152
447
18
18
188
539
21
123
241
517
437
51
455
657
890
506
358
574
471
601
838
709
552
945
485
831
763
553
922
793
911
536
660
864
11
629
160
807
872
912
699
508
123
358
899
800
641
32
775
246
461
579
151
716
485
682
717
173
252
229
322
649
522
745
179
250
929
654
996
313
355
535
754
130
810
715
384
855
857
342
1000
881
497
889
452
753
779
421
317
481
254
249
264
293
722
386
230
404
530
973
232
267
774
68
128
12
541
3
600
557
144
663
250
269
364
9
719
292
236
987
291
905
328
596
6
772
677
421
946
669
639
227
811
695
876
125
512
105
686
394
520
451
581
352
408
583
760
112
358
84
600
954
600
296
89
348
381
976
480
642
670
998
67
258
211
153
887
606
986
859
377
489
37
216
88
718
233
782
934
805
355
449
467
900
711
455
580
616
909
275
697
99
953
811
636
721
467
236
741
286
518
762
643
927
640
468
19
765
180
639
928
273
903
928
971
101
779
438
626
892
241
493
615
539
330
215
516
225
319
630
519
391
430
644
624
857
109
731
1
242
77
803
641
77
511
526
426
806
466
534
508
344
130
578
341
384
653
698
808
674
717
706
3
467
460
187
96
39
515
378
96
838
714
802
856
20
701
627
967
306
918
181
63
603
222
141
411
798
693
334
903
232
774
379
628
805
657
377
642
995
996
872
352
914
318
895
645
707
334
979
602
565
468
181
112
783
639
757
281
557
104
844
4
361
540
527
485
165
981
103
96
882
359
303
160
901
909
84
367
636
671
376
677
314
916
803
177
823
541
555
184
444
37
228
493
334
559
594
841
559
958
885
164
952
629
347
302
424
287
714
325
322
432
858
4
207
740
982
773
859
227
232
968
453
458
966
281
286
565
4
410
639
937
282
365
751
283
643
410
790
839
929
108
13
5
280
910
214
896
344
216
212
259
252
663
349
298
637
179
362
510
741
426
532
667
567
328
202
206
843
174
986
441
87
927
859
917
776
28
895
340
180
644
208
794
143
180
35
328
307
733
539
88
29
404
947
549
81
417
625
558
661
785
31
797
775
806
35
303
667
125
623
577
417
139
982
585
864
0
151
669
518
784
956
201
754
146
505
439
741
694
336
307
155
261
458
46
957
489
658
281
447
744
223
275
641
868
863
942
495
388
608
558
266
639
683
439
536
470
805
298
742
244
345
984
875
976
775
72
516
120
772
214
41
478
720
462
176
855
985
631
20
490
31
290
544
453
744
512
842
960
130
323
574
110
886
540
33
286
466
685
583
873
289
449
29
70
838
919
1
830
216
754
552
895
851
231
700
841
806
457
738
216
479
273
735
92
892
219
197
809
290
460
709
770
30
192
615
528
721
769
252
905
178
692
840
717
550
194
301
515
825
686
818
203
791
325
377
407
362
101
639
903
257
75
61
635
860
573
496
125
796
942
292
934
635
360
89
963
77
598
227
278
111
160
623
945
415
463
779
35
844
452
978
167
401
758
33
178
543
900
653
723
563
152
126
430
433
38
495
228
12
814
531
994
446
281
288
959
530
12
933
809
783
175
942
315
552
283
464
953
347
721
343
46
397
670
374
877
165
360
334
338
100
983
491
698
56
266
915
582
869
159
584
921
438
56
679
962
205
459
616
750
364
841
733
888
661
427
418
602
817
713
407
8
312
671
425
947
747
323
837
63
154
850
693
1000
566
950
460
978
281
872
650
998
177
636
61
995
52
904
524
542
379
226
625
841
550
690
145
338
858
350
386
619
850
78
584
63
535
970
1
14
760
490
54
239
750
902
776
461
845
139
918
78
89
984
542
281
720
578
594
93
932
336
744
198
550
944
179
246
165
227
468
334
426
722
970
13
433
302
835
256
109
881
308
10
369
832
286
903
977
100
935
339
519
873
994
714
53
8
33
198
219
304
141
21
405
273
447
664
396
360
190
150
119
679
554
788
407
711
536
536
151
10
324
512
972
439
990
698
500
29
184
459
892
360
749
816
132
776
108
874
128
24
473
229
639
346
472
206
61
45
137
717
898
446
110
492
399
24
310
952
788
128
394
95
331
883
5
431
458
799
64
563
600
444
562
597
566
304
364
343
110
657
328
822
625
913
891
342
963
906
444
891
487
396
361
