461
518
418
697
126
557
952
242
655
251
192
189
644
88
928
571
150
599
895
619
744
218
736
43
632
246
48
859
809
920
897
741
659
802
118
146
236
280
805
533
627
513
101
24
412
733
118
672
736
931
664
136
386
396
593
849
325
865
337
180
254
18
283
535
729
995
615
348
244
879
287
218
107
480
350
871
941
17
76
773
966
921
553
780
373
63
159
705
412
195
953
178
800
171
989
406
994
618
66
752
263
237
103
131
430
180
890
607
562
986
216
434
780
71
177
280
607
328
426
898
597
25
793
336
541
405
738
984
564
589
85
653
4
476
796
932
74
793
496
183
690
53
694
435
506
692
916
992
569
67
235
536
541
385
523
540
343
635
827
703
752
361
716
884
55
504
910
827
443
5
359
50
591
185
274
856
197
774
865
524
870
413
842
870
415
348
747
691
694
2
30
880
177
124
362
659
433
623
315
854
665
751
516
324
675
899
689
405
219
60
977
312
4
596
712
499
31
198
778
324
695
428
556
252
358
181
253
683
996
789
341
945
537
413
74
313
157
342
137
254
728
785
240
845
446
884
282
424
418
396
933
961
492
83
351
184
497
137
639
647
956
884
68
839
284
483
531
565
154
362
897
272
819
178
367
762
421
552
303
155
342
253
449
118
691
177
189
671
961
41
238
172
423
580
587
584
25
231
887
543
742
284
889
516
771
342
816
630
521
149
505
949
710
867
186
243
708
259
280
364
399
111
202
751
789
287
899
118
122
389
444
256
166
679
260
69
267
205
967
675
651
519
786
855
733
39
397
585
920
225
169
492
63
193
331
700
215
494
477
432
560
902
818
761
806
9
564
35
935
659
109
373
315
975
271
283
303
343
756
499
765
985
508
98
147
188
345
967
676
876
221
130
157
10
331
997
750
289
579
230
577
401
810
558
857
549
23
841
543
377
525
938
485
298
431
970
861
255
238
675
986
437
763
143
209
868
176
271
327
738
723
223
634
955
310
646
558
508
667
784
324
873
701
118
45
25
348
677
413
742
644
621
226
538
683
813
557
409
505
343
369
134
486
706
430
642
485
246
641
840
104
613
337
633
705
848
398
865
807
749
179
500
183
56
41
734
803
603
458
782
888
46
713
25
829
49
419
607
457
967
186
493
684
747
358
848
222
443
94
214
364
17
474
231
163
105
790
277
188
240
884
735
846
994
232
391
273
358
728
983
763
637
700
707
712
488
421
987
97
221
401
697
713
237
153
111
350
85
643
726
710
426
184
192
605
373
207
427
452
353
108
350
608
841
819
10
722
999
19
423
948
54
372
14
981
312
83
120
904
228
764
841
647
811
344
92
698
928
893
760
621
266
575
188
149
918
886
67
165
148
373
812
943
971
967
662
222
285
635
436
695
634
701
192
538
912
900
840
838
229
446
538
461
420
986
585
584
267
98
216
491
135
397
2
771
677
905
895
256
886
105
380
229
948
847
630
742
690
228
128
387
535
6
390
908
301
865
529
433
134
933
789
457
410
177
940
243
485
451
723
394
582
830
789
910
599
539
178
301
229
857
822
254
360
156
927
720
307
482
54
283
35
28
684
412
488
759
42
147
203
453
215
721
549
28
489
209
336
880
855
42
451
654
949
913
845
550
94
457
710
268
109
619
901
486
50
843
277
255
488
725
657
41
412
25
317
919
530
461
759
107
61
206
653
549
542
731
889
753
203
125
282
383
294
249
774
423
932
820
790
476
248
719
108
443
234
810
928
544
336
150
734
348
605
285
636
1
80
711
723
501
931
664
689
500
310
304
921
926
846
796
628
6
274
316
380
565
196
523
588
616
51
951
61
920
363
57
241
464
129
359
579
811
925
335
413
758
345
751
410
33
747
433
382
712
329
436
27
447
91
566
973
381
865
969
952
98
300
510
743
984
358
760
117
582
98
225
86
190
480
151
806
765
337
659
474
487
387
700
934
129
561
723
53
165
192
829
160
904
151
530
658
23
157
208
514
135
488
103
585
982
908
588
733
964
266
395
661
773
519
885
337
270
560
41
339
370
10
35
884
48
782
436
147
766
593
229
810
528
789
513
832
725
382
403
122
759
189
387
129
527
480
860
191
257
651
182
723
715
174
106
703
746
888
373
373
801
183
203
151
497
583
565
502
884
218
655
120
586
336
466
328
104
883
144
368
387
394
359
726
44
996
345
170
569
740
768
909
795
312
349
339
897
475
130
55
322
225
265
10
916
766
897
194
521
782
892
150
220
579
537
341
733
270
828
799
923
502
90
390
652
781
639
995
105
441
626
517
798
525
89
799
257
390
669
224
175
303
352
266
442
794
696
420
216
947
213
42
227
595
452
794
865
372
654
584
277
524
700
746
507
218
839
84
955
983
688
929
789
53
469
174
927
683
357
646
9
887
739
667
683
312
429
175
646
17
316
995
87
643
285
446
398
873
584
553
997
164
721
183
388
841
18
66
568
470
560
580
505
62
223
694
705
904
459
245
312
1
311
416
196
851
298
509
581
275
528
911
233
742
759
206
463
516
220
428
387
663
866
109
62
910
487
56
743
129
817
337
924
783
217
355
894
70
980
426
414
806
622
995
149
423
499
354
630
245
28
281
529
452
829
601
142
718
397
886
625
742
80
277
789
687
172
994
542
191
544
268
291
252
318
900
524
936
836
139
147
857
372
996
54
430
535
686
209
150
634
83
660
541
859
889
359
386
537
3
914
52
84
952
714
575
98
188
848
846
115
912
318
130
169
257
997
362
895
459
632
984
851
483
973
4
958
317
256
218
698
277
906
878
708
965
340
17
794
434
281
83
99
462
639
546
75
432
23
211
452
167
571
427
154
846
941
171
589
33
348
345
533
99
168
511
803
139
248
469
624
939
20
734
148
521
174
574
831
73
57
319
683
322
674
450
127
424
325
641
73
176
952
384
225
140
30
111
155
851
184
938
867
539
97
815
118
977
39
816
190
777
20
769
755
689
958
156
202
797
364
862
414
697
912
778
427
994
258
94
827
434
898
692
825
499
746
845
521
869
452
907
427
204
351
732
192
377
831
333
43
931
937
324
653
172
889
522
103
272
404
883
326
740
394
782
755
130
478
395
717
66
789
474
776
758
744
963
758
301
581
258
180
28
686
30
787
340
516
442
404
100
495
322
446
283
910
330
360
636
710
707
723
137
660
126
864
306
575
742
120
935
938
990
379
155
423
265
121
190
795
771
146
212
277
619
990
654
217
552
812
770
532
249
156
730
77
479
427
790
288
130
130
24
233
748
680
113
845
303
870
851
523
16
588
869
598
676
828
457
361
565
239
946
56
567
729
233
225
532
521
728
818
959
71
850
946
832
839
246
292
137
937
62
103
132
925
849
932
95
891
454
299
999
264
951
924
667
340
662
591
433
949
577
344
354
95
897
954
712
799
0
641
997
991
149
210
844
195
633
896
147
597
424
53
917
576
809
541
656
75
953
572
737
632
690
588
88
569
899
651
102
153
983
585
122
818
433
690
624
668
17
244
209
805
758
216
601
160
857
378
630
984
662
408
864
579
526
306
206
442
214
117
926
819
297
844
172
247
139
545
298
952
192
572
505
134
105
874
80
698
490
648
170
809
602
93
693
634
181
731
508
584
92
408
352
854
501
397
356
940
361
835
679
340
430
400
37
946
632
918
804
552
555
240
450
879
491
696
175
198
886
766
357
139
665
178
109
431
763
788
60
171
469
549
962
598
516
731
803
365
766
68
56
987
188
604
68
807
517
585
860
293
685
581
202
631
953
698
905
296
331
771
383
306
34
384
149
364
250
996
479
2
905
600
169
213
444
627
727
189
79
467
422
565
931
567
667
327
250
760
854
598
762
195
342
204
113
93
948
413
479
10
880
623
97
204
913
969
936
310
949
662
161
398
39
669
229
413
217
185
904
386
832
841
708
556
758
497
928
844
724
17
862
684
143
681
307
570
943
297
922
696
678
613
353
672
769
129
308
982
232
986
241
568
623
394
468
691
808
479
331
801
919
857
84
900
329
334
70
418
452
982
594
833
47
845
681
790
474
318
787
149
64
368
525
872
595
337
286
327
520
725
573
704
218
597
61
904
797
270
387
274
821
979
590
226
262
420
311
833
439
267
504
284
689
733
30
777
75
841
786
405
728
83
296
155
933
218
527
913
235
408
964
929
846
921
787
67
345
943
1
182
322
746
156
83
399
226
36
857
564
582
754
610
543
96
780
507
304
117
490
61
192
434
783
42
502
957
318
721
429
331
281
162
958
62
404
642
79
864
58
768
395
992
79
851
248
193
595
21
239
279
629
80
589
337
108
187
665
650
397
67
967
353
859
943
485
429
503
714
866
168
510
238
582
980
3
816
179
630
256
429
716
351
198
304
106
164
570
418
768
292
406
593
934
612
182
450
5
631
717
987
716
435
479
906
553
755
411
184
654
211
79
844
621
528
359
523
587
17
890
625
224
267
274
167
222
0
702
304
32
702
100
137
512
278
898
100
216
842
651
780
976
0
928
764
819
428
27
603
801
938
974
838
971
548
790
300
229
586
469
873
361
66
270
314
397
18
185
282
908
314
291
141
760
203
242
502
273
748
654
894
294
888
881
459
983
30
58
702
360
373
81
33
972
65
72
897
729
903
113
328
817
464
58
357
297
833
180
678
819
997
994
856
871
595
854
109
393
888
78
323
550
780
886
73
791
234
163
146
97
291
845
42
666
245
112
908
366
367
70
888
315
67
943
795
774
424
190
829
342
925
183
390
616
157
481
576
370
8
839
681
773
78
752
693
369
59
508
868
202
645
571
214
360
531
841
476
125
406
961
582
288
407
204
771
681
837
430
402
668
474
914
495
177
530
899
381
664
649
736
156
181
753
104
908
581
450
364
189
289
567
904
443
867
962
930
584
983
233
223
953
661
708
369
90
962
913
162
549
258
563
12
202
515
145
363
750
632
186
729
927
972
468
130
998
116
65
464
499
816
976
612
295
368
255
668
829
733
315
936
828
219
872
666
27
898
577
213
760
389
385
542
446
331
930
180
777
364
81
537
597
417
508
81
272
601
553
240
674
859
2
863
991
4
560
951
880
661
686
505
237
784
542
255
287
184
139
724
446
200
234
894
4
87
162
376
634
828
997
429
499
214
349
106
405
566
667
983
888
579
407
958
123
221
58
201
997
688
87
888
667
498
217
397
552
334
368
153
955
130
607
499
526
156
421
57
198
295
865
731
701
121
180
269
784
344
52
219
649
195
272
609
123
858
765
251
373
358
291
745
662
412
917
770
336
984
292
468
392
542
64
735
940
541
852
196
427
658
566
869
628
962
64
343
982
147
313
743
332
847
5
660
854
104
878
358
377
324
414
117
643
269
852
54
642
428
354
495
527
992
678
821
564
514
536
934
86
124
860
360
752
576
339
770
745
88
106
608
214
968
158
589
15
656
903
682
905
970
385
659
641
862
636
94
768
701
792
460
192
572
172
883
328
553
310
929
38
542
285
572
649
386
788
86
455
121
876
46
14
964
704
55
206
164
53
889
680
297
823
4
618
643
70
206
1000
855
737
421
676
507
264
897
938
307
903
849
28
885
679
514
583
71
562
290
829
854
249
858
586
967
954
238
29
424
213
256
816
118
980
845
2
551
965
496
116
348
315
82
818
110
20
853
449
333
378
127
274
289
834
23
836
262
147
876
699
878
288
541
510
660
601
493
467
365
82
24
553
463
419
813
903
734
481
706
355
599
833
277
614
425
481
970
153
205
168
676
236
699
505
659
88
230
872
398
20
100
300
555
968
139
118
930
392
332
604
37
383
326
252
342
700
259
971
893
153
125
82
85
293
765
426
940
626
878
869
758
62
302
564
765
826
232
583
115
586
460
634
739
176
9
331
258
914
80
925
66
939
793
391
610
959
533
12
87
468
517
876
437
465
742
870
332
207
38
650
91
450
30
4
418
219
365
306
793
211
957
41
289
209
325
445
752
15
438
284
952
684
282
915
320
492
343
33
845
97
406
440
918
841
980
411
530
504
337
42
684
132
706
638
604
141
397
337
402
358
57
173
897
153
83
32
671
441
208
741
617
925
161
346
702
612
273
787
439
424
917
620
840
252
837
571
908
531
960
308
649
320
124
43
202
160
838
609
36
547
857
933
794
647
516
124
358
639
656
722
294
741
732
627
433
952
41
66
991
623
141
99
477
926
98
375
449
328
956
758
196
151
403
988
325
613
230
875
306
683
80
113
432
612
780
40
356
962
180
348
34
35
182
446
26
848
748
555
811
385
72
433
323
4
805
374
138
937
275
389
47
831
993
112
635
105
651
687
459
446
280
963
105
481
615
163
113
82
278
673
824
105
835
359
209
507
760
350
840
792
548
868
403
913
168
939
351
770
163
45
950
409
586
954
305
248
335
722
260
458
709
981
949
829
133
872
899
400
343
189
756
272
427
446
7
419
799
916
180
859
152
342
335
631
197
402
255
137
505
234
471
225
159
717
819
963
800
481
131
163
891
450
478
361
926
935
257
591
117
234
986
851
830
265
231
756
918
75
604
35
30
276
761
337
960
203
630
455
771
381
831
119
566
857
659
226
636
504
210
118
584
433
777
888
186
958
69
741
654
630
796
658
404
643
211
793
394
839
221
325
226
339
985
24
169
6
281
115
12
348
509
536
86
439
656
627
458
400
245
398
753
260
212
756
800
1000
575
903
440
79
119
119
426
275
485
296
5
926
97
425
547
408
397
725
318
604
720
967
217
377
975
950
967
470
342
90
25
724
459
539
750
517
322
822
265
191
531
595
262
494
91
432
248
173
75
663
546
594
766
322
557
652
700
919
321
586
441
821
373
758
103
431
320
303
881
714
782
515
90
664
627
204
17
765
956
40
408
539
978
849
940
62
512
305
559
541
630
973
397
266
625
118
39
523
905
108
799
235
273
211
592
939
377
816
172
84
185
65
848
83
883
167
754
802
776
966
725
258
902
409
593
1000
654
536
536
36
730
544
179
182
277
390
425
187
439
432
320
325
114
335
193
526
668
583
223
79
551
5
209
910
524
697
557
594
721
63
12
89
684
355
56
498
846
308
24
672
925
173
753
437
152
374
915
852
195
686
321
78
897
635
543
664
289
730
391
403
106
885
234
46
278
622
457
383
783
47
126
171
438
59
14
933
594
333
373
713
205
534
518
535
41
581
481
237
763
252
917
661
731
695
972
78
838
930
183
226
949
469
698
264
244
361
815
581
54
629
576
918
906
221
756
33
931
589
600
945
868
809
728
580
198
360
418
934
191
624
145
8
256
413
368
291
719
912
766
509
829
165
253
457
661
184
465
569
59
118
674
187
421
930
471
420
863
97
808
651
756
677
750
420
835
99
845
640
149
479
649
442
710
292
60
834
729
904
345
195
13
458
433
549
706
304
662
402
754
514
468
694
803
655
997
86
284
752
450
434
959
953
985
828
436
370
761
331
718
949
647
752
155
101
430
304
85
80
961
952
365
740
611
401
53
801
739
414
884
426
458
78
600
624
860
798
276
468
921
484
356
773
895
706
338
465
478
652
823
629
925
414
607
695
402
912
543
796
346
814
326
685
413
68
724
215
313
248
669
221
671
724
793
29
264
51
345
326
61
606
20
671
230
59
36
800
198
953
213
624
823
662
652
908
773
457
542
254
436
969
569
638
439
820
595
125
426
848
615
46
85
639
615
490
628
261
50
498
944
765
379
343
170
394
5
848
923
995
682
468
526
610
532
293
619
139
761
756
55
723
655
889
307
872
955
68
749
673
34
270
465
621
50
765
160
140
334
220
729
161
321
34
74
859
860
349
59
200
119
786
835
403
615
452
395
821
635
458
176
939
235
600
172
345
411
366
601
664
513
275
511
443
306
485
55
132
563
704
722
215
447
314
75
11
982
434
1000
553
525
460
849
650
206
683
45
568
956
561
22
562
36
699
953
50
291
379
366
321
273
997
605
873
610
739
193
969
501
856
319
1
250
895
439
195
797
593
154
8
923
570
696
391
544
114
648
948
251
63
240
632
734
63
424
503
430
125
579
8
167
373
828
835
409
265
419
142
400
217
201
356
154
986
622
921
365
864
871
655
186
419
195
287
293
901
600
475
316
628
448
736
933
935
35
240
757
54
444
237
503
95
501
447
416
387
230
625
585
288
634
725
852
225
641
198
709
94
441
782
781
212
138
283
910
311
440
481
333
226
504
852
498
903
4
357
401
36
908
394
437
749
667
302
426
868
434
915
547
765
14
258
205
837
840
907
681
729
852
305
678
163
147
234
856
978
156
991
804
767
379
143
389
679
896
399
276
279
911
281
275
58
242
795
332
586
541
692
726
162
611
754
891
580
187
701
675
358
558
346
873
597
526
642
335
131
880
505
670
225
643
136
546
118
866
804
944
637
749
491
404
968
352
753
645
963
924
146
835
97
846
113
148
836
68
674
486
47
315
500
73
382
73
978
79
642
896
174
116
611
255
513
303
337
419
512
810
657
144
893
978
450
391
2
875
270
35
485
618
925
844
49
336
365
859
329
472
353
264
965
412
720
93
782
866
873
944
983
80
637
108
261
205
153
616
831
920
339
40
890
885
693
774
250
969
583
229
91
698
756
784
416
859
26
472
939
30
600
391
386
456
874
143
659
645
37
850
93
978
133
85
8
443
931
98
603
107
168
793
398
757
801
932
872
739
463
773
485
54
507
479
947
528
186
289
902
685
536
664
21
645
827
337
56
236
50
158
878
55
709
843
442
328
679
944
359
2
921
469
12
271
603
852
257
487
305
992
720
780
265
936
965
843
483
373
390
389
892
247
661
594
298
483
959
596
333
782
296
383
887
629
230
713
576
846
169
958
774
720
380
565
988
209
353
741
736
662
89
672
901
618
315
204
356
102
720
984
874
285
183
929
272
257
586
991
255
603
611
205
833
751
233
837
925
488
403
869
483
247
373
233
804
460
487
350
684
689
799
473
477
491
195
22
439
505
629
37
664
106
8
689
206
811
590
286
811
411
713
650
317
625
765
601
753
276
993
613
876
864
373
340
283
113
276
412
121
352
518
554
461
391
160
453
98
748
31
691
913
794
682
233
505
36
82
373
697
882
962
886
991
858
417
585
331
201
414
1000
665
768
715
261
676
377
205
978
778
270
638
766
783
148
34
775
593
563
312
275
688
128
664
358
462
412
260
534
332
975
270
781
583
799
716
751
453
211
367
278
748
680
794
16
512
373
893
473
128
59
551
794
250
52
691
341
888
695
887
393
993
377
93
848
764
514
422
389
108
47
126
951
987
185
714
950
6
857
174
302
362
380
725
599
537
3
903
10
692
166
18
609
45
27
794
417
654
128
852
424
117
620
351
986
421
17
428
487
716
508
622
757
893
572
950
385
954
799
565
618
35
726
697
24
917
290
655
990
214
970
907
708
408
719
709
95
758
699
608
824
123
188
405
738
563
839
204
229
482
529
203
474
423
169
921
847
291
811
824
85
33
99
321
184
951
573
220
84
41
515
50
502
636
140
480
428
348
74
421
17
47
897
912
493
206
289
165
953
193
660
65
621
784
118
377
731
766
564
778
342
756
507
816
997
138
458
559
443
53
381
502
766
619
553
248
740
326
114
147
720
798
832
58
996
80
315
1000
593
153
711
594
476
638
298
777
483
315
587
965
50
48
406
903
905
156
259
190
761
237
847
846
63
750
411
37
216
810
846
867
610
570
966
270
906
147
813
305
605
80
584
525
70
232
427
676
308
769
376
1
895
925
975
39
802
757
265
690
703
837
912
299
122
547
503
137
941
856
161
665
268
20
821
104
717
211
30
318
459
762
855
263
96
542
667
91
788
788
144
210
495
408
215
126
22
283
170
46
649
333
365
492
317
342
627
986
144
629
454
683
315
58
910
431
538
330
316
12
845
269
273
440
905
413
18
879
997
715
520
529
165
438
318
180
741
778
790
932
940
46
677
617
461
976
906
804
571
126
726
404
462
515
388
108
907
697
846
230
485
254
860
474
729
694
619
198
953
464
834
488
363
755
55
61
641
788
174
520
99
877
354
890
982
100
383
781
583
701
952
22
908
431
770
320
17
938
317
418
388
492
298
597
122
0
424
78
664
517
54
997
973
789
562
814
582
530
787
811
920
284
269
988
911
23
707
986
433
671
521
654
180
104
34
452
391
378
391
762
881
224
525
484
336
804
738
102
127
931
939
835
344
984
994
962
755
521
345
318
889
670
1000
645
527
923
684
86
640
666
796
444
812
883
366
46
80
686
980
705
930
75
558
534
117
80
940
180
69
657
347
319
647
910
362
219
415
583
907
979
38
92
92
948
858
105
997
450
380
403
921
695
427
730
484
734
518
649
44
267
731
167
58
748
59
542
141
852
467
223
199
889
575
324
281
589
271
809
677
635
859
838
72
848
219
619
656
781
803
948
224
588
244
488
137
967
479
900
917
466
239
787
667
86
135
921
291
286
695
810
556
894
582
33
277
205
225
526
250
64
538
222
858
771
986
474
677
728
311
710
801
911
779
838
64
661
261
92
113
294
43
950
359
894
536
402
690
136
277
128
870
651
359
645
306
772
394
238
504
791
575
55
72
784
133
498
643
840
683
862
363
232
192
232
703
474
790
76
714
55
305
143
693
498
718
938
654
893
760
715
688
439
94
984
722
980
775
662
997
764
767
757
363
439
736
65
925
717
677
701
732
387
198
288
843
52
958
454
911
532
164
969
462
933
512
663
653
597
340
874
631
803
292
112
635
329
326
403
40
71
502
471
257
235
519
562
86
894
193
534
18
565
855
91
137
762
176
832
666
238
521
401
139
603
209
456
93
857
215
706
134
325
271
67
768
338
975
643
113
437
788
200
861
604
817
919
450
196
400
841
667
409
859
29
706
176
202
652
973
475
278
346
326
797
233
921
145
858
963
890
92
651
134
731
885
820
237
210
124
274
550
725
59
421
801
563
966
510
105
301
521
913
492
320
917
699
937
747
433
760
734
103
123
504
341
197
789
432
385
126
918
415
885
971
850
817
524
961
655
506
876
33
505
61
340
72
574
322
941
41
548
207
15
76
631
363
543
40
993
728
163
238
959
625
591
939
581
699
184
362
242
949
131
27
867
724
649
178
485
333
759
164
883
48
217
533
717
750
138
732
139
443
204
740
324
783
102
83
442
279
641
680
726
962
55
916
421
707
669
279
335
971
326
564
777
832
836
223
42
205
15
879
652
885
51
682
778
949
174
295
376
346
217
578
24
58
53
689
843
666
127
56
681
768
949
494
973
308
270
268
466
163
54
848
58
149
304
493
276
15
882
922
745
787
60
662
494
179
632
927
239
105
872
916
637
88
837
535
675
54
177
960
102
723
499
512
379
184
46
632
69
992
230
525
284
192
401
947
716
258
88
213
413
353
835
677
498
681
105
580
756
433
795
241
507
16
966
379
596
445
531
880
284
782
278
936
991
49
803
608
468
693
148
123
511
425
112
872
169
397
572
103
548
247
578
854
612
84
19
625
695
917
457
623
641
791
880
228
836
304
240
213
740
631
426
461
1
121
896
976
113
318
687
684
999
993
677
728
588
16
613
525
969
62
907
334
383
865
219
915
631
72
86
990
399
268
444
420
110
225
51
118
23
267
704
203
34
44
982
509
645
200
773
319
912
110
444
486
149
863
438
675
295
842
370
422
244
813
20
109
54
635
524
325
151
902
430
442
725
907
52
285
839
82
486
316
536
200
689
860
447
522
516
904
265
679
138
16
499
915
292
756
25
815
326
547
142
875
576
297
540
476
464
910
420
881
866
402
73
134
213
541
318
723
796
244
124
578
828
755
644
879
612
309
106
495
492
61
404
590
457
133
669
121
975
569
413
602
978
674
245
47
616
315
229
381
314
370
167
475
416
667
859
61
235
738
360
148
95
691
942
611
443
966
669
48
942
318
631
662
908
515
996
787
705
48
602
367
60
167
318
354
27
548
733
506
735
14
941
353
523
600
902
656
195
804
517
68
467
240
575
842
405
822
219
169
420
622
86
76
148
758
447
57
354
225
771
713
508
55
35
334
957
841
945
776
78
710
246
263
129
661
934
846
999
605
180
239
267
299
148
904
422
71
564
946
422
969
369
581
938
384
156
776
55
61
521
303
944
501
763
110
195
633
396
314
880
29
845
803
667
367
585
173
823
690
108
765
257
489
401
661
723
961
929
423
829
655
232
79
109
372
106
115
450
239
624
28
923
328
803
367
241
625
778
821
135
151
786
854
232
861
21
185
476
271
140
366
518
373
547
519
441
491
712
176
548
596
537
445
898
927
554
388
371
39
644
877
785
199
960
940
798
855
722
606
887
913
840
727
316
211
475
663
175
311
531
428
605
70
789
300
598
210
424
913
500
294
657
467
54
167
2
998
623
68
467
883
288
777
891
804
121
206
478
792
476
379
975
424
416
517
874
580
327
295
770
126
378
170
248
728
506
680
769
616
796
703
417
232
968
344
715
182
863
902
409
293
875
413
13
540
823
482
374
157
482
279
494
310
422
95
658
729
716
773
660
318
908
35
938
959
535
960
968
67
505
481
881
882
980
634
778
792
324
862
529
937
964
22
848
570
698
716
38
893
387
791
347
988
331
889
359
726
734
517
968
917
738
543
354
107
734
296
922
840
560
390
448
760
365
951
959
980
309
529
440
621
105
511
426
651
694
816
121
75
961
908
829
258
473
364
232
783
756
628
778
282
257
202
461
536
516
337
384
518
691
820
889
801
450
662
204
797
539
444
892
294
667
738
627
33
398
241
379
825
108
414
670
745
235
583
720
936
503
437
171
920
694
800
627
997
517
972
366
981
984
286
915
65
760
487
464
132
474
178
462
899
330
842
722
364
835
68
29
964
806
179
311
705
505
882
346
194
249
944
577
408
309
729
593
615
697
516
121
215
225
233
221
300
356
730
107
85
22
462
756
361
63
995
177
766
375
191
590
883
769
561
663
547
832
755
372
525
810
367
784
808
537
120
989
862
385
791
442
683
896
273
642
447
317
703
866
844
757
780
552
325
215
658
121
594
554
91
917
770
851
72
716
140
754
689
493
929
332
958
142
592
770
974
378
477
669
310
274
347
471
211
75
758
114
648
502
435
919
922
794
534
944
689
102
964
696
644
944
132
602
931
522
75
966
980
58
111
10
173
475
41
345
55
373
685
742
479
13
547
687
504
516
384
399
423
280
478
587
176
34
48
168
532
789
460
531
181
693
734
103
762
274
436
58
497
826
980
352
759
317
610
528
965
660
316
827
313
101
781
793
816
157
112
165
91
999
667
818
393
627
770
80
813
503
851
177
884
880
253
389
749
864
901
185
643
21
113
364
432
435
193
167
289
832
384
36
928
520
145
972
772
417
794
258
399
321
949
228
596
687
12
297
404
189
1
536
200
876
466
784
833
298
192
685
151
0
697
525
992
5
240
116
789
128
530
408
88
925
985
82
819
363
9
804
593
291
10
513
474
448
866
889
448
125
159
899
548
905
961
61
58
225
519
764
869
996
858
575
146
943
998
957
485
911
594
144
646
539
157
251
497
376
281
291
168
454
235
593
556
516
427
671
5
723
48
170
454
225
265
173
435
547
71
582
419
180
958
758
502
690
520
136
835
83
252
769
476
934
488
439
648
335
211
58
417
157
980
276
896
197
566
187
530
8
706
772
517
41
401
573
258
97
646
755
922
328
225
326
901
381
193
29
923
195
293
569
123
300
635
120
461
207
244
918
641
415
146
60
590
35
586
477
447
359
94
802
999
912
946
743
75
124
397
70
824
875
536
723
36
782
505
276
64
647
783
162
638
299
328
271
899
414
857
948
622
265
480
694
463
744
945
796
675
508
999
908
651
37
765
699
247
457
228
132
531
479
125
962
139
687
699
309
122
176
217
936
121
518
38
122
629
117
992
480
471
617
725
762
547
968
52
400
275
139
689
650
162
262
471
755
643
623
218
269
281
816
459
314
228
361
678
200
918
432
27
841
360
926
285
954
52
505
425
58
65
456
747
375
661
32
116
792
89
817
331
77
422
771
90
425
323
106
35
724
578
451
46
516
919
270
642
672
473
212
46
194
339
288
930
332
244
5
598
321
580
341
162
675
324
294
739
493
480
902
392
627
931
785
590
572
453
889
123
696
729
570
298
97
248
353
10
380
807
881
578
578
409
439
467
307
725
531
145
969
194
583
922
675
923
966
808
988
838
935
410
988
448
988
255
379
310
86
728
813
636
594
292
858
496
648
743
64
216
11
753
626
410
13
553
123
512
20
684
964
404
939
577
775
0
178
217
559
175
727
896
238
172
211
61
651
377
791
265
529
435
60
276
263
837
953
180
189
497
602
564
109
618
789
943
840
401
223
999
759
79
722
301
212
123
543
495
124
743
40
813
216
786
265
109
197
747
22
881
181
933
933
273
205
459
283
213
83
81
851
138
125
119
34
430
888
892
647
579
376
154
311
968
144
424
134
636
172
849
617
342
266
18
20
652
26
560
846
876
72
366
925
713
415
666
737
175
853
737
194
84
634
74
593
49
88
35
857
891
889
793
610
37
271
819
620
41
826
707
904
818
426
800
354
402
653
344
296
560
652
400
981
586
230
668
378
210
327
932
254
75
528
545
113
786
199
789
742
854
887
333
130
773
6
394
538
324
924
697
58
785
920
335
240
161
447
952
729
384
191
914
142
842
831
401
175
101
449
900
389
182
948
981
745
70
493
367
645
70
201
439
808
790
323
377
237
525
927
329
901
434
1000
936
410
834
601
550
19
280
994
857
360
353
51
820
932
907
242
528
896
103
489
214
359
715
496
408
895
606
482
8
875
545
51
537
545
383
918
829
478
183
36
168
708
575
246
878
422
879
751
539
880
316
208
62
917
969
870
104
333
208
148
528
671
776
81
684
989
924
987
534
280
123
615
36
618
904
971
216
458
170
510
508
611
401
828
942
353
927
344
32
482
667
579
25
418
913
641
303
774
257
548
255
818
740
156
915
41
876
897
58
940
447
571
782
574
779
315
637
427
143
112
152
62
75
725
176
600
14
5
588
470
881
216
38
314
766
334
568
38
923
597
420
716
749
817
852
297
383
349
777
386
418
888
424
776
786
468
373
683
255
22
885
883
858
271
328
878
723
860
756
306
392
34
49
192
737
341
715
591
9
76
949
41
632
399
703
560
943
63
601
496
389
771
853
634
932
325
385
663
865
661
340
697
50
443
790
817
925
59
449
485
238
639
104
664
350
332
565
650
960
64
84
425
999
971
18
185
975
392
105
198
655
216
142
958
419
652
115
433
674
632
792
510
194
936
982
352
328
117
486
225
203
177
744
15
652
315
346
637
324
368
125
895
652
656
870
158
696
526
288
788
916
663
453
499
522
62
869
723
587
977
569
502
245
168
898
425
679
265
837
228
210
436
69
988
204
156
766
557
385
587
785
154
494
895
179
50
630
633
135
818
69
433
148
443
417
16
107
858
389
940
713
286
453
747
117
838
180
643
791
796
891
325
308
97
911
925
74
691
801
281
657
468
795
315
620
87
14
118
745
794
100
689
482
748
158
195
138
26
925
274
495
388
922
421
951
30
758
139
405
359
356
391
980
542
409
618
672
37
446
271
109
277
600
264
688
831
179
891
46
368
912
206
970
276
882
917
991
229
623
166
407
573
715
801
115
353
609
636
200
933
639
869
454
41
975
329
23
561
74
327
844
499
598
740
889
424
36
350
963
797
122
909
309
579
419
518
850
197
971
82
313
378
454
764
308
345
799
431
444
400
128
284
196
133
328
457
980
754
964
910
907
518
159
894
799
558
517
617
771
991
346
216
425
299
207
254
777
79
437
547
867
263
696
745
745
540
196
784
362
637
316
625
286
719
838
87
37
677
640
420
393
374
1000
457
233
30
177
620
420
166
173
71
542
833
702
762
28
130
641
909
692
316
191
457
558
531
650
973
152
788
690
340
670
505
601
875
30
336
729
498
26
936
485
549
324
153
218
825
880
786
705
591
714
940
552
586
778
694
542
587
574
167
732
358
775
544
31
978
573
838
602
887
643
387
202
50
786
93
776
939
256
969
131
646
703
642
805
766
151
910
338
818
90
796
692
44
295
753
776
829
164
31
749
502
458
167
932
965
509
481
854
372
844
510
533
319
384
398
284
935
212
124
458
515
895
802
25
292
998
785
585
511
524
862
781
109
395
727
579
589
165
127
400
654
720
828
175
30
109
174
265
20
840
617
711
516
486
450
605
279
283
484
800
720
427
109
667
857
841
439
476
333
244
894
893
572
800
15
847
789
6
638
27
571
18
137
746
609
348
231
579
359
395
852
317
505
709
672
704
69
1000
769
5
630
300
134
868
779
268
195
998
687
264
929
959
401
278
561
404
377
49
254
468
365
628
790
173
851
528
181
261
355
718
537
553
539
261
438
398
572
664
396
647
22
467
961
522
906
988
181
677
454
73
375
972
589
130
743
215
266
313
245
250
450
173
492
49
488
651
334
114
222
48
576
719
214
94
495
699
401
322
442
561
843
274
42
56
239
727
139
174
30
806
82
446
479
994
848
405
502
177
905
807
401
17
141
116
467
396
380
317
843
455
498
660
256
737
933
380
570
112
170
584
216
22
331
506
0
790
557
634
310
101
369
841
437
564
801
896
735
347
442
811
198
299
842
816
810
595
555
213
273
559
252
367
222
570
245
110
602
298
944
671
324
850
965
405
988
206
391
21
265
104
152
573
664
537
118
483
262
49
113
25
907
473
725
770
161
607
814
667
406
736
535
578
520
719
527
399
27
515
465
218
362
252
778
719
209
139
544
259
420
772
964
190
748
723
917
870
929
10
901
842
264
803
854
847
498
544
170
750
198
655
887
72
587
622
487
435
550
181
516
842
394
644
377
255
298
957
795
958
720
526
394
88
552
507
857
477
999
841
297
581
606
444
624
734
338
507
847
627
960
221
856
700
931
967
720
265
355
872
694
47
116
360
955
56
707
221
491
9
992
677
7
194
107
224
47
713
366
777
689
575
716
447
569
521
928
32
490
329
177
977
272
273
652
365
181
318
771
147
718
128
978
472
800
386
371
528
674
582
42
601
515
434
961
3
898
36
631
427
95
354
952
567
554
193
342
494
35
374
918
327
859
706
384
554
751
984
454
426
164
974
350
322
941
766
56
372
546
760
464
785
335
19
537
847
785
249
681
873
407
234
605
624
917
567
455
206
825
161
609
511
733
302
195
857
671
906
315
352
829
246
108
715
197
680
858
711
141
806
269
413
253
510
0
250
71
609
642
355
483
145
163
502
43
862
265
531
312
11
398
13
945
785
109
514
629
860
638
930
757
309
20
387
143
329
709
853
913
595
336
180
921
392
836
916
436
564
824
827
658
177
844
40
841
953
192
851
717
63
120
550
936
762
960
951
810
873
157
849
789
46
90
9
536
794
589
103
4
644
973
915
763
508
288
254
233
55
312
964
312
571
337
721
435
812
296
48
868
626
145
346
856
884
954
357
324
98
169
910
312
555
758
644
988
894
795
637
607
787
723
171
551
592
170
520
911
37
739
564
349
332
735
546
53
893
869
128
988
178
453
451
415
101
388
311
612
220
642
413
895
904
566
939
40
763
131
465
287
90
345
536
273
591
320
764
557
243
593
285
523
388
958
559
537
120
299
920
3
20
155
703
426
770
344
139
805
227
604
571
72
270
705
0
850
776
559
829
662
526
59
333
605
911
689
362
539
29
436
651
543
386
967
32
252
791
306
190
607
12
242
628
519
464
190
955
115
498
781
339
304
70
170
136
786
420
538
707
422
957
967
130
907
434
326
751
653
547
702
4
219
236
267
412
751
775
24
308
991
864
805
527
219
129
561
756
632
341
160
553
310
555
510
81
603
140
195
256
505
10
650
24
597
289
2
664
423
380
158
143
280
562
792
636
394
386
218
496
259
753
58
27
251
48
467
371
283
751
227
720
401
618
579
148
205
767
575
726
727
902
82
486
940
701
364
500
303
592
852
641
581
202
357
181
434
826
647
585
747
662
902
704
300
48
230
78
957
105
618
779
203
694
703
484
652
800
178
637
885
796
706
872
471
108
614
379
73
480
248
324
381
950
361
532
616
687
430
510
210
859
367
273
452
48
30
647
230
755
996
724
754
589
885
454
415
384
721
343
298
613
420
589
358
357
96
108
411
494
279
813
254
894
99
467
229
562
605
957
745
692
921
427
554
773
765
872
715
543
784
764
452
275
158
639
174
408
605
871
339
643
787
478
294
310
592
182
678
335
617
788
654
632
136
254
339
135
579
559
765
335
939
55
990
248
63
317
784
198
625
475
570
840
934
390
313
358
988
43
414
985
381
932
936
734
397
78
598
165
607
530
616
593
339
203
329
954
198
414
653
500
553
309
533
882
862
241
114
908
861
354
452
232
390
492
103
418
924
973
858
319
419
319
126
832
876
895
302
269
343
940
979
717
943
714
860
250
967
64
203
326
277
519
413
339
339
685
94
409
45
154
849
960
611
276
624
452
411
611
965
839
748
690
27
760
801
236
773
610
670
916
324
806
283
244
778
796
490
109
376
964
193
110
645
464
468
436
29
126
993
42
571
979
307
114
124
844
744
102
377
964
587
83
470
228
661
495
140
262
957
358
692
36
140
754
631
46
517
762
974
93
803
837
716
124
426
657
981
691
368
346
227
915
4
113
121
664
818
544
216
318
369
941
852
842
713
978
822
162
154
500
999
614
512
267
479
141
675
90
64
493
34
247
183
506
607
906
603
393
520
649
192
403
916
295
848
315
194
828
144
378
598
831
229
73
932
776
855
903
1
82
840
546
606
704
625
371
124
948
789
871
354
651
961
963
589
765
849
827
5
251
992
705
884
1
557
11
114
950
994
876
566
193
61
120
625
280
81
492
947
523
812
447
369
882
877
818
414
666
635
413
305
772
697
920
636
235
462
118
319
716
369
757
669
431
382
777
335
977
329
522
884
680
259
561
272
267
981
702
207
986
46
592
319
671
614
682
63
641
678
743
698
786
229
479
200
355
195
648
805
616
65
450
233
637
975
938
99
666
240
160
434
105
946
506
796
800
262
209
996
595
487
568
713
370
397
325
440
199
531
863
884
16
658
814
755
577
365
623
490
800
411
120
115
793
527
990
620
549
444
706
891
645
858
310
121
930
149
514
587
484
137
651
493
77
452
323
889
974
217
118
63
948
872
123
452
165
656
744
707
192
134
73
34
250
950
456
266
549
106
988
966
224
435
750
846
122
965
615
254
373
535
993
257
913
566
68
557
67
180
632
307
389
691
457
921
370
496
862
701
910
306
409
894
54
235
708
333
647
841
988
173
954
912
254
311
284
704
683
828
245
944
125
292
820
258
870
733
622
178
631
215
127
123
495
895
625
705
162
375
550
631
219
78
406
754
552
656
589
266
166
547
942
693
552
246
978
567
202
217
984
628
602
934
964
38
284
736
898
132
810
820
401
699
289
667
863
790
524
959
276
31
39
80
30
20
364
987
8
518
296
406
967
336
703
755
440
50
130
131
939
699
22
237
136
476
425
256
800
482
256
778
722
143
124
165
709
396
848
198
461
258
675
348
829
227
631
758
189
241
171
708
367
452
730
296
738
389
34
522
711
969
725
8
307
26
243
9
305
708
614
410
733
61
498
221
875
754
121
600
322
334
730
580
464
178
525
159
598
938
990
590
439
666
529
638
145
284
910
954
771
650
529
606
851
249
33
191
561
250
506
987
181
290
7
139
417
222
328
375
982
905
711
8
949
58
34
573
650
170
141
441
550
381
720
288
93
275
616
567
520
553
202
228
991
331
417
987
143
479
594
691
524
784
230
750
305
700
94
839
129
196
214
349
359
251
551
462
35
848
948
853
548
611
250
35
113
80
377
872
22
438
69
426
953
335
494
115
993
706
477
378
680
969
50
371
711
683
842
510
643
378
643
507
113
882
821
315
83
288
25
747
606
593
376
148
87
849
621
284
145
262
224
189
639
987
746
846
681
454
471
364
405
755
826
283
837
834
659
693
987
536
197
924
298
765
328
378
391
406
806
498
622
42
399
893
987
902
642
418
625
622
48
588
521
446
403
600
979
876
599
554
392
706
947
622
195
103
996
248
609
718
132
659
208
472
764
447
709
568
407
206
336
665
912
403
222
608
556
37
758
931
101
553
432
933
629
867
141
302
395
333
847
794
499
1
564
638
95
113
263
581
510
63
912
44
414
405
910
318
723
78
806
358
767
7
212
557
917
846
625
636
713
413
82
414
21
188
610
638
995
61
495
948
659
692
323
817
777
30
83
960
462
387
360
41
397
165
363
163
99
912
521
458
941
252
314
545
16
201
985
753
822
133
16
234
736
595
647
12
421
778
709
437
351
893
959
596
489
633
778
48
16
460
283
628
623
48
30
815
991
19
524
415
212
367
35
677
666
401
818
674
961
4
349
472
791
216
511
707
942
123
325
712
647
80
539
50
515
156
275
722
779
76
683
11
53
846
724
317
760
767
903
123
565
195
432
320
243
545
116
550
723
829
777
297
218
385
329
309
413
180
454
990
128
73
925
557
566
802
741
708
970
513
415
343
450
611
410
432
55
282
231
499
955
337
896
305
990
469
667
483
196
488
274
669
560
441
894
895
291
926
927
811
84
163
379
893
533
302
232
258
899
128
264
196
991
262
452
304
146
160
467
919
694
265
649
518
492
391
619
2
939
840
760
215
499
579
574
172
162
158
767
574
825
575
660
512
882
656
827
158
900
280
931
94
253
982
741
403
177
323
269
52
667
283
912
550
140
871
947
792
421
598
446
482
25
338
761
857
946
159
138
547
55
446
230
545
739
740
437
175
997
650
130
932
521
193
32
175
740
856
529
270
728
315
163
25
983
487
603
319
967
806
289
471
294
109
918
813
426
241
371
177
720
453
940
612
467
577
877
100
587
278
85
238
696
476
880
47
897
184
958
920
804
777
249
212
755
908
163
205
267
428
164
394
413
596
309
321
274
25
109
7
819
95
590
513
610
833
447
996
280
575
816
391
23
113
250
610
180
249
83
146
644
385
567
162
15
170
478
9
225
730
888
342
707
689
629
437
767
607
676
542
490
949
74
713
993
738
970
93
344
288
177
917
374
192
5
566
51
529
239
884
921
223
921
424
576
74
677
625
372
65
31
474
442
461
94
768
946
180
384
745
943
3
239
18
895
245
468
321
784
354
23
15
155
527
435
68
346
826
218
52
174
829
787
289
317
644
451
296
40
892
512
133
952
613
236
914
473
158
323
634
812
527
358
21
713
778
434
990
405
413
695
87
346
295
181
301
256
944
259
958
100
814
747
411
794
705
243
737
559
337
251
668
307
303
759
107
13
844
430
113
892
879
971
349
487
579
165
853
850
635
250
85
703
224
683
304
298
856
557
920
207
475
712
678
969
633
272
932
389
964
977
903
822
309
612
546
497
163
756
666
846
236
109
692
117
371
291
428
623
286
542
350
616
945
456
541
42
214
1000
807
192
412
875
866
550
945
563
993
824
871
118
476
118
643
357
445
469
880
918
404
413
616
445
690
747
83
961
151
995
735
401
293
660
14
24
781
999
564
815
853
823
374
774
642
318
238
692
327
996
31
516
326
580
153
458
146
152
63
206
614
825
262
924
41
744
572
957
670
731
896
305
502
109
720
158
241
26
744
289
478
101
618
666
803
324
9
343
698
337
744
970
413
957
671
822
836
913
314
149
536
924
878
866
680
482
736
43
37
371
450
373
104
740
134
104
688
395
132
265
584
923
467
995
523
914
956
623
630
421
517
989
577
888
405
7
277
263
697
765
237
986
190
542
240
94
135
586
937
15
300
818
849
169
743
644
986
837
5
54
135
192
128
320
147
556
710
337
651
693
16
640
790
164
308
352
468
1
654
934
540
957
986
44
690
744
198
237
643
337
647
529
217
641
538
121
983
814
636
93
296
887
81
721
721
707
770
894
844
200
445
159
779
457
661
772
63
790
543
53
886
613
478
250
25
724
62
757
334
580
721
988
834
333
777
604
104
864
65
419
785
938
684
824
508
340
469
215
917
200
0
727
312
969
912
980
429
731
941
187
776
282
132
518
489
765
144
535
607
848
348
436
252
933
330
856
230
670
825
349
621
41
661
551
540
334
633
658
89
257
266
749
137
187
219
720
280
192
292
151
614
39
450
322
89
504
114
385
241
445
650
363
683
759
801
940
673
346
389
888
401
107
4
790
458
749
529
525
341
575
740
732
585
592
394
862
9
296
39
327
345
812
738
872
567
496
67
363
96
421
369
968
695
860
255
300
630
957
817
974
616
524
310
127
769
857
368
999
799
637
161
812
830
456
388
547
664
362
761
433
509
702
288
219
221
639
582
375
395
381
27
347
497
676
325
893
622
394
745
665
952
593
39
748
347
945
467
851
630
949
77
293
239
911
187
71
397
200
329
319
873
350
718
908
813
706
263
21
856
286
107
255
939
22
681
605
53
85
257
466
88
959
399
540
122
488
304
776
248
146
440
318
430
179
593
967
348
430
352
309
40
986
207
940
806
265
233
103
124
500
89
395
578
19
371
930
362
377
700
662
156
273
735
971
270
455
616
929
928
445
729
679
820
281
494
251
466
33
258
486
178
328
354
816
269
799
357
222
549
457
199
266
769
757
364
100
683
993
552
96
994
48
697
354
723
754
757
416
959
777
509
308
161
949
69
167
300
52
374
908
116
600
486
283
339
674
471
563
271
937
992
291
811
617
718
707
222
77
202
684
947
627
884
605
996
225
625
780
451
458
696
900
104
737
306
529
347
814
649
730
694
283
566
83
580
199
832
561
189
725
617
307
839
632
481
794
502
842
740
101
843
779
216
66
945
739
186
117
398
699
796
507
734
482
608
947
734
231
403
666
615
896
907
311
471
898
285
222
469
563
919
608
160
552
828
261
378
155
53
151
895
503
467
399
754
665
414
950
802
677
696
404
587
265
327
131
499
895
463
938
596
528
725
0
987
718
399
523
307
345
999
184
644
219
263
697
714
277
175
194
621
667
476
695
623
134
304
862
292
798
783
57
764
665
795
431
82
364
911
649
768
12
987
399
829
51
732
613
347
228
309
20
686
246
604
570
357
491
797
784
903
9
749
723
986
723
442
857
814
993
124
408
595
767
366
119
884
189
482
133
768
436
110
182
606
619
621
945
747
883
474
198
749
467
139
721
126
351
602
992
800
918
877
304
456
304
167
452
571
468
875
392
808
838
455
759
510
63
901
508
497
779
109
346
216
656
130
149
782
381
156
232
658
215
795
799
738
496
848
401
159
388
119
184
535
207
439
345
949
432
611
292
376
229
149
542
21
990
469
580
576
779
831
328
873
684
239
383
547
179
685
976
606
127
403
797
369
470
801
664
916
894
152
532
631
732
37
92
222
942
885
534
338
578
357
654
287
571
920
987
926
724
153
413
438
281
163
942
275
79
905
170
342
812
976
262
302
664
134
80
181
30
167
29
349
40
353
618
890
315
609
761
356
982
393
50
202
836
849
428
154
122
485
150
446
280
122
270
610
77
302
483
857
914
34
908
511
886
992
120
748
79
489
747
744
166
559
796
975
358
383
858
515
30
665
60
661
474
873
105
546
888
764
668
159
879
546
623
843
835
211
520
163
929
723
636
466
413
790
413
691
768
141
858
528
731
123
978
253
462
3
825
735
971
410
677
897
764
869
495
682
547
428
474
126
460
378
347
149
270
59
384
892
668
40
746
951
824
524
490
943
466
138
12
178
304
31
46
192
621
14
743
941
34
0
979
933
932
149
656
418
897
3
747
994
356
703
290
408
219
813
548
795
165
967
204
892
111
8
715
297
706
688
999
121
911
622
340
830
864
863
926
706
132
724
507
244
201
254
816
778
643
502
979
673
73
176
506
129
647
851
518
617
779
903
560
332
126
246
195
42
567
107
447
995
7
163
556
496
244
566
252
163
425
253
854
960
53
922
459
521
127
598
381
935
414
390
555
142
869
788
519
597
0
529
103
999
735
891
675
868
778
565
128
574
526
467
858
882
489
158
969
939
991
90
203
143
863
971
707
779
738
187
244
617
450
898
720
954
39
702
349
176
911
40
289
582
897
235
775
523
728
285
938
937
246
841
458
624
76
233
688
754
422
124
184
18
876
552
979
642
40
667
290
183
352
703
136
305
378
947
418
565
0
484
857
453
19
521
665
556
226
264
535
678
490
214
23
333
754
161
973
236
344
825
875
131
891
399
185
668
857
989
302
882
628
366
147
319
171
385
345
25
571
169
19
396
182
41
623
584
423
219
654
683
155
643
987
791
767
12
193
0
488
221
171
173
522
19
471
833
448
654
804
934
20
90
31
822
173
930
773
978
281
42
913
65
746
189
640
166
713
137
266
180
37
167
117
349
517
891
181
714
881
969
63
712
306
272
531
549
437
95
372
485
187
701
673
902
339
921
557
948
516
78
147
903
193
635
857
288
870
897
949
842
432
374
698
684
965
148
625
805
84
157
687
932
232
898
14
417
362
939
558
174
642
174
325
993
189
591
264
72
808
933
883
132
165
31
800
737
587
73
390
172
162
306
592
699
867
391
311
351
20
514
489
916
533
914
569
785
994
154
358
318
12
529
970
569
327
514
911
766
367
555
204
1
665
466
331
930
49
795
30
106
119
565
821
684
470
684
273
327
613
959
677
48
890
76
455
582
902
384
564
64
106
873
725
317
308
511
874
20
282
495
513
823
32
692
878
163
552
107
845
473
35
892
804
850
424
952
174
240
608
169
585
28
77
719
218
669
860
460
264
159
45
933
111
820
140
228
792
109
15
740
487
514
586
466
974
889
367
653
895
189
223
156
346
390
111
410
894
651
403
663
163
465
542
534
193
307
414
652
598
790
300
730
335
991
191
184
211
51
726
652
745
31
77
447
673
542
341
237
7
908
942
819
382
258
148
227
432
132
653
710
897
821
715
908
464
116
398
131
329
704
77
312
661
54
151
448
846
837
864
152
320
473
380
635
92
991
755
758
753
399
372
565
628
653
429
528
305
579
155
315
789
350
267
410
683
139
155
728
655
298
288
316
733
141
367
327
283
873
977
962
771
763
607
312
412
847
936
362
434
541
178
652
562
491
482
309
926
204
963
252
814
295
630
262
108
852
735
47
311
347
844
546
525
784
285
935
929
500
536
796
755
301
110
805
282
976
380
236
5
20
329
560
892
605
40
895
491
31
248
639
376
881
900
123
842
730
341
143
888
469
685
169
220
932
582
794
285
18
131
271
928
447
480
807
719
555
185
796
460
302
593
580
617
229
767
3
943
753
340
119
239
316
904
614
150
289
208
366
53
640
576
318
363
200
890
529
703
154
466
651
384
731
710
844
145
610
210
107
748
597
232
859
790
240
853
639
824
690
272
418
76
403
99
267
752
294
127
728
518
52
57
235
233
144
683
339
495
381
543
423
464
528
793
959
303
767
904
954
771
62
596
755
167
148
997
97
495
3
42
479
656
84
607
473
642
237
853
311
51
135
660
181
131
914
632
690
725
837
711
978
949
629
582
705
54
71
399
409
28
663
400
348
950
289
760
281
799
351
278
182
631
617
46
290
255
85
422
72
689
703
620
637
30
14
46
138
591
468
125
514
914
772
395
176
703
666
755
563
811
141
849
720
785
218
472
708
482
879
26
885
747
29
343
858
598
303
424
67
125
77
151
240
89
440
460
705
244
492
746
687
975
784
312
12
136
231
119
635
355
531
405
179
782
256
647
828
199
470
314
868
710
445
51
722
12
409
64
303
143
237
394
509
948
681
377
212
570
715
136
207
176
76
97
39
469
32
652
396
564
256
325
691
959
42
59
461
758
797
581
53
861
900
118
92
593
666
275
317
155
433
475
2
914
429
216
958
513
301
445
896
987
768
300
690
793
916
987
115
240
861
635
892
361
794
511
272
639
354
587
282
13
32
763
255
480
197
659
331
27
732
149
180
807
511
226
858
699
226
883
421
169
755
484
114
375
330
596
359
951
708
353
526
515
249
773
208
276
936
517
381
41
210
684
322
46
279
400
621
153
147
33
10
917
391
850
433
856
582
561
638
428
974
108
391
65
921
923
977
771
314
318
734
780
667
817
926
595
540
256
314
943
460
46
603
9
543
997
345
961
970
386
243
627
238
306
806
665
415
861
287
227
916
614
965
151
990
602
652
790
404
638
277
734
578
670
826
224
34
729
463
280
221
12
870
232
220
422
784
315
883
413
303
726
713
366
54
977
353
222
858
610
988
917
646
851
928
993
116
682
176
725
756
773
96
797
324
630
980
757
24
470
604
18
581
127
121
954
732
131
678
942
753
199
933
956
593
927
159
181
816
413
427
309
269
620
490
230
27
245
254
339
783
23
63
724
769
772
169
700
987
312
48
248
979
179
483
385
910
577
558
961
862
527
457
419
432
578
653
536
838
243
444
972
564
574
157
596
969
903
206
886
484
294
936
473
303
172
130
398
541
95
354
986
472
669
513
910
578
497
76
549
134
660
510
752
88
628
719
483
360
776
251
493
921
219
689
385
942
269
649
144
460
609
812
125
626
165
870
76
556
396
344
915
254
877
605
501
443
75
592
663
324
677
339
59
715
760
532
122
956
838
734
519
977
835
891
596
561
48
378
746
723
482
372
911
959
423
871
25
430
538
560
811
324
127
878
644
78
739
116
934
318
534
1000
45
755
199
346
896
965
880
93
718
966
22
503
943
432
934
930
547
924
947
536
257
96
160
675
528
58
233
850
177
517
207
613
588
679
462
482
603
556
921
507
444
484
653
690
905
446
699
744
651
93
414
603
162
674
181
125
378
30
644
440
384
739
942
93
971
564
181
701
477
458
259
307
793
744
590
198
151
98
942
376
429
153
288
723
678
603
922
913
501
266
453
585
53
661
992
873
331
54
840
314
271
550
94
739
732
659
739
808
661
87
503
918
707
410
899
191
948
511
358
204
93
378
435
2
828
834
853
952
447
649
870
155
109
740
659
541
607
358
73
533
87
691
774
387
193
210
98
991
337
689
682
779
531
609
230
45
57
636
725
714
158
446
348
717
963
999
915
242
601
694
665
948
653
41
146
20
44
416
872
442
453
744
865
795
333
426
671
917
417
446
363
430
103
55
586
679
725
574
850
440
839
189
363
749
558
13
97
333
791
506
349
381
712
112
116
3
359
486
258
317
366
818
915
879
379
827
53
643
183
156
113
751
21
775
768
584
572
545
52
879
608
702
310
419
395
512
434
500
21
997
274
158
986
849
834
580
173
19
210
353
337
239
440
551
795
906
984
435
666
129
340
729
275
437
129
163
627
120
849
152
667
706
208
163
138
38
723
716
180
188
429
208
626
975
764
270
17
781
454
452
942
565
280
789
486
955
693
203
351
804
739
227
314
125
560
979
961
928
731
724
902
712
650
327
524
680
196
334
72
150
785
506
260
738
223
872
486
992
720
255
294
972
272
748
963
546
413
282
599
648
193
360
880
534
230
0
375
418
769
113
407
146
815
381
407
533
675
876
565
869
112
240
370
7
284
163
116
714
112
143
408
876
565
231
756
660
725
605
805
437
84
91
198
157
785
525
907
274
484
932
38
821
699
691
520
898
891
381
412
999
268
187
644
916
826
535
354
934
357
285
676
106
185
276
769
424
92
574
104
746
356
896
456
912
225
293
780
398
310
880
872
63
199
589
884
660
956
62
701
339
34
252
743
190
95
653
393
698
169
723
606
917
956
975
320
338
516
719
571
747
881
626
575
423
268
618
194
822
292
242
329
89
7
186
117
509
660
784
821
908
417
14
7
356
424
196
568
916
557
595
468
233
959
456
489
253
75
656
428
769
343
592
835
367
297
28
960
558
745
363
923
380
466
0
987
528
27
723
181
27
185
619
622
372
894
5
955
937
273
597
441
321
907
55
54
893
13
966
375
474
431
684
240
144
507
78
362
915
24
363
394
72
985
526
267
844
646
133
254
942
444
42
772
381
29
753
263
434
833
691
317
11
774
442
68
551
445
782
77
28
31
476
436
465
711
615
988
207
953
826
342
894
749
373
689
294
519
854
931
959
915
922
88
163
386
491
901
646
861
34
995
645
104
441
425
156
298
957
781
40
26
340
827
272
335
1000
199
904
812
773
17
283
932
890
872
716
66
880
637
612
195
236
706
59
522
324
517
954
635
111
201
494
905
27
86
25
636
330
699
354
976
631
773
404
869
304
161
727
450
426
72
71
492
562
962
23
955
756
977
382
611
463
674
84
326
256
482
327
588
240
146
44
976
409
789
880
986
781
110
490
96
435
167
935
354
996
590
49
388
477
636
970
92
904
855
755
598
54
82
963
846
3
602
872
720
685
834
586
164
426
894
203
1000
462
995
629
857
118
490
665
987
434
952
36
22
285
444
634
820
308
508
345
905
755
800
745
172
396
104
861
753
478
297
973
966
773
798
556
418
695
392
241
754
129
800
318
599
87
660
932
206
88
81
377
338
540
694
908
257
59
408
617
824
405
255
328
406
808
908
16
358
416
900
495
219
229
349
503
874
197
779
142
790
406
924
768
934
922
591
697
133
615
266
600
172
854
630
973
822
203
472
382
853
891
248
519
839
167
95
855
554
105
281
937
894
452
61
848
447
528
323
930
350
686
417
824
120
517
620
284
210
466
358
50
73
665
807
204
299
402
639
43
336
207
550
433
252
194
1
254
952
155
732
32
453
992
790
862
259
490
775
55
979
701
836
241
806
560
718
910
760
509
276
814
339
977
312
469
980
380
583
52
97
161
205
505
789
998
351
512
679
947
876
1
112
204
707
416
565
674
964
238
748
529
4
796
894
943
937
539
661
261
778
707
872
435
826
162
550
301
415
867
550
36
105
605
238
370
146
145
366
257
195
856
166
678
189
612
131
939
848
746
9
744
345
785
71
170
19
893
730
960
854
793
519
339
782
837
627
262
502
33
28
119
966
94
265
870
360
986
325
614
802
870
955
806
868
139
889
452
403
4
833
534
655
689
986
147
735
918
522
728
410
716
277
319
698
286
140
259
436
409
231
463
548
209
440
476
459
367
290
175
514
415
867
365
539
185
953
182
125
866
228
781
288
810
714
602
561
685
225
933
986
939
884
196
973
187
589
315
256
849
72
813
120
927
836
396
438
39
737
111
474
551
164
687
400
433
360
332
889
302
607
709
465
183
331
242
734
79
12
595
275
216
261
259
11
299
985
437
391
784
511
78
70
178
563
35
593
117
560
884
471
296
923
918
138
198
125
15
971
166
360
882
890
715
38
389
173
425
136
60
650
914
392
789
827
510
872
445
62
690
441
52
75
903
681
38
299
447
670
19
487
819
106
73
570
48
628
890
181
190
536
929
775
600
626
710
747
288
41
574
703
872
25
28
246
669
561
884
680
982
821
570
821
264
471
234
347
689
766
95
185
883
947
565
410
321
324
585
696
757
230
172
55
354
61
989
67
950
536
370
662
363
727
182
684
417
693
561
131
519
873
782
727
984
465
114
529
185
971
342
418
301
554
498
538
388
185
73
628
867
387
562
507
385
454
563
444
376
829
397
338
717
495
609
472
278
852
850
6
740
905
183
765
946
958
741
90
12
364
729
300
162
61
403
190
259
47
23
804
169
204
444
49
273
878
749
177
343
490
523
545
961
691
114
677
832
360
625
978
216
394
307
335
466
850
842
15
164
301
347
784
6
914
673
690
909
856
931
41
225
612
740
480
509
657
75
228
990
225
392
498
634
321
774
498
445
358
861
97
336
813
994
974
352
280
562
892
729
703
12
855
596
324
382
940
389
540
780
946
824
165
103
824
432
186
378
214
326
262
484
291
67
150
680
936
743
808
430
136
451
45
133
958
68
264
841
298
824
640
658
592
577
870
136
110
203
462
731
281
969
92
138
289
91
191
864
301
378
558
687
781
268
71
491
914
692
262
966
169
128
462
544
559
800
631
521
614
49
744
376
652
760
92
317
670
987
38
570
274
671
739
981
372
530
55
947
70
611
473
857
378
516
58
954
631
214
538
167
64
476
659
401
418
970
508
958
633
400
169
648
232
784
926
287
940
676
426
898
542
975
901
849
216
480
886
467
22
580
932
672
500
758
503
950
247
577
691
397
574
693
751
129
64
155
182
15
621
912
952
418
568
951
448
767
223
223
634
779
989
288
432
282
821
25
929
226
691
385
121
370
696
773
869
551
706
740
879
155
111
544
75
932
607
613
576
980
718
123
896
245
964
95
123
712
63
660
863
152
930
308
319
4
843
291
557
73
151
863
204
666
477
763
768
706
120
952
344
313
887
526
347
467
189
519
738
356
525
592
572
911
682
593
658
821
997
776
938
526
28
112
10
143
949
220
254
711
199
642
159
434
49
126
811
349
402
24
834
694
395
972
407
365
652
704
849
606
545
261
408
842
726
390
596
569
111
737
440
414
365
29
251
664
816
195
499
535
907
171
970
468
414
494
80
162
881
624
306
133
235
578
768
819
807
75
181
413
988
173
656
140
677
615
742
120
3
834
665
35
479
142
8
732
609
408
497
118
594
103
938
301
57
123
272
451
942
391
547
146
316
376
611
15
58
38
784
128
315
437
743
738
353
241
281
685
731
702
341
708
772
406
761
28
667
317
17
528
409
50
139
134
844
191
184
894
374
219
775
586
115
562
720
410
808
663
636
26
927
472
693
581
535
584
523
628
177
458
663
90
918
697
169
431
352
964
729
416
400
539
763
762
202
615
595
477
712
786
573
308
302
106
487
557
861
302
674
350
722
993
71
340
868
293
841
632
78
276
235
36
734
608
2
821
302
761
641
721
111
918
819
643
756
160
367
684
344
886
95
703
392
709
47
271
998
420
859
641
545
17
849
576
910
78
958
963
120
859
462
395
31
811
813
575
570
152
496
520
19
414
371
331
392
119
200
401
974
786
355
38
540
863
904
731
82
573
533
513
960
305
500
834
363
735
576
692
788
881
900
480
111
736
46
634
651
812
868
572
817
73
146
989
653
668
19
258
850
390
500
584
898
626
416
552
977
20
110
194
617
397
668
620
56
288
775
46
557
951
426
609
305
597
784
11
432
125
569
169
737
343
366
997
865
877
904
964
443
334
783
216
533
755
34
295
849
46
924
475
866
273
832
362
471
634
111
997
117
467
407
62
156
663
639
578
353
94
463
689
425
930
916
877
174
713
776
67
286
258
368
108
314
786
750
98
488
831
316
704
946
296
734
909
887
898
434
401
446
697
872
134
58
721
985
745
559
389
65
710
736
597
907
123
752
468
176
514
919
348
446
432
749
727
683
151
262
100
685
152
821
806
251
45
544
609
800
497
109
261
168
681
641
473
985
376
592
799
216
580
646
21
608
351
721
906
783
94
608
726
107
510
723
273
896
342
628
888
74
747
869
914
517
90
468
497
761
790
266
361
591
270
884
642
52
512
48
485
485
71
584
244
572
771
874
334
575
783
450
456
137
310
440
785
313
641
980
74
568
857
68
116
52
921
881
737
574
198
676
711
830
233
227
230
600
364
425
980
827
819
871
466
117
145
708
136
756
187
256
765
927
659
514
931
142
470
