169
591
100
60
446
450
563
145
627
396
763
962
246
840
797
975
663
194
436
478
810
901
520
767
505
326
649
321
484
244
33
480
264
285
632
705
725
439
984
872
384
559
903
776
764
82
65
634
865
420
200
547
860
144
393
517
218
565
494
950
669
350
116
69
426
865
701
904
590
312
431
302
615
62
799
33
528
108
217
874
36
299
659
20
373
639
764
269
85
645
40
511
406
249
833
971
752
23
311
160
897
943
337
439
41
280
941
884
424
427
969
833
918
807
930
891
215
841
946
660
122
865
835
184
222
844
921
296
735
419
213
535
733
472
22
79
453
977
974
756
16
256
381
644
997
219
793
1
663
345
860
97
421
420
104
339
457
88
370
148
767
449
289
328
84
973
194
130
783
479
417
911
216
62
382
659
340
371
825
803
930
410
150
721
756
309
158
587
1000
611
933
999
168
152
214
640
491
51
920
562
642
36
788
544
429
999
43
246
410
909
548
995
956
625
644
56
511
540
624
65
9
878
804
936
583
449
914
566
793
465
728
456
678
414
356
499
684
348
71
262
807
915
708
85
946
992
759
137
308
35
945
91
752
226
643
263
976
408
771
42
0
928
319
836
829
428
7
642
850
70
42
992
520
571
453
992
968
175
686
995
92
56
574
991
272
350
978
862
983
414
712
838
909
729
333
62
696
749
979
28
412
500
810
969
217
689
159
231
719
834
226
506
489
407
462
312
173
729
534
589
29
505
358
107
234
52
264
881
97
493
901
670
921
215
637
541
157
314
837
450
336
260
206
578
308
653
370
89
104
742
228
783
786
616
751
17
409
142
400
88
251
53
91
169
371
395
227
127
465
787
597
704
568
786
17
678
238
256
146
551
506
123
500
984
435
589
22
536
565
100
843
60
994
481
845
59
324
164
311
39
930
177
515
232
948
302
975
618
999
860
110
474
524
743
616
353
378
282
434
481
812
249
607
796
713
93
236
900
777
493
165
364
47
519
9
969
549
71
153
319
225
470
797
598
713
252
125
210
626
670
392
802
771
881
562
728
774
598
746
819
791
182
210
961
281
771
998
801
523
490
9
208
729
28
588
421
643
9
613
156
210
519
535
276
256
933
487
411
951
315
924
37
946
412
782
601
214
669
139
601
800
670
359
298
13
743
640
314
441
633
620
233
787
657
639
133
961
319
12
320
162
134
695
706
861
414
767
517
370
554
976
608
991
894
336
693
780
763
983
769
55
139
233
702
809
240
793
339
63
421
495
697
350
98
264
927
3
917
217
141
241
101
749
728
149
391
517
446
81
932
409
551
207
562
812
474
747
654
316
39
114
559
569
145
77
85
546
509
65
7
724
230
411
371
162
812
301
332
928
192
470
625
980
559
324
82
998
157
456
975
779
34
258
119
442
221
463
647
389
606
929
432
243
630
379
199
961
141
313
707
194
300
716
497
659
488
683
662
621
444
378
680
55
174
423
455
288
649
663
596
420
438
872
482
491
399
92
221
841
118
984
839
539
198
288
628
279
838
540
854
936
614
456
77
174
889
590
490
716
678
415
321
635
250
14
271
546
702
314
786
685
477
539
972
747
319
625
742
98
272
194
633
456
627
803
321
528
817
166
803
940
653
389
148
846
409
115
65
929
594
701
778
26
188
623
690
987
295
814
435
373
342
865
721
564
908
929
488
662
848
636
578
777
68
200
561
374
739
499
237
851
503
784
617
308
827
297
333
810
105
700
923
659
853
357
821
391
478
244
532
272
134
671
101
295
997
480
257
757
759
135
72
377
933
901
888
761
63
946
572
573
370
489
934
846
358
382
784
518
374
561
692
967
518
657
570
858
954
66
258
901
813
635
351
789
812
674
196
32
329
873
277
368
592
199
772
78
251
119
33
566
610
987
85
489
731
459
640
618
697
947
340
579
344
151
564
243
450
626
521
63
280
550
480
364
297
602
939
897
626
781
912
209
751
0
455
507
894
231
509
58
863
663
235
469
11
305
28
111
161
14
776
788
836
412
732
331
577
785
936
340
868
564
934
506
364
337
386
962
666
435
619
890
841
786
791
458
350
402
305
270
796
6
664
360
798
858
217
322
590
21
463
330
721
448
568
347
315
188
1
422
679
71
561
795
282
395
258
761
688
382
171
113
714
134
557
771
116
971
528
329
615
957
122
732
948
588
188
638
99
107
621
616
340
770
809
51
165
497
798
46
791
369
880
413
671
57
178
620
463
469
863
166
944
192
153
96
278
301
227
938
73
121
482
374
585
495
989
127
867
171
567
736
445
796
492
786
744
332
605
451
689
902
498
147
819
81
807
478
131
974
365
118
43
136
981
99
957
842
333
824
285
566
564
729
953
54
157
59
380
921
191
602
487
31
0
292
774
309
831
804
361
504
961
117
256
739
920
954
710
744
511
561
188
43
759
266
385
190
287
176
931
490
270
974
126
743
266
636
497
398
855
285
224
765
66
76
123
945
685
761
3
499
755
725
845
597
229
400
444
496
512
251
333
331
904
844
479
892
638
369
66
520
795
689
383
887
230
705
470
626
837
557
813
309
104
367
218
797
83
956
620
924
804
36
460
462
222
752
146
493
70
753
31
343
369
58
383
256
919
444
782
717
521
433
359
148
753
442
700
379
941
453
126
782
413
753
493
170
962
431
443
435
311
504
368
463
989
834
831
59
550
886
824
892
761
681
59
502
913
916
284
73
101
251
123
141
856
588
199
678
596
65
196
833
17
873
610
551
76
995
185
14
505
260
233
110
971
74
603
81
946
784
251
282
835
653
724
211
739
830
700
159
250
976
284
668
891
542
239
611
106
293
780
780
371
726
337
557
533
29
237
145
416
85
44
252
8
370
242
473
107
454
907
22
44
268
721
861
825
737
546
407
911
940
538
167
519
747
148
83
131
970
235
137
316
906
340
914
106
681
685
285
932
937
360
154
453
161
813
480
743
555
283
68
621
154
282
394
37
495
60
432
319
566
163
895
169
338
593
446
275
78
134
995
908
802
702
765
902
317
471
515
395
434
836
774
874
168
315
535
23
706
157
845
68
733
485
520
780
130
110
826
657
235
267
616
621
512
253
366
363
479
738
983
375
510
14
417
697
380
977
835
113
58
411
200
568
882
406
884
104
209
83
932
564
616
500
67
927
1000
897
98
106
962
538
699
669
122
773
538
527
866
8
513
848
240
564
306
324
219
872
165
279
516
288
269
579
465
554
123
623
503
492
864
801
154
171
152
776
397
192
514
495
297
493
156
505
113
690
63
396
771
100
371
683
746
15
470
16
625
537
605
740
621
349
167
45
337
427
92
648
697
797
617
916
512
336
7
726
528
856
151
864
265
102
588
839
239
56
758
513
493
257
109
71
90
350
838
388
167
106
690
414
693
525
147
445
490
172
579
993
238
419
709
795
944
234
787
633
766
734
96
885
624
658
679
348
491
490
14
712
827
648
834
37
281
130
60
595
219
637
536
472
794
340
538
235
326
674
400
347
216
722
829
938
438
528
869
791
259
871
909
280
49
963
635
257
977
751
361
586
431
43
180
522
635
234
931
366
310
941
727
254
919
260
378
93
738
807
961
976
388
191
43
301
608
398
236
161
807
561
339
597
528
703
950
934
793
403
330
25
428
661
344
218
558
290
824
422
904
533
414
188
412
439
86
523
481
36
591
652
354
445
141
912
247
241
15
10
188
749
460
368
773
572
920
552
118
481
857
572
283
891
574
936
839
528
160
377
883
526
541
594
332
162
256
51
78
138
549
250
825
714
412
65
191
650
563
812
181
949
891
58
427
742
645
542
12
335
92
875
359
209
627
496
351
158
700
33
674
58
30
4
218
881
436
766
193
814
477
36
683
657
301
366
223
171
76
278
430
756
572
14
865
559
230
241
784
73
349
60
113
565
704
144
632
801
777
43
852
791
938
217
774
26
926
633
887
895
951
357
684
698
354
905
736
517
152
516
915
285
142
839
227
515
596
858
556
108
188
495
479
173
95
378
270
235
944
297
374
857
800
399
346
824
670
601
45
87
884
602
147
938
643
957
494
77
680
254
52
355
74
104
710
728
769
106
381
790
335
434
932
496
605
194
650
979
318
944
898
603
7
245
412
479
169
717
585
274
613
647
16
558
214
288
495
707
109
328
778
365
216
734
743
396
300
954
694
266
244
952
119
407
818
567
28
87
292
361
950
186
542
410
193
516
306
615
857
13
309
865
657
688
797
173
480
522
723
817
212
629
15
889
386
10
476
942
237
934
276
207
437
150
180
31
43
58
669
308
776
548
96
711
465
565
555
768
691
332
632
989
572
103
275
553
593
371
15
158
548
173
133
985
633
689
327
462
406
557
652
351
809
154
226
80
671
723
988
72
976
637
872
131
887
359
910
29
847
334
725
822
871
410
73
464
52
779
382
554
780
42
967
319
314
876
22
4
186
605
999
960
195
498
840
57
218
478
420
756
496
565
68
960
50
423
879
598
35
446
158
287
96
326
402
727
32
599
576
969
9
762
212
444
730
817
111
289
243
318
934
581
450
498
274
497
67
101
839
537
941
204
357
385
456
925
37
958
835
987
969
844
138
800
385
76
761
477
915
899
218
106
83
365
494
901
589
971
696
109
75
569
316
751
275
429
154
746
664
183
483
307
740
912
48
917
334
571
980
439
892
979
109
89
322
488
20
649
671
739
415
41
993
885
360
368
307
404
739
424
798
719
513
242
28
590
629
90
734
422
507
85
693
524
231
378
806
292
315
511
575
281
76
549
66
949
687
854
540
203
904
469
260
940
101
301
595
176
111
939
51
120
330
910
847
815
123
609
732
938
459
771
543
891
52
722
212
562
360
630
859
55
691
797
160
503
552
920
765
710
868
767
97
632
0
883
812
465
533
128
751
607
560
453
431
887
415
799
408
686
900
163
889
621
964
827
31
396
963
278
990
899
90
327
406
888
911
274
250
716
168
174
115
602
668
351
537
253
220
126
246
451
31
469
604
456
760
35
575
367
702
104
353
629
572
893
154
519
712
642
998
751
657
489
12
943
436
366
122
439
869
255
594
175
807
532
274
116
269
331
800
158
452
925
439
580
807
689
369
998
666
572
771
166
972
122
214
91
897
342
553
119
652
760
654
735
365
392
69
408
334
662
516
280
285
307
887
607
909
865
470
476
856
18
891
81
952
280
868
185
864
925
280
108
484
539
107
545
864
988
789
403
446
909
855
796
57
663
505
502
953
476
677
263
648
314
387
836
744
880
49
398
498
136
686
564
131
50
328
673
678
374
864
402
838
467
306
249
974
760
284
643
340
386
85
118
983
237
591
151
579
97
933
23
815
962
694
724
143
522
7
424
191
900
695
459
724
900
391
25
448
643
494
830
208
489
852
404
504
558
540
228
628
192
712
193
729
857
719
611
547
945
599
750
444
460
891
790
746
483
140
580
822
650
588
681
12
652
627
250
402
288
649
470
713
42
929
121
459
879
118
876
919
370
541
830
802
733
245
933
808
347
598
387
558
67
724
719
513
403
472
543
99
10
284
896
804
798
540
909
463
475
911
845
613
963
215
995
539
595
337
87
418
20
133
394
996
609
425
297
894
660
604
112
870
697
706
257
788
75
187
243
217
999
103
438
202
523
921
307
893
251
384
833
540
276
526
755
884
67
893
615
210
159
965
944
79
816
142
812
719
547
487
342
615
789
33
721
609
751
431
287
681
578
603
990
51
783
590
696
288
955
816
770
91
693
301
171
719
475
51
288
153
800
411
693
712
539
138
150
423
741
295
966
67
593
965
409
973
713
718
412
109
570
704
795
982
473
49
560
579
641
772
792
934
975
68
649
241
506
67
939
27
268
523
557
359
629
436
930
982
64
251
672
307
847
118
213
336
706
852
339
323
90
539
81
381
427
898
48
664
511
467
852
321
726
367
49
377
872
886
706
774
188
694
172
267
142
199
816
569
119
58
497
483
652
906
492
51
267
901
630
699
895
825
346
315
883
706
758
469
742
122
723
777
453
729
455
217
687
345
71
903
94
590
285
904
517
619
300
231
593
717
369
825
785
301
320
940
72
563
517
882
555
87
990
94
42
238
125
466
682
521
319
115
324
624
50
140
189
76
146
580
377
44
497
311
712
254
601
575
5
471
650
953
480
668
731
357
120
583
413
730
485
809
307
280
222
169
336
367
543
785
426
486
783
283
157
449
731
174
516
469
246
653
497
417
547
438
6
149
362
680
317
215
612
822
229
656
71
735
746
93
15
247
833
512
59
742
147
0
434
153
376
608
378
74
738
5
749
5
864
375
667
692
329
525
330
138
263
200
23
588
733
550
338
280
88
364
529
271
660
810
41
585
843
543
333
227
379
431
102
331
805
938
586
213
736
420
714
854
747
869
79
189
793
409
388
219
649
203
549
644
160
629
684
97
353
300
256
415
691
933
89
185
6
631
522
295
972
878
917
687
50
326
132
879
50
646
442
994
589
529
191
896
103
794
383
801
478
721
383
537
577
263
327
912
998
704
984
956
459
319
591
288
426
452
795
503
287
842
849
805
904
123
713
215
673
573
889
780
721
754
611
278
927
302
563
227
193
898
18
142
266
242
264
918
876
15
837
629
93
218
802
237
316
875
898
670
167
789
349
70
957
547
802
986
4
11
729
699
474
975
194
725
113
191
241
215
330
274
507
821
777
776
781
685
235
573
603
831
484
694
861
257
540
93
52
760
385
300
682
559
480
590
574
71
581
935
302
327
297
918
636
398
801
998
756
42
308
585
544
472
993
824
286
340
709
673
422
84
155
261
801
240
917
397
130
280
723
96
970
645
691
510
654
782
776
731
285
173
139
13
311
171
915
727
110
617
676
406
885
295
16
281
870
984
988
728
319
363
127
733
406
921
214
645
978
502
584
454
985
393
586
757
126
413
659
900
933
133
201
117
781
226
449
336
622
943
166
452
459
762
341
39
510
49
16
722
123
955
560
351
847
268
724
352
957
642
864
638
653
678
7
690
876
105
678
140
396
666
210
650
947
790
703
653
22
7
720
104
46
896
980
17
778
763
5
115
973
112
233
856
561
97
742
650
838
556
691
183
720
725
445
717
526
960
243
618
939
893
342
565
282
9
91
393
484
976
301
215
752
822
528
523
404
926
982
428
390
159
909
659
473
701
459
170
291
608
746
229
511
597
594
652
935
851
215
12
535
467
266
395
373
705
669
394
800
840
685
197
655
553
545
547
910
96
808
51
153
627
530
355
554
249
517
112
639
85
546
800
692
384
256
897
848
37
797
338
801
962
806
963
32
605
966
533
822
695
560
832
912
627
474
33
447
614
634
800
404
266
69
493
944
863
508
921
468
768
685
966
348
210
604
62
438
180
581
340
180
279
350
699
592
981
845
566
293
550
487
989
229
581
280
910
936
324
719
952
212
686
606
258
350
324
218
384
606
282
971
394
767
279
860
467
239
291
728
480
142
956
556
374
137
96
273
389
904
76
750
64
362
108
651
671
512
554
17
866
677
157
660
67
513
248
958
756
259
230
982
617
524
433
437
188
140
74
863
710
870
136
437
976
25
638
125
349
709
784
891
313
971
429
371
292
483
824
934
455
555
381
810
706
138
87
840
747
929
151
358
101
497
101
269
490
25
589
988
86
914
790
519
636
788
894
143
937
2
262
383
808
734
686
894
91
512
204
76
663
973
440
733
480
645
588
737
815
717
996
497
774
904
196
694
482
851
916
346
598
772
42
294
402
933
345
485
766
429
9
134
958
705
830
883
346
391
713
125
11
877
211
133
413
973
46
337
302
639
810
270
952
132
169
474
786
407
63
153
603
583
722
897
282
191
430
634
134
962
549
948
664
44
749
271
631
802
889
821
186
8
122
842
937
63
45
702
228
551
822
32
804
88
132
980
520
239
9
649
753
332
551
297
507
217
548
820
310
492
709
342
453
601
925
911
535
543
356
500
484
425
768
719
874
817
478
92
660
819
623
141
791
138
733
842
444
283
427
68
179
487
45
841
874
396
514
823
176
83
369
853
749
923
752
410
309
384
910
790
258
338
311
868
808
531
85
704
994
955
618
934
228
405
348
283
63
892
240
698
582
738
213
723
524
300
828
515
704
198
988
844
949
167
332
618
97
823
39
617
905
654
806
817
977
666
869
902
850
593
50
95
315
463
669
947
275
939
709
909
765
26
652
457
137
83
744
627
806
942
562
479
224
454
328
275
844
791
303
708
174
118
399
92
9
591
613
983
880
352
710
313
134
538
810
928
507
873
501
252
865
644
955
945
758
13
886
297
102
494
80
729
363
358
941
682
49
461
815
273
457
548
63
356
224
670
430
475
655
591
266
11
654
312
77
701
686
267
259
230
553
260
955
627
146
58
829
201
607
428
220
472
374
82
453
759
202
325
721
610
321
920
182
637
586
123
816
835
330
207
232
378
297
472
154
369
167
886
660
743
675
32
185
679
792
173
279
573
944
105
29
103
814
292
456
989
246
128
106
249
42
682
445
60
778
520
324
513
409
562
230
155
160
765
358
192
88
958
539
120
328
725
26
632
545
945
352
985
166
618
556
291
30
299
614
599
897
887
198
970
275
939
845
535
762
288
108
909
895
41
536
923
124
753
775
765
804
898
721
455
143
816
151
91
691
331
360
308
377
199
976
189
459
40
735
28
55
101
158
381
874
149
691
66
773
14
594
54
164
582
468
333
778
99
452
410
681
295
546
610
671
147
872
189
547
944
249
551
494
97
182
285
272
174
968
877
387
714
864
177
456
722
606
484
495
730
297
999
358
421
28
602
591
584
180
596
319
413
727
567
359
337
504
124
189
726
930
185
628
767
89
903
821
81
90
572
835
275
332
509
114
393
654
845
647
167
186
123
378
111
197
26
662
27
185
112
554
611
20
755
623
41
352
366
146
985
84
958
539
492
251
908
305
72
467
529
725
100
2
673
806
321
570
102
865
660
347
959
999
875
520
967
985
411
727
768
885
758
297
439
690
114
465
1
280
709
502
222
858
457
622
289
526
580
709
856
579
886
773
520
219
498
836
835
0
49
215
694
664
784
634
820
982
772
789
637
41
398
622
594
277
583
800
285
153
814
823
587
269
813
665
704
324
474
266
78
910
622
504
919
492
277
269
550
296
212
427
977
767
310
471
664
161
816
34
99
796
624
487
781
244
342
65
802
775
214
971
389
261
989
404
557
711
773
66
475
250
412
237
109
674
40
225
740
169
147
818
351
260
936
600
721
745
537
7
935
507
396
734
151
376
842
172
141
744
61
751
848
302
326
614
403
859
695
765
988
382
515
586
821
658
55
750
732
130
300
373
817
544
488
423
915
241
678
33
79
307
219
256
953
731
815
796
287
717
91
450
172
1
655
786
319
940
168
239
141
730
780
85
919
404
548
274
151
235
825
593
686
717
206
208
897
161
864
842
283
238
248
334
291
783
863
124
973
521
801
27
803
842
573
946
537
651
317
477
265
610
934
387
907
821
487
920
6
923
665
193
675
258
598
84
845
179
420
669
741
931
434
802
803
748
398
229
700
608
883
289
496
128
645
644
696
943
587
752
93
70
93
119
467
810
688
726
320
984
774
287
294
172
709
955
718
210
218
626
366
81
456
806
861
474
901
364
140
435
910
769
64
502
249
22
4
563
89
756
285
757
735
240
688
63
285
838
663
531
617
871
861
849
569
490
947
849
773
88
555
897
827
349
553
492
347
480
246
903
89
97
811
73
688
140
603
371
431
250
283
88
484
780
46
880
883
610
204
784
208
350
988
657
444
50
971
916
993
382
308
873
878
899
724
815
331
293
831
208
408
845
301
457
904
908
523
686
906
527
716
656
736
696
707
523
437
277
935
382
863
685
941
875
348
44
592
112
840
953
129
535
599
266
235
980
721
983
921
267
805
509
96
630
300
690
630
598
789
68
761
920
47
337
118
374
110
905
374
456
790
694
652
722
491
583
938
436
131
883
817
582
195
58
547
778
513
262
145
52
945
329
165
525
176
220
152
651
948
822
756
690
395
186
130
914
119
592
527
536
896
957
928
963
446
974
668
69
501
100
166
510
126
55
447
361
117
493
6
86
615
418
237
252
494
137
929
318
788
519
526
529
261
788
805
155
528
104
76
993
728
167
526
7
63
99
512
496
691
402
873
802
74
842
596
972
198
292
556
357
438
552
954
782
75
500
261
241
239
1
950
286
55
82
542
95
498
102
920
335
325
279
690
100
151
5
297
19
698
137
136
909
644
127
328
427
110
649
181
701
32
230
336
173
44
895
738
593
74
965
440
312
956
84
636
746
114
862
634
833
371
446
783
149
388
107
589
670
465
295
909
653
174
328
355
902
780
21
619
531
108
317
930
440
23
555
397
249
82
303
766
498
289
254
749
642
343
256
51
538
429
752
799
498
588
647
417
101
87
941
461
115
211
731
83
654
248
945
341
79
776
281
344
718
583
165
280
730
728
527
506
37
662
160
73
966
500
368
727
476
319
528
536
48
563
324
56
819
535
459
32
595
136
699
609
338
143
797
251
541
55
14
276
537
73
498
51
940
809
272
856
81
157
164
988
966
116
581
96
853
305
4
55
553
181
963
430
397
612
363
25
848
315
616
133
425
735
115
214
293
115
505
685
772
190
873
157
539
934
66
53
446
309
929
811
649
371
688
503
209
585
413
911
354
151
96
401
331
139
881
437
166
596
739
791
299
824
727
93
82
261
501
54
222
900
750
280
881
129
248
452
259
910
834
197
862
396
563
624
436
604
602
201
563
315
953
153
290
971
136
80
972
848
555
596
633
603
529
978
472
633
28
128
843
10
814
17
95
37
78
76
757
190
996
1
999
433
615
971
638
208
340
335
932
362
956
724
873
148
795
754
184
232
319
886
872
359
679
749
727
174
801
974
595
924
318
152
125
899
476
445
571
71
950
721
952
348
992
172
840
983
39
970
526
426
784
743
266
264
813
692
399
111
827
312
496
295
671
492
408
21
401
579
965
670
80
892
641
953
926
355
461
16
288
616
745
692
110
245
483
78
172
799
421
433
765
460
958
666
746
134
204
407
385
475
173
317
767
811
285
57
617
254
225
133
52
689
797
661
452
727
666
115
956
482
833
565
647
929
995
853
936
557
938
691
915
931
858
527
519
721
228
230
484
503
534
752
856
857
854
718
418
150
45
31
80
1000
486
506
494
740
498
4
400
408
600
134
733
975
466
701
934
740
809
752
384
882
140
946
683
75
184
547
88
755
212
134
254
941
670
194
143
406
147
858
215
145
684
427
345
952
370
579
748
494
881
350
3
887
683
35
524
878
752
500
141
290
662
904
721
906
858
104
90
99
394
682
892
958
941
311
202
864
575
916
445
507
989
905
26
731
962
794
188
502
536
351
457
101
860
194
741
320
849
457
740
643
556
856
223
307
874
174
540
98
414
46
369
768
359
256
77
433
174
428
828
549
860
65
99
424
975
795
219
76
442
635
318
607
631
462
779
848
339
781
417
768
569
748
977
766
606
780
989
809
531
300
904
501
45
777
946
844
403
812
555
560
29
891
524
559
833
682
513
899
693
728
578
934
273
679
727
325
82
299
41
80
116
870
309
954
417
966
431
729
981
887
320
206
985
825
655
141
198
749
54
10
508
243
891
231
17
566
188
801
328
912
873
800
623
415
497
715
678
345
165
347
134
549
194
749
294
890
502
999
782
663
592
288
136
124
668
260
217
235
638
25
872
341
80
989
788
136
475
194
900
42
742
422
225
505
206
1
422
383
80
802
788
773
586
996
674
306
853
980
648
936
295
928
952
546
992
489
504
274
123
534
594
628
732
576
122
47
712
646
196
288
489
565
309
398
492
58
661
846
744
429
456
855
592
987
412
683
442
827
280
854
601
597
621
947
819
290
191
760
945
878
200
820
20
571
302
705
619
535
198
223
556
224
313
555
920
580
74
2
690
50
710
193
599
615
850
534
544
845
193
940
422
430
988
322
106
60
12
926
673
924
666
592
587
114
346
852
174
918
454
265
718
33
662
755
441
275
349
862
683
277
63
959
75
426
15
851
821
233
594
153
689
582
75
50
399
805
826
274
883
69
918
762
267
678
91
56
443
211
579
291
590
261
163
29
850
747
702
764
870
918
120
978
158
267
459
432
815
114
640
759
963
790
394
856
369
885
860
263
837
798
847
742
870
992
432
189
439
108
67
454
254
371
653
947
8
348
626
54
24
743
542
138
175
646
36
578
258
65
830
302
270
807
664
945
76
75
822
383
656
69
431
622
921
666
168
563
134
195
380
955
71
550
157
467
318
737
672
417
638
713
295
103
130
643
530
606
628
599
400
814
891
892
424
378
516
984
267
868
13
923
887
9
593
531
755
969
307
667
368
48
281
846
439
375
969
704
451
548
991
226
610
686
532
576
847
771
842
811
741
180
232
844
437
366
185
311
988
168
777
985
248
74
741
956
263
501
697
204
479
931
544
562
485
20
202
96
549
356
172
467
752
728
478
90
231
217
589
539
452
411
279
562
251
871
728
909
414
938
455
452
914
948
719
388
541
842
315
519
29
603
380
138
22
179
455
138
430
920
742
349
244
149
218
22
954
376
118
212
244
328
368
262
260
300
116
310
139
660
65
551
658
871
451
95
948
807
947
980
347
42
931
904
66
999
126
51
342
175
162
69
573
105
786
508
380
231
661
34
304
656
718
677
14
314
784
492
544
806
596
122
181
340
488
943
829
186
487
424
849
446
145
906
668
828
150
706
794
620
49
476
603
810
224
162
536
955
628
650
917
303
505
477
931
485
241
709
456
896
806
971
346
779
843
235
785
553
783
904
708
844
263
967
875
590
636
31
512
987
924
87
650
793
498
69
825
944
497
233
981
777
775
469
237
131
765
390
195
695
362
404
378
732
146
53
276
695
118
503
659
290
256
191
946
436
262
730
527
589
563
709
694
546
335
792
67
49
761
357
558
818
398
725
251
944
784
784
748
262
545
670
349
731
642
687
917
760
346
487
570
615
537
329
527
231
293
402
314
271
978
924
375
59
268
16
480
968
612
762
440
409
569
367
534
230
474
320
613
402
502
268
407
867
614
505
7
230
583
842
412
373
845
136
334
741
882
174
778
193
8
796
542
531
177
167
214
573
586
794
737
165
899
403
657
264
741
592
951
511
647
340
229
697
70
176
426
48
339
154
434
327
839
83
810
651
682
380
980
202
302
104
286
193
190
144
179
783
154
764
146
297
682
739
12
548
745
888
775
229
30
608
621
877
255
897
380
856
925
996
995
243
98
559
281
103
718
875
23
678
272
533
945
402
15
257
153
778
398
387
133
952
117
616
256
642
638
168
155
220
300
58
333
721
358
939
844
101
392
614
626
655
298
901
262
596
414
621
89
540
143
406
249
503
9
210
100
388
107
936
116
477
722
552
174
291
391
564
696
866
337
518
469
1000
386
50
930
487
437
433
470
582
274
991
697
196
49
65
257
18
182
83
347
101
686
465
386
906
845
940
514
457
710
352
102
718
188
839
701
974
598
642
407
427
288
644
170
352
394
444
647
630
752
226
263
324
151
865
130
631
286
903
779
195
80
231
277
711
360
97
333
781
394
305
532
504
879
395
235
355
165
86
667
795
727
596
818
725
604
810
787
720
209
660
898
990
837
835
608
692
937
496
455
0
457
756
433
79
831
987
501
685
899
958
919
721
880
566
659
152
88
749
497
409
806
756
247
691
651
671
993
972
543
482
713
666
127
945
415
231
717
722
134
406
736
859
50
11
489
448
804
644
437
191
841
748
903
803
768
401
799
523
162
105
870
908
338
129
406
811
468
644
555
590
553
678
691
919
406
56
231
260
425
133
511
730
992
688
831
2
161
777
226
702
646
944
222
628
68
374
381
279
204
574
609
469
301
133
605
274
922
702
521
819
807
5
511
971
750
227
693
75
145
730
393
318
579
346
315
290
132
709
290
680
673
483
537
965
517
83
714
269
834
866
614
433
776
216
833
453
129
499
291
922
290
515
753
638
821
893
336
910
247
902
190
333
181
890
439
786
447
462
186
398
318
107
82
17
731
151
132
669
347
840
752
572
963
665
225
348
971
555
531
430
783
56
499
667
300
18
140
643
308
24
315
272
652
842
28
535
665
845
939
751
715
844
109
260
237
173
282
889
124
920
878
726
909
12
904
968
126
650
47
505
698
361
815
357
832
22
688
455
833
743
471
65
790
678
518
804
862
667
243
807
767
533
659
250
866
285
811
149
811
198
17
22
773
737
951
580
208
257
86
704
756
303
383
52
574
362
77
131
109
448
199
838
15
61
136
312
92
199
956
276
637
678
956
947
713
891
216
914
294
360
906
905
651
193
92
337
149
464
796
468
111
866
785
493
244
937
750
745
222
423
355
550
561
223
129
128
75
357
742
213
872
156
355
258
954
943
352
648
562
581
623
74
242
764
721
293
504
779
691
273
82
831
264
233
849
956
508
87
47
915
643
239
865
628
778
809
828
415
916
576
382
822
769
904
327
421
142
916
861
781
588
870
811
41
404
56
822
235
45
277
401
533
445
338
931
379
17
213
302
382
746
276
306
334
740
290
477
871
184
510
99
9
203
545
400
444
726
637
940
375
936
218
518
169
645
370
205
910
541
331
753
584
36
560
548
808
982
242
669
753
438
366
787
724
340
465
564
466
966
981
868
605
950
106
705
799
793
892
652
302
225
498
255
749
797
199
615
713
927
423
565
56
801
46
779
743
294
547
855
161
794
688
549
837
905
89
522
586
798
751
296
14
6
764
106
799
15
840
463
966
860
915
209
52
835
669
363
790
791
515
651
313
582
797
410
869
965
324
693
810
189
136
300
728
243
592
678
937
948
449
112
803
203
26
299
112
913
847
414
492
877
905
93
642
843
238
619
749
399
65
421
292
986
338
948
93
838
802
748
877
459
129
681
604
742
248
825
845
432
594
263
393
306
411
33
152
720
116
516
222
935
189
598
882
247
209
887
111
158
722
359
467
636
223
375
959
934
552
307
853
648
831
49
352
863
618
981
533
704
408
629
394
105
463
223
621
249
428
105
57
690
408
530
913
798
898
29
538
442
764
368
479
703
48
60
364
356
12
181
51
488
7
35
455
880
751
805
31
905
954
74
530
473
835
508
257
498
84
794
896
434
212
312
217
728
572
651
778
806
228
604
449
640
228
836
992
342
290
825
765
821
924
98
523
368
973
306
104
74
330
590
977
915
249
355
219
119
165
160
251
470
339
381
6
131
712
408
560
394
201
409
106
506
382
73
0
939
996
97
259
121
609
723
794
842
651
21
768
136
788
676
160
854
93
654
716
808
862
899
495
24
690
107
538
426
304
323
505
558
713
19
155
109
686
977
387
481
244
872
357
415
52
987
786
1000
782
112
617
826
180
603
285
624
923
667
54
484
652
574
684
284
202
471
105
485
610
319
629
793
872
529
954
757
454
100
118
93
836
503
510
252
715
588
13
52
148
709
3
4
723
686
472
767
454
730
235
187
158
33
661
997
954
388
420
371
908
703
853
758
342
855
108
583
895
604
597
96
822
600
275
905
429
281
436
308
166
448
702
441
685
127
684
543
529
279
418
683
37
820
884
208
552
638
324
794
333
188
573
219
751
443
57
597
387
812
951
107
105
43
979
497
886
83
657
851
262
6
771
577
444
358
847
797
117
550
155
779
632
213
49
1
982
690
484
597
544
352
971
696
97
810
771
630
169
545
278
22
634
140
8
293
315
703
597
179
164
876
24
915
783
620
485
494
628
858
130
896
480
128
41
588
913
175
340
513
191
77
852
18
379
834
246
467
684
668
136
584
301
387
179
560
993
715
277
133
18
497
264
425
62
116
199
907
32
13
814
813
298
36
597
766
485
800
972
511
18
389
327
523
679
946
750
623
121
240
69
613
788
651
476
873
964
584
309
582
980
715
968
399
273
568
852
480
723
963
25
888
333
150
353
226
567
840
350
115
24
504
872
506
286
198
237
763
659
52
115
916
668
9
50
804
988
832
670
297
136
824
706
507
422
825
160
418
361
813
453
271
230
613
585
640
727
567
79
537
238
914
935
908
501
1
341
683
892
842
467
746
854
894
696
76
707
456
359
627
673
72
316
574
919
641
519
469
838
965
186
603
273
4
283
240
297
488
778
895
897
9
927
992
758
906
456
345
881
701
694
519
508
678
304
742
397
234
449
373
433
17
765
97
878
148
991
610
508
42
607
617
570
898
894
410
432
317
393
344
601
862
88
912
825
88
59
703
597
932
477
142
509
186
262
67
930
377
207
629
294
673
34
407
793
81
629
606
899
549
947
885
229
803
547
825
987
705
474
588
557
610
52
751
176
3
369
860
788
368
868
868
930
690
699
733
6
666
296
953
51
969
448
358
925
413
25
673
998
65
454
141
120
903
253
264
536
166
527
463
121
235
181
447
72
471
285
68
199
961
863
33
948
414
554
30
780
482
218
543
850
915
459
409
639
676
635
24
767
223
962
877
892
236
527
651
628
919
652
909
896
962
228
133
551
270
105
945
393
191
584
413
12
319
184
772
625
998
56
694
769
147
264
722
952
85
906
370
490
434
370
178
778
214
51
148
24
727
986
195
330
964
929
142
374
692
327
490
168
676
997
964
115
776
488
428
813
412
501
798
480
398
799
368
335
430
131
183
160
227
779
996
810
162
796
686
210
612
442
200
183
811
462
227
660
120
249
643
814
583
510
469
116
554
832
469
858
828
571
248
718
197
447
969
627
519
57
256
297
908
574
339
353
270
47
621
274
416
635
500
981
648
21
151
248
389
953
851
232
49
165
254
617
272
518
768
463
101
264
172
639
89
548
740
514
70
559
304
555
82
674
510
299
387
106
393
198
533
859
692
13
779
555
222
938
115
837
923
719
614
505
637
859
857
693
358
258
765
569
504
224
768
38
94
367
544
982
737
271
874
781
442
584
199
207
938
314
420
143
640
344
156
651
144
850
908
214
752
58
310
410
524
748
633
852
971
723
988
782
419
326
190
501
430
365
79
392
55
975
646
996
300
800
812
993
722
591
509
81
933
782
725
225
655
305
458
676
14
891
951
789
374
794
173
672
900
218
981
892
265
872
702
651
436
509
569
119
21
473
749
473
19
561
973
599
663
314
82
613
168
995
453
585
164
501
488
7
650
3
257
158
510
172
914
203
617
369
136
698
923
772
648
562
602
783
292
222
259
82
253
491
724
908
368
825
827
793
251
620
481
890
41
447
811
83
699
783
32
411
632
101
634
756
845
706
415
292
148
530
144
267
988
813
862
625
553
788
769
148
727
482
546
725
532
469
739
749
809
253
953
939
197
649
631
823
748
642
781
13
124
861
589
214
195
551
957
743
273
287
544
764
435
583
783
348
284
430
35
500
348
773
227
873
18
509
90
495
419
208
932
60
972
943
722
416
835
409
598
787
130
782
449
429
552
222
270
159
857
138
673
424
821
129
250
595
404
429
289
558
678
171
912
891
846
395
594
964
846
826
121
969
11
214
371
298
13
194
691
775
51
815
76
404
264
664
141
294
185
986
962
851
576
899
889
393
392
530
322
558
538
503
317
409
153
427
48
272
69
573
71
327
44
494
982
559
521
389
25
963
376
197
505
569
423
718
34
728
250
77
138
234
399
935
479
726
404
116
531
365
270
729
119
141
896
74
893
446
534
318
408
474
805
739
828
551
979
431
146
784
523
689
869
272
524
398
817
701
131
783
319
231
469
155
686
115
142
566
706
966
686
116
196
389
147
780
883
153
618
874
207
901
708
436
109
380
768
280
423
318
599
202
353
758
611
372
235
49
936
543
388
147
935
751
468
194
464
157
892
3
456
573
325
704
330
746
866
497
106
555
226
590
418
682
206
62
407
577
962
975
965
473
651
535
591
363
234
173
18
343
693
183
282
951
120
451
572
343
22
575
745
511
556
69
147
126
85
933
703
101
648
32
58
535
685
143
38
88
726
235
96
234
825
476
124
409
56
684
184
853
331
671
371
978
900
179
929
55
553
803
160
913
99
958
529
947
508
96
844
638
300
141
83
399
19
596
804
414
755
247
849
986
556
248
450
491
94
373
161
446
812
202
748
696
514
83
751
637
353
982
561
270
579
408
443
967
367
245
574
323
555
171
892
771
495
92
635
937
175
133
838
323
123
358
272
199
104
710
924
355
943
695
664
655
709
542
335
41
562
980
757
941
84
54
544
99
556
59
689
817
671
564
850
345
937
599
942
61
960
200
305
409
567
14
744
228
806
872
496
290
84
322
308
929
524
709
309
61
409
468
373
733
71
737
372
919
423
814
949
980
890
696
411
710
870
744
189
204
529
644
853
492
409
283
0
925
835
172
51
130
298
308
407
702
588
584
85
113
937
303
634
86
830
475
653
265
610
146
370
114
743
481
230
438
147
673
841
158
353
268
387
869
380
847
661
500
367
163
632
441
948
112
676
327
413
622
148
537
345
164
850
255
538
705
226
961
899
998
664
842
164
373
83
275
172
408
525
40
433
567
30
412
652
426
47
779
599
688
451
847
469
707
415
305
635
468
23
559
250
904
365
600
333
724
925
650
451
479
585
816
261
893
519
890
690
827
929
171
7
641
225
224
213
389
615
713
709
571
160
307
839
89
335
75
634
951
619
293
231
642
379
861
966
437
363
712
393
107
430
104
118
63
230
270
431
68
908
246
414
416
798
789
175
931
454
647
634
766
879
177
944
624
774
998
46
566
345
361
161
449
27
996
398
412
934
769
277
836
456
878
641
630
83
262
17
289
334
568
852
313
54
274
430
443
96
991
319
568
946
821
137
943
266
552
136
535
643
742
230
698
973
416
507
616
738
458
614
348
397
353
185
315
163
940
843
863
506
664
720
447
739
394
686
800
848
192
367
448
398
398
428
128
184
986
289
624
843
401
30
713
715
927
212
842
813
900
432
641
100
892
971
392
488
843
774
87
343
853
436
707
599
294
261
321
539
210
43
429
345
409
517
820
804
643
637
550
936
834
212
42
900
908
969
359
219
228
797
90
269
925
355
879
801
999
666
822
241
668
758
320
228
197
563
690
470
633
992
199
310
696
625
957
266
316
510
94
615
361
821
733
659
132
736
468
660
239
452
381
608
170
144
264
11
320
788
953
165
583
662
866
989
698
647
32
539
841
497
955
715
686
503
760
660
305
484
55
73
100
30
763
273
484
404
103
493
669
617
474
44
435
612
2
908
415
742
928
130
910
561
518
38
17
209
766
796
776
463
637
974
546
926
219
484
731
895
496
734
465
104
992
580
767
827
145
501
940
557
360
804
59
935
279
612
64
804
640
241
358
139
512
209
821
802
395
447
401
62
869
562
429
459
352
519
630
361
418
923
740
344
650
666
763
630
626
778
630
903
895
601
84
601
848
712
802
850
50
395
157
159
358
676
714
700
42
177
348
603
238
73
126
733
301
181
489
180
585
818
63
578
318
472
769
449
724
551
252
720
139
262
926
521
859
199
664
865
226
523
468
781
481
855
342
399
806
628
34
759
182
382
322
462
681
137
435
625
26
992
636
283
379
271
699
636
44
927
260
505
387
268
748
923
981
949
556
541
237
717
85
367
436
472
608
379
1000
942
577
439
329
689
511
930
319
49
488
407
255
389
794
312
787
128
480
130
728
71
421
132
468
5
934
930
289
297
710
298
935
765
673
557
821
467
429
565
505
839
666
162
95
932
773
794
264
39
616
79
271
313
424
357
384
723
494
774
709
488
289
943
185
363
51
258
316
780
141
537
734
869
143
104
956
594
636
817
902
965
911
258
464
715
606
987
48
88
899
501
463
96
151
388
769
440
669
356
506
187
991
28
647
11
837
440
780
18
946
486
377
144
527
715
573
425
340
930
394
394
5
708
566
546
604
99
634
93
639
994
351
911
517
370
3
287
233
729
650
871
59
964
301
337
899
135
541
721
634
16
617
239
604
248
380
364
995
312
430
808
511
730
594
423
759
730
958
513
994
106
500
758
756
963
426
964
967
669
451
869
750
962
495
139
580
452
315
448
698
60
454
942
520
748
857
434
285
210
891
128
511
615
943
194
800
36
867
401
173
619
259
5
353
913
257
925
305
295
109
371
651
806
252
226
554
16
881
296
333
145
802
42
589
903
279
976
87
300
658
281
345
282
251
652
762
856
577
78
521
813
235
930
334
356
79
68
635
362
510
559
604
208
85
95
349
917
571
497
297
724
881
993
170
277
488
777
856
493
34
136
677
568
158
191
198
232
453
191
298
19
833
147
552
9
496
694
489
786
174
231
372
103
1000
442
326
362
543
483
537
417
189
952
947
530
529
121
749
182
276
903
55
862
188
105
803
184
186
332
455
786
262
723
327
5
911
13
936
411
812
880
653
737
204
287
154
806
260
27
721
249
927
35
706
15
549
167
392
631
586
727
664
923
701
319
273
910
854
7
961
220
332
209
594
65
731
260
528
389
52
177
365
250
719
411
952
300
305
864
641
988
660
17
364
22
352
688
93
831
258
330
974
710
467
996
589
18
67
676
225
73
25
812
645
477
382
422
270
689
476
470
701
440
151
232
638
570
265
161
491
306
53
191
329
529
849
717
241
792
32
222
848
311
319
176
570
643
737
268
232
145
373
279
189
917
287
849
346
129
184
863
229
112
943
730
653
476
945
984
714
380
128
162
386
802
218
645
514
728
923
626
43
68
650
907
852
287
888
856
661
163
38
478
563
185
627
861
520
171
543
827
526
284
887
886
583
607
475
887
663
436
181
550
437
212
835
853
71
184
336
198
709
125
910
172
221
569
66
502
888
243
298
230
872
532
629
470
572
909
687
348
73
546
493
865
306
127
748
365
218
835
541
719
652
843
564
381
48
78
826
795
45
393
128
927
753
798
341
554
203
913
576
891
977
589
925
66
370
684
42
146
191
524
71
554
343
926
724
194
518
942
231
549
127
339
808
246
425
657
819
319
573
583
386
344
201
74
349
443
279
347
360
911
797
352
674
120
249
182
513
882
761
430
781
147
212
611
12
710
115
199
615
351
513
272
299
681
832
264
589
871
729
639
301
247
161
784
971
727
799
79
522
614
321
982
649
947
755
598
228
372
933
773
547
630
374
902
470
737
635
780
431
402
759
64
406
123
685
903
808
126
998
856
415
595
788
713
87
203
845
838
351
123
381
520
490
781
218
35
911
501
528
18
773
535
569
970
156
661
720
832
233
653
972
577
257
419
873
727
640
913
39
194
182
176
353
453
627
464
129
14
845
637
933
220
691
375
669
145
11
699
36
539
315
343
288
92
357
565
190
946
749
673
411
903
977
605
751
722
41
344
498
846
841
790
218
838
753
245
689
921
757
881
134
691
307
435
325
166
474
268
438
706
650
208
405
501
535
865
341
785
639
713
182
955
691
828
874
897
417
941
563
903
856
98
318
548
477
57
431
49
652
910
392
527
207
328
889
345
481
868
471
768
590
519
385
242
586
16
131
225
47
179
966
238
281
697
178
775
183
237
999
710
402
92
55
910
171
787
348
915
299
36
466
872
629
501
429
472
23
153
850
121
454
89
436
710
948
366
640
80
774
488
43
356
381
383
12
20
409
536
622
394
883
969
368
70
682
752
124
163
633
815
33
298
614
491
535
4
791
523
101
260
830
67
713
462
464
896
477
301
910
714
477
908
323
159
998
387
789
643
115
639
496
483
434
97
624
296
993
154
964
247
603
768
385
539
778
284
105
402
243
352
655
904
333
914
865
203
894
801
93
314
141
981
783
173
91
590
123
719
960
931
384
136
442
575
668
74
204
447
201
761
232
620
933
616
632
975
281
833
80
762
706
801
363
884
760
285
393
650
869
662
58
79
44
207
268
429
316
989
850
881
926
238
931
972
346
536
343
251
878
492
988
461
427
78
232
929
218
301
307
533
727
666
766
192
347
469
249
676
339
463
581
534
2
163
980
453
436
950
657
305
311
67
68
157
369
74
239
171
203
94
26
116
741
907
768
526
872
617
693
214
326
592
356
752
138
315
961
639
227
420
311
444
38
142
176
766
970
542
147
307
697
600
610
12
307
316
418
354
253
971
783
748
309
494
756
374
957
906
803
135
809
284
396
410
604
164
340
966
764
12
728
181
545
78
93
486
586
712
490
786
873
856
544
559
812
751
721
914
822
407
843
313
960
518
762
191
682
271
135
754
19
796
583
585
165
175
815
584
641
682
82
506
34
665
272
148
38
234
568
646
246
246
934
125
745
673
124
583
206
916
280
404
511
113
108
444
253
250
920
475
666
719
359
684
810
892
908
284
589
189
122
985
13
371
54
299
552
395
361
844
237
331
312
714
938
118
347
977
94
661
651
243
896
169
445
619
133
702
812
647
648
780
125
368
243
293
141
930
563
802
432
817
34
712
660
49
487
575
683
666
375
182
753
616
842
127
242
18
353
502
593
890
494
835
214
977
46
953
838
389
127
853
95
791
798
161
908
799
787
640
498
805
577
513
786
12
678
38
311
120
683
438
634
100
614
945
951
749
37
433
79
901
110
722
810
653
901
604
904
841
842
80
735
382
650
223
49
144
86
640
703
607
277
90
207
223
654
490
790
238
75
444
798
385
39
762
862
506
53
628
735
716
812
696
582
10
267
99
462
891
721
82
763
350
41
269
957
108
916
835
260
420
301
551
712
41
751
584
774
160
999
332
36
862
532
210
993
389
82
23
568
926
727
1
715
516
742
333
272
164
634
537
297
217
597
102
542
855
891
757
146
954
279
547
776
114
897
121
817
145
135
582
471
252
39
562
392
856
305
37
291
573
373
741
39
546
325
619
71
464
370
895
798
702
361
564
950
817
642
621
426
435
90
939
702
808
86
889
550
296
112
393
98
439
69
612
750
491
96
989
572
414
387
984
61
233
355
822
949
731
363
827
983
571
17
638
392
142
482
631
703
913
641
738
56
793
790
353
526
761
271
360
10
638
747
167
824
870
839
935
484
143
775
116
437
882
714
206
909
59
127
17
313
573
583
641
817
13
434
70
808
283
286
78
876
837
76
31
484
540
607
320
422
152
194
798
435
526
9
475
841
9
414
802
893
503
497
125
788
517
130
663
599
332
94
285
713
335
848
613
991
946
84
627
678
627
128
132
281
591
817
867
345
530
466
891
21
85
895
306
571
672
163
146
567
882
559
232
827
10
744
299
934
639
875
702
469
868
660
194
399
591
151
617
47
801
965
481
206
675
376
838
61
294
391
158
953
305
393
903
219
958
83
51
978
14
760
284
636
749
133
77
547
407
109
252
542
226
109
255
790
325
215
785
112
679
454
480
956
372
221
412
646
304
689
706
427
302
211
656
928
603
723
560
860
251
320
42
216
268
670
270
543
463
346
627
161
319
735
397
73
289
852
754
685
321
372
385
668
690
80
933
476
864
842
285
173
133
996
380
946
876
888
730
898
516
970
653
516
334
843
776
558
499
325
415
980
428
806
194
454
147
793
725
671
883
696
625
766
106
13
308
673
523
895
512
387
39
420
829
722
672
801
3
853
813
706
6
896
392
939
410
948
317
149
259
666
915
435
415
457
914
86
542
748
522
287
14
354
599
268
999
135
747
188
511
367
373
248
826
367
992
384
868
304
981
622
729
735
534
436
325
980
802
421
971
716
513
375
798
586
277
146
884
212
436
818
109
508
676
317
88
412
955
164
409
139
46
809
833
268
394
574
480
536
5
186
407
552
296
567
566
645
94
51
628
593
373
267
157
203
412
733
136
245
417
380
848
19
359
308
343
533
252
911
201
454
811
143
272
174
734
140
668
518
842
332
818
159
956
178
21
791
363
292
547
888
4
615
460
536
567
978
164
518
219
856
718
351
158
88
309
622
834
667
409
583
460
418
197
33
275
58
625
976
295
486
876
389
231
295
985
139
140
841
698
813
526
13
301
716
137
304
270
387
483
164
373
411
575
634
389
996
296
707
198
355
746
632
650
174
889
161
379
405
0
664
108
888
151
455
415
439
65
461
194
705
293
498
653
506
197
612
863
263
786
416
63
334
30
531
232
594
563
301
208
447
849
177
917
174
49
260
914
243
1000
737
999
438
57
317
547
42
479
581
323
867
556
480
392
868
860
570
155
652
890
416
560
185
929
299
221
7
853
274
168
667
342
194
793
162
22
865
696
67
971
236
971
24
918
93
731
117
427
480
727
233
606
380
25
291
860
470
490
246
216
195
622
618
773
43
958
142
934
550
756
103
30
644
305
768
794
824
69
539
147
281
794
860
323
404
415
845
3
498
586
559
503
422
253
177
141
623
83
982
388
762
847
562
901
890
715
875
417
573
44
669
968
597
397
130
814
373
520
846
803
56
815
589
743
317
555
406
859
729
310
219
298
866
613
336
656
70
111
299
21
153
562
505
446
494
580
477
785
235
318
841
335
944
484
37
452
165
388
537
957
998
285
43
756
183
728
219
768
107
71
992
503
986
436
191
471
898
182
56
756
961
775
716
911
84
226
615
42
130
704
97
190
718
608
217
670
953
727
260
169
202
946
460
95
593
219
479
376
379
229
376
890
269
390
952
555
232
959
442
163
455
60
50
976
669
12
239
761
162
588
413
181
996
876
54
197
161
164
404
623
809
521
994
673
772
118
773
766
727
411
235
683
133
300
199
837
518
231
912
89
730
419
150
652
547
1
288
767
796
315
239
642
949
675
812
189
669
574
744
900
83
375
689
277
130
96
119
519
11
295
25
486
616
511
929
802
111
21
486
507
567
698
853
401
743
773
989
916
338
106
675
413
341
201
394
695
173
860
272
471
562
51
490
387
28
2
568
725
880
884
704
109
114
211
598
804
102
675
575
200
194
661
176
272
312
855
228
727
196
736
25
649
865
997
13
909
356
395
286
188
958
631
102
624
677
706
551
249
817
102
507
145
286
642
596
817
106
654
105
459
879
955
256
356
420
211
679
91
755
566
833
906
162
776
410
636
1
12
423
969
530
789
487
425
166
656
406
265
648
75
867
805
228
923
553
696
247
195
518
362
284
880
983
648
599
446
847
732
490
687
831
920
984
558
333
682
302
766
934
989
98
758
238
717
87
490
429
421
953
133
368
530
736
247
301
542
502
209
242
11
80
179
856
877
549
653
165
276
263
978
317
161
486
640
460
796
943
932
800
663
938
509
446
550
545
990
587
259
874
976
456
357
74
939
678
478
285
175
676
272
449
122
529
1
862
747
360
953
260
303
975
219
631
444
680
408
372
314
600
264
483
469
607
765
341
57
638
816
504
66
526
468
672
603
695
288
203
401
500
923
784
833
800
562
331
130
224
55
605
577
780
13
606
230
68
287
311
348
925
728
921
241
767
11
851
845
989
66
695
806
156
177
748
287
15
856
163
901
796
934
73
457
385
726
775
173
178
623
260
223
790
551
394
807
800
634
2
125
395
340
269
358
758
370
757
840
385
550
720
67
120
973
333
112
702
526
592
510
421
796
820
129
508
265
763
646
34
291
717
175
676
67
671
356
70
995
74
840
780
726
327
939
367
399
249
181
194
196
181
716
135
831
41
848
638
95
606
257
162
29
42
373
181
884
647
12
603
316
646
505
778
92
799
775
855
451
813
46
813
215
437
96
466
725
533
94
707
476
806
490
114
20
621
795
667
553
106
988
527
91
17
222
528
697
742
653
650
611
459
695
875
777
677
867
997
968
965
925
76
855
129
674
101
56
559
549
398
717
191
644
582
694
832
923
532
646
49
191
919
590
254
800
983
92
439
454
666
902
481
175
909
251
978
744
989
345
190
12
966
706
668
254
316
494
762
174
242
830
300
765
742
488
446
231
112
167
15
491
335
444
540
592
703
27
814
596
294
881
408
882
26
596
597
254
27
172
281
189
112
581
373
842
990
995
312
978
578
410
337
751
90
909
833
785
21
445
638
448
317
906
355
137
564
732
350
932
9
606
97
193
899
788
2
384
451
745
711
446
121
429
548
196
100
824
623
332
723
57
903
600
769
939
302
366
582
751
217
565
812
777
518
872
911
492
810
151
940
340
14
280
373
881
641
895
155
38
613
513
650
732
696
957
144
349
771
497
174
723
359
599
912
852
932
813
473
189
182
890
209
858
63
191
503
775
530
67
771
538
366
818
280
583
517
240
256
569
755
466
52
997
128
970
880
948
532
243
699
257
310
720
29
829
519
454
27
635
510
588
434
900
647
104
30
845
212
933
949
380
723
35
338
611
667
501
171
991
21
741
467
507
44
94
701
756
435
947
136
800
24
289
286
159
142
619
648
204
688
741
149
121
782
280
282
573
216
887
164
993
985
18
706
883
483
856
367
26
402
687
431
697
397
281
827
654
769
670
641
673
425
706
212
538
559
504
332
821
662
703
196
614
573
52
263
672
939
10
607
389
694
36
177
902
778
1
893
459
749
340
536
669
262
242
305
964
761
759
336
794
709
762
818
60
969
861
890
210
793
70
730
503
594
145
642
401
212
301
246
937
942
790
776
76
793
348
441
651
672
459
975
50
214
79
889
727
87
839
367
111
895
527
589
818
106
825
290
468
579
556
362
186
499
930
351
608
712
94
353
423
895
479
394
832
199
779
384
449
432
98
105
196
485
950
754
84
539
879
437
342
348
565
159
505
34
498
648
853
307
976
150
118
459
571
385
20
8
903
799
770
241
250
773
828
434
670
893
181
86
724
81
721
522
789
215
760
711
280
813
510
451
772
41
755
373
361
130
668
829
396
415
995
462
662
482
992
113
272
323
107
591
732
742
921
120
107
920
748
653
7
299
923
930
138
69
579
458
891
461
233
676
312
520
703
886
374
28
118
922
166
250
224
475
952
868
190
228
565
555
368
489
778
996
829
444
745
868
348
408
428
52
571
1
246
131
643
601
489
783
227
884
58
665
904
456
41
912
522
990
755
188
697
941
335
745
7
812
979
874
199
948
203
745
681
672
24
789
397
177
537
532
966
996
912
590
2
191
930
758
528
105
210
509
58
269
127
643
459
156
172
694
920
674
226
482
704
387
908
993
632
668
681
451
280
6
942
686
821
769
971
823
289
524
760
467
223
610
362
526
935
153
312
613
276
387
290
34
381
250
767
903
564
241
520
588
429
231
445
815
278
768
487
58
182
432
390
482
969
949
348
629
857
415
693
758
965
554
481
424
701
944
615
380
900
571
807
719
104
813
920
664
634
816
911
273
199
297
633
318
912
581
327
853
479
480
835
456
549
227
962
800
95
789
530
917
13
116
954
735
314
555
96
337
160
506
741
83
934
526
590
834
262
778
438
486
133
475
73
911
341
249
562
601
457
683
913
762
600
914
357
570
771
679
607
486
452
878
117
771
887
720
655
391
252
629
296
856
907
90
392
166
139
73
700
964
660
52
364
195
175
346
927
950
708
972
784
384
467
762
210
886
821
824
454
983
941
593
83
125
63
76
312
701
454
549
329
319
639
414
144
611
415
927
21
89
731
472
405
131
201
30
568
855
699
850
425
819
874
666
684
528
59
795
175
613
335
438
122
573
387
67
620
55
317
768
323
578
110
862
283
745
282
251
176
672
845
38
480
615
748
83
362
470
728
258
224
999
432
355
422
566
185
105
890
543
772
88
874
103
941
287
724
722
549
950
60
66
541
931
55
659
888
84
246
152
996
555
895
41
230
796
153
435
877
64
178
475
884
699
617
411
407
715
258
347
235
613
539
572
529
309
248
286
61
494
741
173
346
848
440
514
354
843
801
0
484
329
937
498
13
969
526
255
821
17
816
573
650
310
871
780
95
718
804
266
260
15
682
977
622
974
83
937
713
931
853
279
929
602
64
549
437
980
343
127
285
236
332
182
342
89
574
388
518
251
940
880
709
97
88
30
325
723
215
561
125
942
278
582
528
816
675
607
499
326
360
819
371
325
301
848
434
326
569
697
761
900
259
487
861
856
321
268
597
656
410
728
87
758
684
220
89
552
40
497
872
182
657
732
468
779
520
448
502
253
236
616
234
397
474
140
229
529
934
193
317
701
167
252
167
434
837
600
771
38
150
936
644
485
489
599
874
876
104
887
120
315
258
159
886
422
686
668
528
864
613
295
296
345
911
915
859
887
339
811
340
624
502
660
736
661
829
287
725
115
442
658
440
335
71
374
965
387
151
180
189
936
663
58
839
418
9
546
254
577
907
140
565
389
90
560
50
293
234
450
392
351
492
718
479
738
639
272
386
894
41
492
407
1
79
554
635
467
693
93
90
576
180
394
801
161
350
921
833
684
600
98
999
908
87
435
278
307
504
544
677
377
887
666
499
769
523
920
309
696
929
804
182
913
610
775
67
28
992
631
310
48
316
704
521
433
28
957
154
272
826
211
982
695
875
261
341
26
28
705
603
812
146
657
498
473
223
645
413
47
622
890
856
260
884
872
174
851
755
573
704
93
574
678
336
687
464
264
951
250
722
564
920
354
132
990
78
806
383
749
612
908
981
727
820
482
890
341
843
333
811
483
518
819
180
954
434
656
944
498
987
972
578
500
627
602
572
509
244
560
285
509
540
659
732
551
280
627
662
55
169
198
820
577
753
735
639
984
470
279
357
623
725
825
454
128
778
906
908
237
958
818
491
776
951
536
700
163
327
426
727
326
492
790
695
906
94
527
847
239
139
464
759
935
462
613
302
302
955
644
549
0
993
886
732
393
892
413
30
460
302
220
108
81
19
606
759
972
702
339
385
660
904
305
342
737
482
210
327
492
314
866
471
733
285
993
793
226
960
15
19
274
393
526
104
335
287
324
817
609
575
782
43
440
296
72
612
701
489
907
176
647
201
724
515
304
833
505
736
951
805
978
233
123
558
512
855
888
841
322
191
901
659
318
369
261
554
714
472
816
228
538
328
930
600
327
32
243
380
309
324
459
279
588
321
993
434
17
865
849
891
52
993
940
345
352
932
818
775
969
889
243
921
831
558
864
423
19
217
310
92
685
349
755
548
833
611
2
539
391
932
441
165
382
226
493
351
274
216
420
730
336
629
423
267
545
964
584
106
605
22
890
414
507
269
244
850
708
26
503
775
545
559
686
392
739
968
459
59
15
160
337
366
826
485
193
243
916
203
665
954
862
493
555
764
49
517
64
685
169
611
870
748
179
374
610
544
645
386
953
75
840
899
812
540
176
506
196
205
707
306
226
519
328
689
534
521
136
342
285
418
453
955
294
10
879
875
279
450
45
745
321
469
185
319
518
535
414
228
170
5
509
122
588
489
620
291
52
481
67
447
45
3
581
720
21
203
390
522
894
51
641
422
209
777
0
899
205
822
832
882
140
767
591
566
363
270
109
971
787
521
740
891
308
830
494
735
432
955
949
13
109
607
485
89
941
117
517
80
416
343
81
259
420
283
309
485
977
831
541
208
351
282
504
665
758
1
816
157
298
50
910
419
576
918
901
239
24
715
990
984
584
836
135
177
92
493
321
971
450
545
837
676
773
567
614
991
203
530
12
83
753
25
100
620
475
1
77
592
802
385
117
278
0
293
67
187
568
880
828
358
469
585
126
916
754
95
609
416
411
313
96
715
918
60
685
848
179
483
996
411
276
5
856
95
808
62
300
785
660
150
865
297
989
99
461
58
96
407
818
451
480
190
177
823
184
574
367
272
291
253
953
498
262
572
426
976
158
478
124
80
517
976
954
278
310
395
282
59
21
716
536
832
57
635
722
959
631
673
140
775
35
148
924
963
94
45
467
240
124
905
484
690
517
204
313
321
360
94
540
390
5
836
400
936
1000
302
137
637
337
525
262
269
948
990
573
898
559
76
311
146
866
416
403
777
943
607
373
54
604
638
883
579
925
242
835
775
218
921
257
22
975
367
744
54
63
545
82
912
741
499
434
878
688
38
263
306
367
38
616
613
986
113
224
411
854
324
312
902
769
959
87
336
612
31
545
364
348
449
355
791
146
919
125
63
441
171
949
753
701
48
132
890
655
828
986
506
89
367
550
21
624
563
458
46
347
326
491
709
765
861
512
812
598
175
515
133
826
8
878
99
960
641
206
339
138
887
603
669
920
185
54
158
141
824
989
531
843
673
201
421
697
891
338
648
544
148
78
829
837
333
153
382
566
22
796
624
246
446
854
164
777
343
831
665
882
632
495
669
173
62
773
804
187
332
9
111
160
741
638
242
286
934
390
520
441
253
378
980
960
105
741
911
810
752
422
697
409
654
111
267
152
980
864
619
731
505
331
332
316
641
463
119
209
128
958
589
452
381
874
832
545
762
999
484
124
131
822
158
796
228
157
180
809
220
523
614
614
808
465
605
968
481
96
435
829
984
284
514
605
908
81
811
601
689
318
755
252
815
586
45
997
655
90
849
961
399
562
366
100
206
368
344
328
923
133
530
336
91
526
189
782
442
418
21
948
480
603
191
793
287
703
257
929
355
645
566
180
130
480
26
136
733
295
460
944
447
658
219
349
743
589
515
426
423
838
140
253
474
727
74
703
742
367
391
572
478
559
115
538
348
167
8
104
212
502
238
680
412
422
339
993
290
153
168
320
284
694
43
484
629
275
694
349
393
559
164
96
134
892
371
222
884
5
774
80
493
986
705
140
706
851
900
820
497
127
98
205
239
305
60
209
700
569
908
177
548
73
558
318
180
286
505
699
389
585
747
704
601
856
982
480
700
895
476
37
983
732
345
720
47
881
863
442
270
952
704
41
104
369
232
344
290
153
527
423
93
431
663
930
77
574
256
221
778
92
757
973
842
418
945
29
30
377
368
580
739
942
541
927
625
498
455
991
946
120
215
318
294
24
329
128
232
43
212
622
311
806
956
803
571
914
285
726
237
920
828
628
393
90
874
938
642
93
913
870
32
805
638
515
317
625
110
94
340
201
15
503
778
7
501
262
520
647
419
217
369
908
23
679
935
420
531
525
648
88
457
19
785
537
338
541
505
697
244
36
631
451
748
638
442
884
913
977
476
590
202
526
870
607
651
349
25
870
838
804
440
495
3
782
712
636
150
997
854
355
229
712
735
703
31
113
386
366
426
838
967
96
767
601
92
968
25
104
712
996
718
399
583
784
452
573
373
133
765
985
842
951
944
699
424
881
958
680
178
112
808
447
593
261
405
818
192
818
254
99
922
505
890
697
735
23
903
20
931
486
633
90
696
301
605
556
431
53
709
224
722
174
903
46
171
453
340
683
139
11
848
372
163
916
757
615
170
471
347
814
474
243
827
844
385
343
288
212
844
690
571
443
167
845
489
724
353
785
752
585
845
373
817
828
218
699
700
322
118
851
482
336
14
502
452
478
985
721
635
440
352
376
711
784
157
989
52
161
936
984
913
437
235
642
606
805
913
675
942
70
186
981
738
991
348
453
429
62
417
831
420
842
606
404
317
960
888
127
518
308
516
89
277
476
335
724
611
843
2
127
843
829
76
697
923
549
8
533
656
917
160
830
837
775
300
658
811
119
916
765
524
329
498
171
53
960
275
218
308
368
914
418
546
392
938
858
653
799
249
846
752
589
948
763
306
604
507
150
102
306
668
311
920
925
916
759
579
552
320
144
935
839
779
793
1
489
991
695
765
190
925
468
539
991
647
177
737
553
359
162
696
723
715
390
72
808
617
570
755
258
602
108
285
724
547
348
785
115
937
92
962
881
448
648
26
367
4
165
540
575
753
942
30
385
106
754
343
983
408
825
421
41
412
758
935
658
42
452
423
788
427
268
416
82
920
763
454
502
731
678
945
809
234
532
626
188
341
841
776
491
123
550
770
474
634
834
166
993
805
419
808
792
839
586
85
527
24
934
8
528
897
306
261
64
815
389
686
973
605
3
5
885
455
591
946
264
772
971
274
609
744
788
980
821
368
605
982
798
217
859
967
404
612
612
633
962
136
595
936
27
974
477
209
948
913
374
271
840
585
489
227
181
547
349
272
394
680
383
203
862
939
594
133
619
70
10
465
901
774
653
446
725
609
735
803
381
191
71
678
300
56
100
133
158
125
356
597
985
708
406
663
937
584
890
836
421
421
981
725
159
261
279
973
771
777
179
874
610
568
874
697
1
635
166
841
710
516
652
483
71
332
800
713
622
230
491
226
45
973
637
863
307
162
545
324
118
596
859
566
144
62
617
315
298
368
189
179
321
797
855
279
368
391
476
950
854
89
977
806
965
517
126
505
284
682
887
92
875
766
855
313
330
65
26
167
940
665
143
329
961
109
221
736
580
850
572
97
62
386
860
48
943
290
50
270
912
822
568
778
291
502
735
718
489
201
284
613
31
286
800
805
137
404
437
987
181
82
303
926
307
175
775
22
653
835
143
41
299
453
486
68
309
865
950
500
698
213
267
940
319
27
181
204
375
422
344
939
577
627
945
43
749
52
633
265
707
652
927
0
509
886
563
708
929
600
834
925
784
967
421
970
705
753
317
899
965
191
524
191
808
218
491
385
89
160
195
153
304
324
281
344
545
711
595
697
849
754
199
228
717
638
479
530
141
548
819
801
42
949
724
844
957
869
287
639
931
499
379
103
609
633
17
511
717
104
940
222
821
453
561
785
313
13
91
279
558
254
753
316
795
476
317
652
739
419
751
10
540
992
938
3
946
256
417
456
864
236
142
789
994
36
1000
355
668
675
580
547
680
306
792
452
684
755
800
130
39
96
542
411
914
953
959
467
185
762
547
180
494
152
759
372
677
532
13
882
866
515
200
895
10
840
84
725
514
510
858
935
105
869
679
289
641
549
210
44
470
969
460
413
194
251
872
858
248
906
543
20
875
195
480
203
42
655
124
809
860
24
524
601
34
839
598
828
123
725
521
24
635
386
125
614
422
286
891
558
226
273
483
111
455
53
446
385
609
678
989
496
580
720
610
790
190
821
425
215
307
188
288
909
106
419
513
148
953
297
493
137
392
736
489
847
26
326
929
872
659
597
777
743
544
258
502
723
398
856
239
388
331
290
481
646
111
738
4
51
501
303
457
73
801
421
870
832
856
870
914
681
721
387
33
921
637
799
968
449
700
581
309
933
934
685
43
581
259
849
20
7
303
624
957
510
468
846
280
885
78
142
701
757
623
950
850
62
706
780
702
726
2
381
331
535
459
694
729
833
378
793
829
580
517
842
607
903
937
159
291
546
957
42
718
539
142
72
833
229
560
769
10
746
187
708
178
527
120
888
74
125
29
357
838
205
785
634
284
620
925
49
680
423
162
723
766
603
765
926
766
49
539
704
955
689
586
651
592
240
233
769
973
335
558
453
668
234
311
357
883
327
1000
306
281
312
166
289
693
631
148
730
814
619
812
313
8
598
419
895
295
996
886
441
923
703
776
583
20
395
205
377
608
822
123
90
541
320
778
566
141
662
793
924
840
198
474
257
333
548
628
373
129
865
138
476
46
135
847
551
905
208
972
568
436
855
192
442
171
494
877
782
118
113
397
333
777
64
723
949
591
85
627
738
974
239
133
666
427
263
774
762
35
384
215
964
666
76
24
929
45
886
154
816
438
402
910
906
379
485
370
629
310
61
233
407
918
91
862
561
948
649
934
846
991
861
256
607
84
754
249
843
582
17
857
735
662
111
199
793
810
446
31
40
254
631
472
289
456
628
518
385
475
970
127
549
97
6
300
44
406
71
167
464
75
909
551
78
603
66
403
465
752
333
137
89
606
919
307
482
57
4
272
467
480
788
917
676
894
758
970
437
84
99
652
707
922
385
982
88
899
21
516
872
679
866
288
718
321
614
287
105
276
686
581
81
281
328
545
292
471
557
579
368
394
694
264
880
466
784
441
764
288
844
566
810
860
858
375
58
873
164
475
402
353
378
528
100
11
291
349
276
606
855
386
691
878
318
16
247
493
763
94
35
686
80
396
