214
997
516
155
709
367
489
834
152
2
415
304
38
676
617
267
273
107
975
861
320
390
93
493
380
523
678
111
557
790
654
901
54
903
7
812
794
904
348
375
402
120
845
189
919
299
608
9
416
470
335
378
221
404
369
489
931
908
710
293
759
667
581
182
608
183
953
921
35
991
874
702
434
445
522
855
538
764
531
7
499
348
809
597
629
415
837
810
868
912
673
862
382
641
577
776
673
526
520
819
803
951
894
514
410
159
565
876
382
453
615
242
591
919
373
663
413
962
764
308
412
873
622
595
920
884
928
640
644
767
188
375
969
636
517
716
159
44
613
79
852
157
698
287
607
179
419
140
437
666
687
379
920
2
105
198
911
21
549
270
252
211
694
114
180
377
94
69
41
32
573
13
744
957
894
480
181
798
686
62
357
469
227
27
27
612
527
353
387
763
451
347
88
151
884
368
821
682
795
165
414
775
90
397
361
882
590
92
786
864
424
152
211
505
816
330
24
105
80
323
47
780
756
679
765
333
907
664
621
385
348
53
360
183
755
756
491
734
943
608
978
457
144
662
479
792
967
614
544
613
688
27
169
950
627
352
316
34
571
86
938
265
131
120
803
480
911
265
379
56
527
873
940
685
689
95
833
425
354
514
970
217
535
277
359
969
923
503
950
121
317
947
296
62
515
752
793
617
629
81
79
635
535
667
109
759
560
843
209
886
824
538
945
138
264
514
93
932
355
901
642
298
607
512
867
973
584
658
818
483
912
980
329
996
624
431
803
74
892
55
575
353
788
585
149
28
422
748
586
219
507
562
84
672
197
185
472
582
594
288
653
539
990
427
100
457
474
413
60
361
445
237
290
527
654
57
243
787
566
368
541
937
212
362
22
502
4
972
493
328
193
768
194
495
288
161
336
862
63
3
161
593
480
501
564
958
170
922
763
550
978
141
994
486
791
778
46
929
399
16
963
435
65
622
685
418
836
800
417
701
710
127
689
315
149
54
110
708
985
800
23
85
136
382
891
420
376
40
80
917
876
32
994
105
836
207
468
226
241
813
545
503
142
538
829
257
658
108
602
514
241
226
382
359
130
794
523
744
444
442
68
268
445
728
399
35
23
757
253
57
452
818
788
524
229
54
51
135
841
854
828
24
427
381
703
943
104
919
804
803
242
51
971
739
419
625
557
289
997
117
180
867
31
246
337
586
252
519
886
985
964
769
250
23
927
56
967
568
843
993
113
299
40
675
918
845
745
122
615
828
716
159
615
271
54
201
124
485
205
315
867
562
177
261
793
758
637
871
703
500
259
18
864
304
383
664
617
867
206
585
53
226
701
916
744
431
667
764
455
964
419
581
328
118
416
935
475
240
414
948
609
633
705
596
408
517
822
615
782
978
333
271
571
817
813
123
509
283
496
140
615
559
102
277
268
897
209
488
60
46
152
417
40
688
916
252
409
996
99
472
375
414
973
21
826
589
450
3
45
65
675
654
243
147
673
943
659
182
964
314
277
49
729
875
552
434
705
837
249
891
234
504
110
883
505
594
623
272
720
863
627
740
396
745
417
596
110
356
314
103
574
309
62
773
235
622
907
826
558
779
291
648
689
175
245
208
665
417
969
167
674
587
684
736
104
556
8
760
98
742
853
272
130
190
934
63
897
576
686
855
446
665
652
402
71
614
78
76
460
123
570
241
127
746
407
417
47
1
271
654
806
450
448
247
11
754
928
410
515
628
476
991
843
135
533
86
592
913
638
616
594
647
880
741
283
833
637
779
620
647
223
453
846
824
882
797
908
320
422
59
959
298
299
468
322
766
637
518
833
611
936
849
99
726
739
547
504
697
51
6
703
717
580
957
543
177
333
662
226
865
11
1000
423
899
273
617
405
124
592
727
737
726
957
40
863
667
83
117
49
889
863
217
600
155
158
166
509
877
717
190
850
549
762
237
994
617
303
296
257
517
680
74
511
539
696
9
426
495
509
914
553
609
682
265
999
731
267
90
818
333
292
184
771
842
226
456
538
265
110
896
408
291
746
111
548
726
6
345
857
711
405
216
554
816
92
522
875
731
122
26
353
607
937
500
317
290
767
777
328
564
353
179
83
709
684
274
804
795
219
432
510
284
902
860
17
924
423
101
820
297
232
995
533
799
335
679
402
854
774
712
464
569
372
327
837
817
359
594
178
840
133
841
848
218
313
560
99
701
985
628
18
147
999
50
113
875
742
320
586
0
23
531
594
279
134
693
348
812
607
114
87
829
613
600
102
40
80
114
83
696
685
340
846
128
361
158
437
784
49
478
264
968
694
718
762
36
824
195
730
971
485
263
942
278
484
775
806
670
157
984
494
211
576
982
749
921
258
497
665
863
750
777
975
95
972
540
433
159
480
972
1000
735
70
217
713
14
599
238
371
374
452
755
172
513
864
644
857
950
950
936
509
695
897
411
882
825
267
68
501
434
825
293
342
660
587
168
691
222
425
167
435
152
584
287
728
512
837
357
30
428
930
881
477
177
556
715
128
550
721
684
5
711
540
297
463
156
728
331
466
882
784
410
74
840
812
51
829
116
291
832
759
16
266
624
282
21
14
505
221
299
919
93
671
530
260
982
685
215
860
627
251
50
204
593
39
414
975
327
524
534
421
853
886
863
949
746
389
469
813
413
152
228
411
396
695
740
986
901
821
947
235
870
879
393
722
380
305
139
164
485
38
847
837
402
931
220
779
869
663
619
70
55
604
97
0
452
456
134
678
477
990
169
385
116
856
605
24
5
299
880
348
783
516
332
806
432
649
966
932
152
955
841
297
507
1
555
809
796
275
646
686
123
471
849
375
47
972
909
791
599
982
324
633
651
353
71
827
576
232
538
640
650
560
442
685
164
225
42
225
23
866
598
792
892
620
409
598
312
252
720
941
326
93
30
208
8
507
991
918
528
421
471
166
265
904
632
418
34
130
756
77
110
830
3
651
51
508
34
967
652
271
563
761
248
73
564
424
512
835
188
539
877
39
181
830
610
274
947
859
255
273
637
224
45
49
794
380
19
951
816
470
744
635
588
522
695
880
983
445
370
651
88
854
364
703
566
415
647
81
961
891
453
566
195
64
479
452
988
266
368
848
977
146
626
848
63
722
944
823
514
802
487
110
163
565
757
39
677
527
920
525
29
183
799
864
303
926
782
105
209
629
951
14
431
76
409
385
520
696
622
574
713
904
753
779
976
672
447
614
638
166
976
577
248
30
585
326
391
263
190
249
779
266
741
526
458
222
318
749
843
633
966
906
316
654
520
870
361
670
812
169
842
489
471
30
862
988
842
111
967
192
844
444
958
455
663
634
703
363
333
220
330
448
755
571
65
552
322
641
603
893
646
833
376
653
489
748
124
721
884
362
678
933
809
360
169
759
396
402
556
11
214
906
731
336
88
963
326
88
924
135
333
551
988
18
238
513
836
999
282
681
431
331
238
228
777
790
759
123
955
662
673
466
682
318
966
881
30
108
442
174
959
63
757
559
240
572
923
995
675
395
921
170
580
374
433
837
495
486
843
794
470
691
141
489
496
294
190
584
570
995
872
185
694
52
784
898
106
136
412
529
808
514
12
666
952
564
795
42
998
509
227
333
511
375
839
446
838
443
72
660
685
344
259
606
514
756
818
656
53
889
476
155
958
197
886
630
852
522
770
316
947
821
816
80
582
345
932
721
57
477
270
678
765
630
595
304
637
242
844
344
76
457
897
181
603
444
651
822
647
853
92
319
296
893
602
371
646
267
858
671
996
614
872
163
939
899
756
949
154
81
775
952
900
399
881
857
983
734
306
720
38
866
31
439
485
404
173
998
599
340
20
586
429
598
995
410
341
870
154
487
510
170
71
640
750
905
775
174
133
560
122
593
289
140
874
695
395
365
241
276
514
765
748
51
999
143
230
478
797
763
476
103
11
66
172
157
769
647
816
968
308
38
206
221
555
295
30
912
168
456
757
343
684
106
40
840
179
561
607
323
332
26
111
757
844
676
342
167
925
621
311
259
377
306
772
387
618
737
337
581
268
569
96
869
817
848
661
575
84
584
563
239
838
967
87
382
349
450
993
114
84
768
798
988
688
677
229
458
980
393
563
577
110
372
863
630
872
35
239
515
729
435
362
721
952
788
670
895
764
142
917
319
620
335
501
342
648
62
166
781
154
889
316
942
888
399
878
867
311
895
133
342
766
171
644
41
851
350
491
694
558
761
723
719
147
492
539
545
74
608
220
452
960
818
893
654
40
691
124
561
504
1
883
124
969
314
453
181
647
123
835
764
956
624
805
572
62
429
30
616
824
726
730
562
768
159
698
656
138
897
193
198
467
767
832
643
718
512
359
781
15
877
958
231
964
278
822
510
494
437
555
942
991
715
511
991
720
840
124
162
993
511
232
938
525
147
280
126
602
230
770
143
769
350
714
714
503
223
206
252
568
790
838
576
36
901
587
965
373
815
232
750
147
597
327
27
199
339
180
552
314
848
336
410
773
388
532
787
696
920
762
940
458
277
115
367
336
554
388
818
595
137
829
575
586
33
360
203
130
58
827
682
713
441
960
136
921
602
850
21
30
757
629
207
379
389
849
931
870
913
838
542
338
314
683
531
344
596
101
281
818
442
162
740
537
341
709
941
962
737
172
597
351
335
231
573
825
942
452
841
51
593
631
308
325
715
665
824
287
215
158
264
148
898
513
185
793
422
498
667
516
807
7
752
49
995
421
798
18
560
649
242
421
219
136
185
532
488
420
201
224
451
329
385
932
146
378
531
301
35
394
629
747
101
489
735
529
553
216
914
464
924
681
620
777
34
26
723
27
790
450
226
183
760
189
21
598
375
287
666
48
284
231
576
81
31
519
895
904
572
366
862
707
112
910
654
793
654
621
506
996
504
80
81
62
855
40
294
246
438
509
15
23
997
934
780
920
113
555
909
397
153
773
892
150
332
901
55
878
355
268
503
227
911
959
81
903
118
208
263
808
922
296
844
232
277
234
941
846
721
634
584
947
492
12
888
928
364
762
803
533
153
499
9
953
120
403
536
738
341
826
764
429
866
253
612
495
324
590
693
881
237
849
392
611
98
454
15
130
405
986
746
753
387
646
426
538
648
931
641
773
577
309
708
690
358
936
989
538
440
774
773
705
402
907
698
33
211
308
595
534
539
426
456
898
620
809
281
548
438
630
393
954
50
421
969
149
919
66
179
917
627
992
200
173
428
279
641
55
741
221
628
933
954
35
779
275
908
415
604
946
477
193
548
961
680
69
204
272
657
755
683
714
212
884
737
21
865
402
938
986
329
646
830
795
271
702
5
208
40
474
723
803
395
869
342
31
532
157
260
999
809
113
761
465
991
176
557
697
1
588
213
454
754
858
827
793
768
969
815
479
300
793
71
563
791
541
843
238
779
689
201
336
537
200
25
83
765
888
184
580
534
230
616
519
160
299
851
596
192
100
579
715
995
181
448
326
251
860
274
379
449
305
416
876
318
733
978
564
604
466
611
576
35
978
33
656
67
245
209
988
664
382
194
756
816
467
572
832
65
577
969
292
245
463
165
90
831
822
510
10
993
65
753
241
190
187
511
271
727
772
620
856
983
839
966
965
254
188
645
571
397
531
201
362
482
168
74
231
896
994
706
771
916
918
38
184
665
150
279
418
329
421
310
540
279
66
70
921
502
223
0
348
494
41
872
99
355
734
972
536
401
208
381
334
275
458
587
457
15
593
637
425
34
46
479
690
736
585
69
922
69
589
624
958
394
384
462
647
880
934
490
601
332
677
804
479
707
721
222
666
37
828
743
140
766
838
942
922
16
998
954
530
326
14
65
884
855
129
837
438
975
778
957
961
335
941
597
983
549
97
993
650
308
520
356
468
38
805
745
605
707
651
908
874
457
417
575
438
113
455
511
520
707
446
583
803
957
457
597
837
31
704
705
281
179
169
317
171
484
664
885
464
237
798
532
171
755
301
331
312
372
422
747
881
184
382
624
45
871
379
329
437
845
737
424
749
522
591
393
995
116
119
199
576
618
813
529
954
111
808
816
667
13
511
837
440
391
442
826
652
270
407
570
603
559
41
518
381
834
386
682
959
897
757
476
60
524
754
978
776
925
105
869
15
156
783
735
8
390
845
392
202
349
744
311
944
778
271
570
899
748
552
907
128
726
660
442
206
79
853
127
113
221
721
394
183
288
386
449
590
838
130
394
165
757
93
947
210
50
720
223
604
996
194
967
55
265
592
507
860
693
95
329
884
986
137
378
151
644
31
103
629
445
372
966
508
14
11
920
558
775
785
131
404
652
729
118
960
889
596
534
758
730
7
349
160
224
376
746
603
41
977
828
806
327
891
883
834
482
822
680
269
77
831
162
7
145
880
264
652
86
936
898
476
390
389
985
725
507
256
44
18
630
615
274
672
17
280
558
549
150
47
308
830
507
974
590
366
133
372
517
445
12
188
428
107
379
244
381
189
472
916
230
520
716
391
742
761
787
643
300
989
734
406
161
757
356
211
440
289
485
469
624
820
792
827
457
486
175
336
772
351
503
410
363
19
593
88
971
796
600
630
524
306
53
878
277
723
894
867
133
550
928
83
676
918
706
628
782
677
495
37
185
427
894
871
240
121
740
649
168
598
235
362
549
764
623
854
695
94
450
127
535
212
426
881
424
602
333
766
489
998
131
860
251
631
393
417
747
74
852
431
706
209
596
922
634
146
149
773
412
475
71
72
754
384
504
999
172
743
323
1000
40
746
21
141
687
578
632
210
834
640
316
713
938
55
498
71
173
855
133
51
37
351
960
643
650
796
604
500
666
566
801
95
755
561
623
469
816
146
500
866
939
0
271
389
342
705
438
265
905
452
41
482
559
82
219
35
774
438
553
365
302
229
159
544
80
37
596
398
790
406
667
354
238
671
928
796
252
140
225
148
693
150
355
742
407
852
167
655
749
767
463
976
512
749
617
910
707
26
467
211
865
581
443
506
443
234
666
848
284
777
433
526
641
522
547
866
188
990
679
549
708
860
965
97
337
876
509
715
837
954
535
546
323
847
794
404
487
464
18
908
610
482
919
142
493
285
891
331
380
402
785
687
161
890
321
574
175
708
887
251
573
893
404
393
355
585
579
730
927
800
683
415
518
519
153
543
461
798
54
899
235
557
903
215
856
742
199
354
717
488
753
810
495
876
615
203
407
609
168
41
958
734
431
692
553
508
393
932
273
608
717
65
893
95
68
309
338
595
136
852
897
935
75
558
926
673
26
352
204
990
294
904
298
356
454
734
43
493
793
956
207
286
352
293
577
127
231
173
483
886
563
799
549
746
744
563
40
170
806
188
525
604
45
200
985
986
722
994
982
93
638
83
98
249
264
923
31
518
1000
665
397
192
736
673
588
561
415
535
378
225
413
520
721
87
261
220
400
702
39
634
455
667
882
321
636
453
612
121
219
543
208
108
617
215
76
203
922
180
643
673
205
549
149
481
370
230
414
369
773
439
625
861
446
563
656
717
243
218
432
552
524
653
127
1000
937
801
72
250
733
544
438
391
845
85
391
711
574
18
30
530
286
560
614
880
712
350
789
342
573
324
178
417
694
660
171
430
391
92
630
623
569
148
134
233
739
520
933
423
358
907
982
902
81
687
84
309
84
490
126
582
601
67
904
55
127
887
360
359
481
368
927
387
151
52
865
231
175
448
248
882
801
234
182
426
258
5
155
758
635
198
717
674
872
297
463
353
634
210
747
52
151
86
880
703
286
543
882
542
499
796
155
388
472
994
765
414
292
607
666
0
798
881
209
47
20
73
546
275
323
792
255
771
296
811
34
3
727
391
5
714
602
937
959
321
580
970
237
823
723
267
270
864
870
553
829
432
119
494
609
164
613
580
566
797
753
81
90
758
360
884
951
257
17
472
483
286
867
675
110
482
836
583
900
881
503
988
884
833
911
920
716
823
259
960
737
810
35
186
504
920
384
730
161
842
305
929
0
990
124
903
191
174
120
920
29
960
277
305
52
132
254
588
907
132
807
880
146
132
876
608
192
329
351
256
975
212
493
885
129
525
321
78
978
711
656
730
107
552
460
593
985
635
891
15
420
324
11
292
690
552
695
493
104
195
502
219
965
475
777
387
449
231
798
424
566
214
764
761
598
630
793
825
945
117
106
269
378
311
417
19
240
788
244
93
414
858
264
226
159
566
277
639
314
739
17
479
937
618
424
858
226
331
650
462
386
368
483
745
568
893
616
384
248
873
227
751
824
138
543
571
728
835
79
492
805
444
889
754
583
479
314
637
849
908
651
475
459
586
597
449
797
527
829
473
600
804
503
58
954
689
918
534
921
298
979
301
868
527
421
843
59
304
520
7
306
760
447
193
617
827
790
566
79
835
152
88
945
184
515
177
720
615
839
812
653
506
546
645
638
589
733
937
421
122
85
476
219
577
658
252
506
989
455
531
157
337
514
500
974
106
361
34
365
932
496
551
120
212
546
923
642
495
635
436
822
794
781
453
90
894
396
506
608
24
34
191
522
999
680
353
417
26
665
679
805
772
159
563
957
500
675
729
251
279
184
574
724
715
508
241
904
694
532
81
68
36
104
761
460
776
436
315
732
114
68
828
353
300
583
783
990
962
958
721
580
695
943
264
121
190
814
573
421
394
260
87
412
35
32
925
842
658
125
937
8
832
731
182
946
148
4
52
165
191
325
87
919
620
365
173
592
692
547
749
891
11
728
663
460
76
407
77
119
218
219
634
658
586
287
822
481
736
652
768
982
97
619
741
758
85
780
119
759
910
816
442
745
800
9
764
110
716
127
139
143
184
821
659
435
346
880
2
18
195
369
240
318
625
897
902
411
195
162
594
850
115
411
105
756
657
976
398
332
433
845
274
170
304
302
846
584
794
100
574
319
585
402
855
902
301
416
152
823
347
369
92
675
725
510
152
603
474
176
935
429
357
955
955
27
20
96
246
975
3
521
268
939
457
10
759
711
832
841
709
914
959
632
729
327
999
36
99
34
636
141
702
584
671
972
874
635
584
796
405
116
296
745
396
759
907
104
780
95
722
148
659
613
77
100
625
801
270
913
721
201
417
531
969
202
354
589
698
915
710
572
69
332
533
876
223
939
738
862
349
566
263
453
819
316
143
354
191
106
615
424
545
872
708
154
139
13
658
812
943
447
28
685
843
39
639
246
219
937
789
223
610
331
851
645
846
827
11
630
22
866
912
118
147
664
581
509
325
859
769
400
213
309
616
777
409
246
633
473
710
316
342
497
632
827
441
293
10
415
339
646
47
300
572
748
108
433
293
690
742
694
726
940
803
75
447
336
886
752
431
368
618
863
387
854
31
121
525
431
987
284
402
481
29
164
465
19
677
462
711
737
403
902
840
669
128
543
115
87
361
815
487
840
570
401
491
452
113
329
819
493
982
141
623
352
380
741
691
471
890
759
488
915
781
638
593
162
579
963
248
96
856
267
856
783
884
355
335
98
917
951
901
405
6
653
136
744
209
600
746
105
171
64
148
161
150
676
385
496
359
222
935
848
805
442
114
457
461
30
592
277
644
567
764
526
629
451
635
572
169
930
341
994
330
108
614
315
130
353
943
690
956
927
277
175
440
860
651
828
666
144
299
129
198
224
442
976
156
773
214
507
242
604
565
642
933
957
935
828
846
933
72
830
953
540
575
669
60
675
695
140
752
658
301
107
834
672
642
838
51
935
633
233
253
148
234
918
79
79
71
499
754
745
171
601
942
565
551
194
274
123
633
469
832
549
183
478
753
833
111
473
640
440
443
962
33
20
435
759
508
475
53
946
869
697
859
831
254
641
491
437
314
160
477
217
904
947
111
598
425
65
975
172
684
91
92
948
895
93
916
605
516
777
79
117
53
468
355
329
655
156
111
990
649
79
334
395
335
106
128
856
334
576
154
199
767
919
163
865
111
336
160
181
924
266
448
912
688
140
428
470
741
678
725
985
564
994
64
694
936
286
551
168
878
184
846
803
386
351
39
492
161
347
942
513
686
361
715
953
753
464
941
414
252
174
29
855
199
760
146
596
361
848
840
796
219
473
1000
774
697
81
905
513
190
696
808
579
627
228
148
934
613
664
904
877
145
225
73
624
927
390
614
787
544
303
398
7
336
725
615
554
812
428
681
381
14
635
121
605
519
852
422
262
635
314
434
180
742
177
931
51
59
376
572
576
303
682
857
189
724
941
611
881
878
658
992
800
694
760
854
834
594
132
172
845
510
372
523
269
33
150
294
200
642
247
766
515
38
362
255
898
437
635
312
628
772
112
633
356
482
674
496
234
699
433
560
44
255
409
199
331
575
670
972
292
577
649
937
317
881
626
648
954
498
186
833
450
341
575
444
771
696
586
940
171
368
722
168
657
244
315
73
436
39
627
797
665
491
745
278
718
774
429
40
663
806
116
113
374
612
517
301
213
818
771
993
463
450
272
476
192
477
404
841
777
543
25
815
358
178
239
390
876
566
811
874
563
255
840
935
213
262
593
131
108
217
583
430
241
424
470
900
660
868
842
755
454
638
454
400
282
702
974
23
185
643
617
970
575
678
276
920
91
990
36
841
439
46
625
917
428
624
704
542
900
201
209
228
781
971
687
970
655
908
615
7
607
508
27
68
168
521
810
144
640
426
50
872
305
245
361
533
461
411
1000
198
442
296
800
253
555
834
720
164
735
979
453
525
578
838
692
261
418
681
645
135
330
185
197
32
431
925
641
351
999
459
331
674
351
220
757
178
254
10
488
468
563
602
840
584
676
24
906
422
383
658
876
491
566
9
378
158
997
968
717
886
277
420
46
447
895
317
767
513
331
514
194
50
631
358
502
752
354
153
418
833
719
973
99
566
240
338
303
145
481
495
246
238
894
691
998
872
989
344
648
189
320
887
363
250
212
123
281
387
306
366
696
397
987
259
492
706
546
231
581
486
80
722
83
931
985
978
949
239
46
819
207
701
494
514
886
112
963
508
434
831
891
736
323
828
542
8
999
456
130
414
84
950
430
603
319
469
203
973
775
996
311
937
890
577
592
193
113
43
100
729
204
534
304
726
833
58
956
82
476
838
68
212
498
720
864
243
794
103
886
317
431
776
867
122
416
713
848
994
655
27
330
743
769
380
116
295
396
888
569
787
782
84
174
678
187
102
314
143
472
759
335
443
957
630
798
969
257
902
126
644
746
379
600
932
54
43
74
202
186
368
653
463
374
232
530
740
69
683
829
603
141
357
225
43
562
425
463
118
25
54
580
770
286
106
932
867
790
93
575
508
45
924
490
983
776
967
148
454
905
577
333
141
95
731
550
373
489
674
944
568
883
108
923
273
739
94
257
744
995
367
627
624
909
680
710
779
53
530
829
98
307
517
178
43
568
365
316
282
583
101
735
187
553
826
549
83
801
273
706
972
801
609
226
562
237
730
571
70
211
421
826
530
407
472
277
546
699
454
909
743
11
460
483
38
219
545
398
348
756
738
829
344
704
292
216
294
624
869
739
991
536
675
489
619
134
348
219
131
598
838
553
408
52
998
744
806
44
110
427
516
726
489
375
337
666
826
380
284
128
927
821
699
556
751
806
902
396
824
323
576
797
243
331
114
468
73
182
3
907
874
173
18
398
835
5
652
392
260
29
725
416
295
476
340
138
799
733
952
992
412
800
837
338
729
159
60
666
771
49
959
161
898
720
908
344
879
627
72
599
94
919
302
353
244
718
573
167
112
790
373
669
212
88
80
6
257
998
198
223
248
187
212
87
878
198
94
790
557
2
29
973
623
638
684
546
996
672
932
495
919
602
148
319
301
509
932
836
714
216
117
202
912
294
225
399
724
925
142
232
493
877
115
695
781
551
145
64
622
623
890
248
46
348
854
259
356
607
790
232
394
755
482
391
492
797
352
553
362
791
439
20
4
709
41
324
994
45
835
877
891
593
969
785
209
797
265
67
975
997
232
150
77
125
930
329
460
914
596
137
785
216
549
727
400
891
100
681
621
834
339
319
487
964
153
653
182
763
297
991
492
729
302
617
109
76
445
904
899
673
945
702
467
512
719
929
533
453
820
644
51
640
536
991
414
631
108
683
664
781
487
229
234
778
284
463
966
500
920
841
260
678
655
661
688
4
131
548
81
569
443
179
884
870
168
82
784
212
836
590
596
872
442
21
959
15
427
369
926
662
80
327
352
343
609
163
191
700
935
591
65
743
989
108
243
122
10
512
56
135
478
904
899
834
231
336
653
179
135
810
963
863
685
4
688
175
74
395
33
347
429
331
368
674
806
85
25
961
642
854
797
138
591
255
100
5
161
460
552
595
459
61
977
210
600
106
104
617
210
515
593
975
918
655
489
868
158
298
36
610
85
741
698
567
310
732
522
18
532
412
130
403
625
218
829
886
519
613
287
703
267
967
533
19
583
569
686
192
521
383
894
699
323
685
790
603
682
305
751
280
256
826
676
290
930
630
962
736
664
144
983
888
566
991
34
195
404
78
848
388
703
288
467
403
993
75
726
648
708
540
67
409
0
373
402
878
806
767
814
682
670
415
864
72
888
307
232
745
469
359
35
931
725
705
200
137
896
757
418
865
237
524
750
364
665
574
2
784
755
330
934
899
404
683
653
285
873
860
817
159
141
340
647
319
231
820
484
925
274
160
887
188
2
821
636
78
64
616
494
130
673
149
543
19
663
482
86
671
577
334
446
306
432
849
807
79
299
459
943
379
236
317
966
916
938
675
211
323
833
984
38
660
605
967
896
892
996
484
996
152
755
53
703
541
907
653
84
106
419
64
309
755
828
421
205
255
387
168
432
870
241
877
168
586
45
182
798
289
122
940
983
409
912
340
174
277
569
996
248
347
781
678
561
989
198
344
161
949
106
805
476
185
377
610
711
788
45
202
174
833
653
779
701
816
431
960
72
661
594
843
34
363
355
483
246
139
645
703
107
919
741
43
582
895
240
902
680
294
744
177
787
149
636
973
710
910
836
367
69
260
920
521
215
960
845
945
324
781
52
434
854
115
257
485
225
473
239
844
696
279
823
549
491
759
813
604
712
564
643
613
138
830
262
507
695
559
291
109
655
49
298
609
521
253
312
639
61
224
211
240
43
530
601
642
700
581
974
318
918
858
971
174
946
102
795
45
305
575
403
573
127
301
599
856
273
696
608
78
877
332
367
500
707
195
52
297
111
352
604
452
413
757
277
361
720
814
144
441
68
707
999
564
939
721
904
712
519
903
986
949
452
929
690
403
299
783
211
650
692
587
425
120
866
230
660
457
468
204
375
366
989
791
264
799
47
252
298
386
47
811
618
27
108
419
878
997
454
5
96
906
324
102
213
806
126
435
617
468
998
59
714
997
734
999
664
877
704
111
762
626
417
790
11
233
150
18
356
782
895
530
313
821
10
109
70
166
57
449
305
44
449
199
189
847
5
619
527
185
856
353
596
121
604
724
18
824
177
699
456
249
754
649
568
581
637
277
366
63
546
159
207
831
201
502
820
344
839
537
997
974
878
844
34
977
489
219
349
440
784
570
785
733
816
113
732
539
874
260
758
808
480
717
3
55
969
899
958
704
247
175
260
426
75
442
903
596
681
210
618
224
49
209
721
442
977
900
721
938
735
660
648
124
992
381
266
164
836
353
297
402
398
326
880
132
295
601
183
524
108
786
128
849
365
546
80
849
824
553
610
286
711
97
1
372
307
390
711
980
612
907
135
66
582
581
12
858
899
845
959
960
79
864
758
904
498
898
309
254
144
724
57
495
128
96
999
252
214
625
715
266
570
960
788
437
842
11
946
823
318
253
741
80
988
525
431
218
995
981
916
654
193
900
423
580
406
809
775
229
193
225
472
309
964
641
692
212
629
775
731
108
604
651
370
730
940
944
448
462
878
173
609
127
857
578
101
363
892
490
45
656
94
488
365
133
375
538
356
224
397
597
39
985
992
951
432
519
375
949
662
254
908
438
935
920
403
781
273
692
737
552
254
480
833
630
958
295
951
19
912
56
761
156
919
887
248
508
413
804
627
55
963
217
827
993
624
360
575
817
937
67
738
345
726
616
482
721
633
71
855
540
609
84
199
388
855
658
885
761
337
912
153
571
622
915
609
358
888
98
647
547
51
942
500
584
934
866
393
963
214
222
277
420
682
650
397
639
387
563
623
701
234
611
789
116
181
317
532
197
736
767
58
869
453
514
828
272
829
520
604
569
857
643
160
916
321
218
317
79
178
513
989
254
765
883
374
196
166
343
229
670
173
367
480
882
9
525
811
386
824
38
279
505
231
322
146
249
266
423
225
433
614
523
59
710
233
650
354
664
940
303
301
786
96
470
992
330
535
705
41
975
5
959
793
360
623
65
89
111
718
818
894
261
171
281
112
188
28
43
942
637
484
745
996
214
773
914
914
1000
982
849
639
45
999
935
631
539
745
215
791
815
23
337
279
9
84
818
146
547
446
277
586
535
437
57
0
986
236
39
652
952
902
284
314
123
958
408
648
504
811
560
217
774
330
480
921
979
919
490
161
625
314
586
484
982
317
978
905
282
682
189
177
776
285
673
23
149
598
903
695
810
494
1000
893
773
676
804
273
567
93
117
638
376
179
618
879
888
822
508
203
218
31
467
176
485
714
95
883
403
522
447
280
312
684
719
106
236
648
928
974
961
211
525
318
271
553
517
961
333
380
840
730
622
500
668
304
68
311
254
245
465
893
343
312
774
409
930
198
316
438
918
457
817
198
601
193
774
71
284
691
950
789
758
662
957
844
268
330
259
804
620
12
559
393
128
991
654
142
863
287
530
600
223
205
950
145
856
8
84
641
165
789
860
23
993
274
280
172
9
883
714
174
767
213
266
447
137
462
714
769
692
756
823
353
540
384
371
768
713
55
984
958
101
137
763
727
552
547
633
271
52
264
772
147
927
916
516
783
539
809
836
196
221
257
155
837
301
781
613
380
820
835
110
781
56
74
304
814
72
651
818
926
499
342
54
463
136
778
79
560
901
613
127
246
139
729
679
605
607
587
296
669
606
371
374
927
751
126
963
366
730
567
402
867
496
523
923
776
899
580
394
493
77
879
562
655
851
319
74
285
544
360
376
189
366
239
283
200
514
920
9
374
590
936
150
419
701
730
384
792
662
226
353
56
395
137
830
509
562
67
504
271
286
239
660
481
434
359
758
834
838
241
239
490
451
982
364
860
747
736
499
326
221
678
558
579
8
491
138
511
842
563
244
693
219
809
921
69
926
264
946
116
879
702
497
411
84
926
264
428
634
908
471
152
657
534
357
600
808
673
94
449
113
222
258
273
233
555
491
420
240
509
676
239
335
262
794
102
754
312
540
17
123
222
946
991
452
60
996
406
921
104
793
381
163
171
277
511
919
880
771
194
899
738
763
85
21
448
948
541
926
11
619
842
721
326
904
789
91
762
323
697
410
636
355
31
190
676
715
333
710
819
74
471
63
508
534
770
347
601
867
873
939
302
454
193
151
571
272
445
894
88
553
354
507
953
880
101
422
475
448
124
286
819
400
30
763
220
338
516
635
390
964
245
96
885
74
933
906
422
564
18
334
594
682
212
657
992
755
228
614
574
110
135
169
962
476
439
62
152
137
1
442
766
532
874
538
533
870
987
782
212
849
143
918
985
351
231
336
490
30
217
304
703
730
859
842
382
702
114
842
830
354
777
958
27
385
916
972
623
262
191
222
483
984
711
289
172
582
73
35
935
530
333
559
400
904
162
720
572
935
566
266
356
538
515
385
281
405
431
520
653
380
316
641
760
10
349
351
751
535
667
52
254
242
97
270
778
493
508
999
541
468
690
543
964
354
60
336
832
745
716
244
471
414
442
86
437
330
380
193
651
146
799
351
828
211
103
850
608
339
932
59
510
44
791
724
533
196
689
518
612
820
774
259
649
492
731
475
279
662
279
174
275
277
556
583
270
321
244
359
197
223
774
178
690
825
742
398
407
201
126
453
518
373
526
143
492
249
325
337
197
865
234
254
433
24
641
329
983
477
484
42
373
489
34
440
418
512
799
598
334
438
571
732
88
945
984
794
430
468
876
345
649
842
523
287
766
873
643
517
589
546
821
645
591
614
210
821
854
187
594
590
488
442
339
744
295
887
351
959
653
417
223
171
489
869
275
846
437
297
299
395
271
680
265
39
116
567
982
318
153
805
333
150
808
417
67
910
401
669
102
780
499
369
35
195
658
55
508
179
167
734
945
989
299
532
804
179
216
397
261
522
147
819
70
960
183
723
329
947
947
562
431
916
761
708
867
710
910
684
999
362
608
107
509
656
418
437
780
658
796
735
14
788
317
508
246
199
480
979
298
839
156
144
867
459
351
768
102
536
628
951
286
695
563
340
640
972
489
684
685
402
668
2
588
878
948
943
210
202
854
768
566
931
400
482
179
889
508
62
616
805
748
2
587
895
51
198
677
60
591
519
139
705
745
812
816
102
611
630
424
685
321
310
212
823
483
708
734
313
354
659
282
346
688
436
946
949
657
445
150
2
90
561
635
126
401
971
84
479
591
792
906
83
589
516
650
761
676
310
309
994
861
135
385
118
83
595
818
688
386
214
474
462
682
693
474
669
971
348
972
648
405
35
1
721
850
466
328
338
17
352
670
353
628
131
519
215
51
348
820
649
754
725
694
766
576
867
232
806
671
299
963
522
526
117
148
709
250
302
342
760
83
36
250
404
269
501
437
715
400
514
103
567
873
514
832
797
242
465
206
555
240
945
554
225
260
152
833
471
387
637
758
481
194
935
300
387
584
503
171
737
363
740
382
574
23
838
323
830
140
399
306
226
953
334
901
866
942
702
341
460
81
696
18
763
691
477
120
98
202
195
718
495
436
183
247
684
995
323
707
444
878
870
534
820
736
502
549
187
222
835
359
770
121
236
875
685
24
412
657
406
519
590
144
682
275
154
553
927
443
481
720
255
431
711
82
578
387
87
410
418
83
711
905
803
889
885
373
394
630
838
417
299
781
122
107
271
789
926
821
988
899
965
900
210
661
247
232
991
715
496
142
792
911
971
794
41
820
918
296
390
473
737
464
924
498
779
538
309
521
461
173
308
407
393
462
20
321
642
7
886
960
215
954
1
395
701
709
483
693
878
708
891
654
892
297
214
317
164
835
945
758
554
513
78
195
296
422
265
740
152
984
584
248
699
584
673
73
437
839
12
340
464
536
711
220
171
509
485
446
459
370
335
724
179
781
72
535
281
913
940
56
681
451
569
208
840
376
955
209
720
322
725
804
769
237
456
596
494
17
477
774
494
476
737
608
543
982
484
452
960
387
484
574
900
947
595
908
356
686
279
583
117
366
26
364
166
461
149
86
699
767
696
220
835
616
693
508
799
1000
226
585
106
175
966
993
499
327
111
500
545
689
669
730
708
885
42
648
57
254
126
722
714
237
740
654
363
48
107
819
775
647
729
322
688
699
957
430
265
257
314
343
656
716
446
807
572
43
356
545
259
143
618
92
555
336
321
604
188
969
950
937
467
720
465
828
874
880
78
564
607
268
121
713
711
337
979
695
174
334
575
338
222
680
270
500
811
207
402
564
687
840
607
5
108
62
273
313
917
380
361
238
195
709
838
284
932
914
98
993
17
549
708
652
581
773
585
968
580
175
314
459
64
445
148
594
575
473
724
609
393
570
170
757
88
885
843
813
540
552
927
408
175
284
405
475
30
670
60
233
883
739
94
265
807
441
370
769
975
930
587
341
810
859
12
435
220
465
355
567
992
621
84
16
769
403
524
394
726
639
496
555
252
335
480
7
563
11
292
155
164
766
602
765
521
940
629
379
44
324
604
692
199
340
328
57
694
493
639
485
154
254
3
460
964
210
36
681
507
318
11
702
792
357
460
773
539
45
89
527
973
472
948
486
690
701
692
277
80
229
479
159
118
73
675
341
186
473
197
912
423
449
554
847
153
879
754
502
653
848
394
712
642
978
34
432
875
829
746
696
23
292
512
987
313
264
47
754
89
721
71
904
56
508
940
691
758
7
393
13
403
899
519
690
98
267
479
691
237
513
600
755
123
588
915
378
269
556
687
975
79
42
893
140
97
701
915
921
766
172
480
86
423
299
604
244
405
290
610
678
706
767
586
985
929
85
869
448
799
404
216
974
427
306
328
199
987
82
291
163
547
655
195
347
265
427
979
366
817
121
960
737
634
588
659
710
358
525
146
93
942
153
522
307
281
148
251
917
14
255
903
544
512
689
769
444
203
732
437
275
972
896
815
68
166
150
213
269
234
73
445
259
457
931
345
961
453
870
940
873
887
880
114
600
718
650
851
542
523
266
30
914
167
868
109
951
869
8
96
180
783
651
527
163
606
730
307
777
267
368
544
178
18
223
306
572
624
445
451
761
465
833
337
117
989
64
258
628
347
780
589
311
932
696
12
938
377
373
116
563
825
282
182
705
134
203
968
84
361
21
863
301
803
130
723
224
372
796
488
671
801
839
888
60
242
528
754
686
601
206
213
482
873
854
188
428
447
505
149
315
901
488
288
798
273
834
111
153
720
993
266
960
981
515
925
785
405
742
538
912
537
496
44
800
509
829
29
741
673
208
684
547
230
370
918
440
992
985
636
543
648
872
214
217
578
31
935
165
319
965
77
725
806
418
662
145
605
836
900
880
446
225
811
569
250
586
545
428
934
735
974
685
936
48
889
107
371
565
108
290
115
18
182
303
591
206
268
863
154
380
978
58
990
247
311
41
768
59
253
918
226
827
572
640
81
514
349
59
94
60
56
836
346
369
487
834
899
721
160
984
718
999
97
499
735
937
298
668
643
76
674
968
51
456
891
782
771
52
48
386
358
833
381
168
118
643
583
492
88
950
774
823
565
533
850
588
356
749
149
362
601
523
749
942
5
561
548
263
733
412
146
241
959
707
161
977
293
242
257
508
582
501
715
361
790
918
997
774
578
547
849
207
1
10
200
911
798
994
81
39
865
670
477
226
289
731
231
869
267
378
588
458
986
163
896
94
136
144
341
77
150
737
654
30
298
513
237
359
154
248
582
246
558
708
74
658
356
975
635
990
265
397
657
507
640
687
634
535
54
31
616
163
248
234
945
136
263
315
401
121
154
476
133
390
19
274
656
463
566
773
97
724
123
410
869
747
432
336
1
676
121
299
882
443
837
38
676
770
579
608
113
782
171
14
267
574
187
342
239
601
387
98
425
673
761
287
20
331
620
271
921
972
666
286
792
361
987
629
551
160
730
303
533
119
72
189
651
735
798
6
203
925
471
105
89
585
16
967
814
243
490
417
526
49
584
487
805
771
852
866
488
611
397
96
220
617
524
371
719
976
435
722
290
436
313
678
283
45
750
973
376
863
170
344
465
545
919
54
386
238
355
786
547
487
795
36
10
740
861
278
417
458
981
871
802
769
293
19
465
547
331
332
491
864
161
806
53
175
578
437
323
423
378
911
780
177
677
993
310
844
553
22
738
22
882
268
872
533
261
726
688
830
29
475
341
863
498
180
2
846
221
728
853
252
764
121
923
32
380
542
34
598
991
662
77
682
469
71
832
794
369
12
961
927
863
366
308
950
326
286
123
956
363
388
256
836
371
391
324
477
698
592
535
104
42
608
678
781
887
527
815
663
896
710
491
515
884
245
73
649
452
211
807
515
1
348
505
40
381
465
715
354
140
964
44
710
919
191
240
506
357
739
220
166
764
891
411
446
278
681
636
461
129
144
668
105
539
660
397
676
532
599
943
286
760
326
72
367
406
129
248
52
40
427
697
337
198
178
285
37
760
119
298
604
656
788
417
386
494
890
531
950
920
664
957
878
198
932
997
537
557
73
609
509
304
548
824
628
685
159
586
314
533
523
499
380
289
960
696
138
806
483
896
251
115
872
370
153
602
204
420
84
204
349
748
138
361
672
977
928
896
493
103
831
168
140
777
583
698
602
324
189
327
802
339
907
309
253
815
110
515
479
929
268
608
514
997
560
357
929
965
408
942
963
927
388
391
835
329
42
670
50
45
503
460
766
486
915
580
29
758
968
658
159
663
920
127
736
463
345
375
943
239
795
265
475
294
410
856
392
338
961
95
261
583
954
175
312
943
910
168
535
835
712
534
524
157
446
438
757
137
919
388
350
729
864
903
725
763
256
302
964
894
600
745
465
490
537
602
789
340
642
750
257
440
352
563
425
615
443
863
580
859
103
55
880
192
629
589
414
835
598
991
716
838
237
890
514
616
98
898
576
391
500
961
160
98
915
354
890
756
140
241
971
228
944
393
516
46
991
347
838
987
382
468
975
534
838
20
278
45
151
699
894
46
325
375
5
380
569
935
106
335
364
424
246
128
677
88
760
490
753
427
707
912
780
205
623
27
967
400
673
16
557
196
896
833
916
185
109
703
596
462
294
748
385
62
660
33
820
940
308
449
955
983
552
423
345
927
728
370
143
545
720
466
287
590
829
23
865
926
219
874
474
867
161
219
990
907
122
90
332
895
712
222
536
65
759
282
258
978
421
483
720
51
539
663
177
415
35
308
595
958
417
954
450
181
19
84
609
363
383
413
876
313
788
694
389
955
752
745
886
399
297
467
922
658
558
389
133
956
219
869
340
642
896
831
154
916
206
494
163
404
730
699
88
713
139
738
935
591
206
110
920
322
600
921
491
952
108
487
29
584
241
2
40
282
971
170
289
982
299
553
453
509
744
529
648
562
802
590
671
825
404
932
205
808
852
7
322
681
131
793
550
348
169
707
268
646
929
459
155
101
484
128
12
573
423
404
979
205
823
627
184
168
8
207
943
826
553
506
130
202
415
64
666
640
68
412
577
880
468
981
761
720
449
951
19
559
650
378
891
901
923
628
318
984
619
240
296
486
716
905
898
38
635
626
851
617
129
836
35
183
226
517
315
464
799
790
655
212
914
109
934
850
345
907
922
364
497
34
156
518
118
75
868
373
529
967
703
445
406
131
714
651
879
348
506
631
500
907
530
706
580
649
480
746
542
863
42
458
602
269
661
25
719
885
896
473
349
653
656
922
863
220
777
731
644
110
604
409
445
190
596
350
938
246
98
204
338
419
768
888
629
647
28
18
517
837
560
75
872
560
51
954
56
489
411
332
891
486
431
592
246
976
480
241
42
44
87
484
421
806
652
918
385
994
780
39
713
353
601
78
654
124
786
42
341
713
935
341
382
723
471
969
544
251
864
329
79
529
553
578
553
519
718
958
448
360
560
269
214
18
368
521
148
432
746
187
390
307
971
49
292
96
712
643
217
746
799
635
968
420
149
889
259
509
105
586
872
444
894
554
803
618
771
910
290
889
583
596
310
184
45
881
185
246
128
829
948
577
940
325
292
154
602
566
825
60
102
996
249
643
360
484
558
212
405
468
89
252
348
864
598
396
300
514
21
973
265
726
84
138
545
912
978
549
203
101
458
94
784
722
307
22
953
949
29
906
228
96
256
846
470
15
976
170
807
609
840
246
714
134
168
917
491
335
964
77
399
503
831
688
562
71
658
992
778
478
480
899
959
519
222
307
4
380
140
951
341
248
723
270
673
874
490
214
852
573
62
236
745
316
671
625
876
877
218
715
337
333
154
896
930
386
256
192
801
538
501
652
118
808
305
490
776
612
782
727
638
561
365
226
248
371
964
891
968
70
803
510
494
947
683
157
441
573
51
850
377
719
566
660
106
382
389
840
167
253
564
13
123
663
823
290
30
934
351
890
704
46
663
324
942
973
252
376
630
707
522
718
16
614
880
929
39
701
342
15
157
340
172
460
680
196
501
234
619
737
993
470
107
921
683
201
133
653
585
721
726
475
739
622
241
648
418
768
121
504
597
281
861
303
719
597
868
307
755
122
950
741
892
863
783
640
374
335
645
404
460
221
422
902
833
490
639
151
719
827
286
919
392
171
862
614
281
293
860
670
824
541
593
743
923
211
198
215
933
989
86
163
731
875
70
189
664
96
844
140
953
352
726
7
207
477
150
379
419
145
469
621
693
465
829
581
155
761
886
967
909
371
949
209
493
129
938
479
607
199
880
706
966
503
958
67
769
459
441
874
561
21
519
175
44
625
14
719
290
720
425
372
7
684
662
505
2
497
705
511
289
509
665
949
764
253
251
994
610
241
50
311
654
634
110
776
219
990
188
5
10
912
390
134
250
66
161
399
442
891
144
328
126
496
481
632
41
943
35
500
245
516
524
458
214
960
795
972
933
507
813
951
644
561
274
677
111
90
3
262
885
380
647
106
538
658
113
322
756
412
914
538
162
188
452
734
777
737
767
877
242
67
845
632
625
15
648
135
675
668
194
907
807
959
499
539
751
888
159
806
25
183
518
603
91
805
537
60
85
658
90
130
987
223
380
542
797
370
475
772
84
279
772
226
438
178
900
994
387
764
673
247
988
333
651
324
324
517
985
716
636
719
340
289
632
883
569
385
660
483
395
87
603
607
873
948
988
810
1
986
648
803
649
328
618
108
417
758
695
366
2
886
462
81
783
864
223
119
488
791
595
269
331
617
972
610
145
290
400
445
829
648
695
669
766
153
419
176
35
143
12
337
497
900
813
183
572
40
843
230
816
417
286
150
307
626
128
197
903
171
540
983
592
884
991
124
360
611
654
970
449
45
918
174
67
627
210
646
636
381
151
1
947
654
822
522
559
315
578
610
25
600
310
584
214
583
235
666
756
748
121
248
151
447
404
375
551
412
349
352
499
637
257
811
343
430
204
579
103
28
516
271
281
485
588
736
424
239
765
237
864
973
864
266
657
179
613
610
488
382
823
184
53
200
159
811
187
773
28
204
280
341
210
645
599
528
689
635
903
928
347
590
914
156
217
234
723
295
244
341
173
971
681
272
616
78
154
109
828
805
34
149
377
218
548
340
517
352
516
427
763
587
698
116
126
571
166
235
830
420
856
655
235
902
752
718
63
610
408
770
255
630
491
595
282
943
939
168
624
608
634
98
344
237
859
71
54
588
716
115
667
492
965
13
758
275
57
813
289
606
38
39
789
527
505
695
457
734
607
800
490
467
723
683
635
668
915
735
125
197
406
517
787
113
180
750
410
663
193
125
280
930
341
848
121
832
863
625
834
786
529
736
44
863
222
963
843
998
534
298
242
911
117
251
410
813
6
936
38
484
501
511
440
855
560
117
923
12
735
749
801
372
119
773
758
52
45
705
859
522
981
799
252
809
725
760
397
882
111
270
297
108
608
703
141
148
482
501
948
116
645
151
191
992
867
820
769
303
161
694
851
668
301
295
784
179
5
626
243
808
272
153
160
470
262
243
388
253
720
24
403
257
413
22
675
980
856
78
482
668
735
943
948
805
367
595
14
277
93
274
300
732
168
362
835
150
380
420
891
869
536
912
759
416
199
205
295
915
945
154
888
452
22
446
930
713
364
508
596
376
1000
948
564
772
548
976
757
55
959
339
441
516
650
56
2
389
262
824
846
886
667
394
731
908
41
565
70
327
466
126
973
224
446
999
427
532
882
459
984
140
728
902
132
890
58
267
100
799
719
567
527
3
720
785
728
324
26
73
367
328
741
449
453
625
263
330
999
181
368
137
244
718
880
587
745
465
804
911
459
386
420
649
693
976
848
169
61
768
328
271
722
286
56
65
873
72
89
399
972
897
3
229
483
395
556
931
936
385
590
312
580
228
966
668
642
53
13
880
294
389
478
323
203
317
840
74
690
114
813
19
389
879
429
457
636
316
478
650
46
738
515
687
71
156
364
570
418
565
405
764
264
145
78
820
629
84
392
920
36
986
887
75
92
27
376
759
611
828
401
667
524
500
665
36
132
613
212
589
747
83
583
387
494
466
298
227
689
762
201
402
828
625
944
605
833
813
635
332
233
770
162
987
908
710
633
179
781
856
683
62
999
346
565
341
302
453
658
309
95
396
487
363
242
867
453
230
149
764
113
378
47
412
237
915
250
960
345
227
853
687
583
208
332
319
953
672
364
910
218
341
429
189
481
618
120
703
11
639
811
31
889
451
171
989
942
722
289
231
566
316
233
190
525
143
480
383
298
430
871
479
985
781
418
170
287
612
7
917
577
243
626
515
377
396
328
771
237
582
298
317
239
224
972
104
505
988
777
857
766
913
694
567
727
850
509
621
274
496
108
277
450
344
474
169
207
790
586
725
486
264
151
725
663
704
557
376
283
630
149
860
717
539
60
183
747
903
334
318
331
696
942
677
441
249
6
988
967
770
870
488
19
678
73
283
221
438
533
220
519
969
220
401
251
710
946
729
935
303
585
341
470
995
824
835
348
354
4
200
199
664
628
244
298
332
626
47
384
685
748
782
873
171
37
98
733
551
660
105
381
413
362
666
309
994
551
367
943
764
805
80
849
899
945
541
616
75
135
487
341
350
631
661
983
134
599
505
347
746
610
836
757
334
225
853
313
889
689
376
578
839
587
166
774
938
581
784
840
275
541
696
756
397
589
825
435
536
897
606
765
61
16
288
462
615
549
378
5
356
235
217
710
364
692
80
379
974
539
15
855
799
320
417
444
240
627
711
30
616
881
198
64
510
705
366
557
389
381
386
723
841
562
49
477
200
552
747
159
4
571
629
6
804
398
385
788
874
217
18
149
818
284
955
522
451
239
581
87
479
644
716
255
671
485
748
966
231
62
104
687
887
748
650
20
122
450
518
917
850
130
893
400
936
689
843
626
73
34
486
74
873
229
560
888
847
206
526
379
986
265
693
429
663
821
988
418
799
587
710
950
319
34
854
9
803
286
844
518
461
466
459
889
328
814
971
849
201
216
214
426
444
564
190
59
264
273
718
911
582
566
784
990
332
183
867
353
127
668
163
368
278
549
383
280
942
361
567
338
832
708
596
114
944
295
653
53
159
245
753
103
775
375
26
346
893
427
806
761
180
976
635
49
116
182
669
258
197
639
153
566
472
663
982
2
705
232
349
872
742
823
538
264
237
925
260
562
344
959
974
408
743
630
643
787
976
547
948
298
530
252
899
484
552
173
397
538
741
840
875
239
28
746
200
289
811
887
800
896
896
905
663
683
543
324
390
764
418
72
183
659
801
629
165
332
742
227
100
883
2
275
619
272
609
38
542
361
259
478
630
385
831
452
220
601
20
662
940
7
839
603
101
310
68
595
659
742
201
434
404
635
730
536
849
975
863
151
436
48
503
715
523
731
410
343
875
523
154
861
919
608
633
41
924
792
710
424
44
669
867
198
427
825
348
601
633
272
733
746
826
614
53
273
602
236
731
823
337
841
876
332
749
187
248
512
66
405
652
6
544
775
74
918
598
899
604
21
171
705
197
951
174
345
307
193
938
729
228
706
977
773
229
928
481
616
411
76
54
402
701
268
539
538
848
126
637
802
722
651
618
848
933
663
320
121
826
897
538
366
247
798
69
415
382
847
394
186
47
81
226
51
694
187
6
382
21
806
741
358
968
145
646
285
533
524
857
427
573
595
882
243
529
842
144
883
782
239
29
882
797
770
797
555
836
72
467
657
155
788
59
276
637
699
330
529
9
52
127
401
611
241
671
603
264
178
878
264
748
436
921
963
187
439
557
919
379
994
173
769
90
655
375
823
180
926
308
726
394
967
473
492
399
677
386
867
407
941
504
556
626
86
311
670
784
904
125
64
407
434
449
682
399
337
304
656
267
364
48
105
197
116
653
872
750
690
376
328
613
337
279
162
629
884
301
88
681
513
605
656
248
273
64
930
695
593
366
830
529
429
594
370
454
373
872
255
387
779
691
980
46
547
409
202
440
652
285
701
927
190
616
684
344
857
10
667
915
176
942
205
290
557
761
281
181
249
55
717
728
341
934
231
945
175
362
448
372
821
592
348
640
557
718
201
320
873
599
242
200
721
723
226
814
633
401
527
115
609
928
457
373
98
435
436
197
288
263
866
584
452
707
855
740
26
21
766
301
203
367
864
689
208
250
631
91
524
481
781
267
531
135
118
767
391
209
475
167
89
442
411
895
899
581
636
674
144
95
562
147
925
713
248
207
514
193
309
977
315
628
453
616
111
564
619
402
412
66
691
675
508
874
430
949
325
294
396
225
756
84
177
450
119
573
670
431
162
332
919
11
908
505
913
904
650
602
976
10
99
573
638
163
844
517
304
136
240
880
891
185
946
158
270
531
185
51
546
220
354
904
425
51
623
237
885
608
301
465
718
139
721
792
651
232
546
611
152
183
225
131
50
89
268
968
983
518
236
358
667
571
172
336
869
46
932
503
272
751
540
137
388
746
772
184
519
99
463
121
676
464
532
624
758
358
582
41
395
626
43
482
348
807
562
196
545
666
245
939
985
878
460
501
789
665
37
878
109
602
35
69
247
968
199
33
631
675
920
479
116
894
663
457
822
905
28
242
264
332
681
939
557
67
569
935
802
80
461
547
447
702
654
868
152
411
627
450
104
311
382
842
509
662
142
475
189
506
784
342
62
230
702
799
479
529
936
371
406
269
75
201
186
139
363
545
176
185
731
184
48
245
583
588
930
173
653
513
630
643
619
5
104
923
462
453
295
237
18
375
86
331
24
487
433
71
805
1000
104
657
57
70
259
913
349
397
607
320
538
996
885
614
204
523
286
479
745
572
325
81
681
84
746
66
214
714
233
944
217
550
569
26
131
726
919
978
12
517
892
637
435
953
250
275
970
712
196
861
837
120
677
103
810
373
22
926
121
15
758
803
790
142
993
550
140
425
515
70
245
626
381
168
710
372
916
828
231
340
533
132
264
2
276
548
854
959
186
776
205
878
974
887
140
457
704
475
690
779
737
728
837
426
500
433
860
804
561
114
786
630
535
893
521
182
899
853
602
219
936
79
391
204
699
765
443
948
778
833
918
349
909
80
409
334
417
587
68
543
558
40
13
504
157
480
605
128
876
533
530
903
914
295
906
734
233
506
853
997
23
986
629
997
773
555
2
23
441
892
56
540
6
822
824
968
7
269
134
656
712
445
661
308
888
891
68
251
38
635
892
916
3
775
561
433
900
177
416
33
616
44
442
282
682
302
528
568
419
44
383
699
767
760
991
191
33
212
391
173
8
543
800
976
125
852
654
548
31
290
506
346
187
876
899
338
379
399
390
950
326
319
754
53
532
854
593
568
546
519
315
443
207
652
215
853
381
891
959
218
270
239
905
712
659
722
709
850
824
898
953
587
683
845
557
868
254
420
170
25
129
175
429
640
10
48
242
595
480
885
676
366
298
972
974
379
163
399
163
846
324
428
791
494
972
390
725
608
657
117
405
732
569
946
306
651
98
638
540
724
603
803
687
485
168
12
766
368
623
733
58
596
176
698
639
99
37
847
72
367
192
857
867
141
702
546
694
673
960
855
340
17
491
458
776
694
450
806
206
59
33
21
144
259
612
660
583
745
10
403
111
531
8
452
227
12
206
849
158
750
311
701
287
672
556
436
760
606
22
214
995
335
246
812
643
922
173
154
479
180
842
562
33
427
960
34
914
961
392
216
634
31
888
13
235
800
450
123
400
585
330
73
511
744
686
358
423
386
791
189
590
795
633
955
536
395
843
804
295
837
34
268
180
553
429
505
556
312
96
322
182
544
814
345
193
417
428
90
316
956
792
139
521
10
834
653
467
623
529
453
141
61
963
441
84
342
48
22
712
924
718
351
806
12
585
170
171
137
598
451
800
693
336
747
980
214
576
355
662
644
868
822
686
827
796
434
625
324
766
276
962
283
352
780
899
581
124
978
467
448
718
454
520
937
247
915
350
900
144
841
984
566
244
253
622
446
228
345
621
509
394
347
340
596
42
217
767
297
631
80
377
321
481
142
637
688
123
138
673
553
294
69
167
107
406
542
582
114
434
431
900
296
802
820
750
910
488
797
90
607
740
614
163
423
862
417
30
219
580
949
118
194
798
251
401
635
656
997
357
706
521
999
308
590
211
470
801
56
687
686
434
649
711
681
887
133
537
774
302
209
532
438
309
47
862
455
190
464
130
836
397
533
370
526
14
253
886
890
567
367
783
620
322
66
367
591
312
387
289
392
687
980
556
794
286
729
868
72
141
25
675
349
753
557
376
934
142
789
274
719
748
513
305
856
965
102
592
342
632
941
201
750
813
24
600
404
401
906
571
779
375
611
339
563
658
511
63
538
152
180
431
552
464
232
153
898
64
675
547
135
278
962
18
906
527
252
234
57
633
198
365
731
648
630
432
507
414
568
794
542
327
904
496
358
314
455
672
332
151
176
932
414
784
911
868
31
496
190
701
330
574
538
252
614
91
414
242
534
105
664
791
494
314
760
779
394
517
815
330
607
609
433
887
336
305
287
400
442
579
866
892
209
424
798
967
763
106
199
563
258
115
148
923
108
931
607
294
656
696
417
677
939
688
418
520
938
317
988
710
147
956
101
943
772
37
873
583
639
364
853
143
323
762
995
10
151
725
715
116
323
382
213
842
5
511
80
839
441
361
704
975
479
727
256
489
344
674
345
832
13
926
726
358
22
529
885
246
607
497
161
614
112
321
926
86
293
544
432
58
470
959
648
539
436
415
456
493
783
115
642
134
776
214
970
882
645
498
813
198
35
559
740
425
669
905
242
173
802
675
188
108
570
500
60
431
882
21
911
577
687
527
880
352
859
962
934
691
57
373
901
880
364
437
829
342
236
457
494
916
175
265
89
317
427
249
672
815
768
362
742
423
363
479
669
512
653
263
195
743
661
258
822
872
860
744
815
175
149
801
960
53
261
386
368
665
387
58
782
580
751
506
549
511
483
885
165
926
292
683
924
620
946
115
887
703
548
919
998
159
414
996
386
773
204
878
668
891
770
329
724
219
496
262
150
939
920
979
285
416
806
692
731
929
525
150
60
907
589
959
35
81
441
220
896
474
946
926
216
626
989
931
528
913
610
599
246
782
250
173
668
581
640
945
328
23
352
995
258
197
316
718
517
228
929
233
837
243
391
850
854
872
193
726
521
662
652
952
248
795
165
404
243
688
578
245
489
121
530
478
71
371
739
875
608
264
647
350
191
82
805
825
355
532
880
377
991
915
750
558
509
563
598
16
452
337
465
161
180
648
151
532
577
754
202
602
358
426
338
331
653
742
246
733
73
120
103
826
299
382
462
52
797
903
443
536
479
438
751
550
262
809
891
963
945
991
295
763
263
168
202
560
54
248
813
372
257
593
745
463
736
975
159
906
283
132
215
62
266
1
625
466
12
472
337
514
476
616
874
922
100
237
259
192
250
664
873
959
403
457
141
682
848
495
329
499
597
732
786
412
845
814
266
936
796
611
120
266
541
855
466
185
395
875
908
499
787
251
118
731
110
203
85
310
583
942
533
112
742
308
393
587
322
260
902
999
688
588
11
373
485
640
117
782
668
586
739
818
255
546
792
467
599
50
916
120
398
357
41
870
191
203
428
148
30
159
673
717
115
286
675
322
102
839
591
234
410
273
984
360
717
780
944
147
404
838
30
769
51
3
78
866
235
209
237
588
756
947
767
773
302
380
577
267
851
206
909
741
119
222
226
587
50
429
55
372
264
267
352
721
913
537
589
528
783
958
58
38
383
390
707
999
543
396
719
909
220
684
260
716
26
925
42
630
630
704
734
477
813
117
578
833
365
318
326
185
818
725
138
96
245
254
220
760
547
865
639
845
268
728
969
665
365
83
20
97
800
697
36
381
981
786
223
78
880
699
985
349
76
896
191
900
969
817
550
699
49
270
581
831
996
137
808
296
552
646
949
848
244
272
447
756
464
20
125
310
280
356
110
310
563
965
677
939
532
213
238
788
138
878
348
742
427
867
509
666
933
970
968
71
740
934
638
590
29
827
47
213
751
320
947
44
727
159
485
562
887
263
272
121
378
199
91
677
471
567
810
932
872
128
44
265
39
554
336
416
639
200
929
540
835
884
583
332
105
334
851
112
675
43
749
304
200
309
944
727
140
878
603
943
711
833
821
875
53
135
437
860
956
63
21
11
753
857
614
619
107
706
807
455
584
163
362
502
9
840
152
745
454
284
446
339
906
374
710
784
866
940
924
296
609
141
39
273
690
49
429
994
763
183
137
430
875
950
599
560
550
753
560
927
556
422
416
918
486
700
827
96
51
729
659
178
494
991
464
252
443
196
747
421
518
250
143
416
795
773
196
130
980
901
8
22
245
586
559
968
1
928
537
834
555
522
758
142
659
243
874
578
954
626
128
963
243
856
609
414
570
486
734
158
893
477
754
39
258
886
225
678
102
667
264
215
225
778
276
547
978
939
876
261
267
57
196
229
979
60
725
444
77
812
551
986
385
943
426
570
295
122
223
836
393
219
799
322
24
653
576
592
964
636
269
649
322
901
606
78
104
317
463
1000
880
208
791
871
968
764
91
711
496
622
35
118
941
958
535
833
178
99
808
434
583
555
684
47
852
791
769
565
48
60
263
286
692
78
597
62
630
732
206
325
608
540
307
214
165
262
829
294
470
446
546
979
440
913
115
2
52
275
822
471
911
747
223
770
47
263
495
105
729
888
235
656
975
208
765
966
767
172
314
416
430
340
700
537
533
582
134
524
467
839
756
354
823
715
287
556
180
587
65
30
335
789
126
329
189
554
930
789
159
832
243
201
500
143
793
763
966
574
782
370
600
522
419
466
397
32
489
902
341
660
937
98
80
463
360
839
68
11
997
369
36
937
553
301
596
289
231
213
644
800
801
19
979
262
161
359
829
401
594
113
763
811
797
195
740
903
172
449
642
68
21
457
223
399
111
532
767
652
863
784
660
720
462
927
971
561
260
905
24
637
816
754
615
324
410
661
341
101
541
438
49
796
644
832
362
139
462
387
253
289
963
199
46
100
483
46
364
65
327
809
720
686
272
700
491
87
286
363
673
849
705
420
323
397
276
653
135
68
317
562
652
656
132
646
237
996
806
547
141
463
123
927
534
616
84
906
840
507
100
793
640
260
890
144
693
162
847
539
176
291
483
856
578
265
418
583
244
508
302
721
968
532
740
127
462
378
471
677
405
211
667
272
588
52
945
751
48
899
962
734
530
391
767
208
778
647
548
162
908
995
66
66
370
353
338
925
830
185
873
409
26
44
315
287
530
49
886
985
176
922
296
278
349
980
860
676
279
86
549
488
455
48
353
590
292
674
398
70
628
823
795
808
649
615
95
820
672
207
344
32
420
754
295
801
861
679
507
945
378
872
148
883
167
992
111
381
172
351
758
880
828
504
503
625
698
512
411
736
948
860
333
925
14
461
818
923
361
81
596
535
843
698
952
47
362
341
429
307
558
515
654
860
961
430
869
72
384
771
230
491
889
304
617
548
329
958
289
353
83
191
526
453
933
116
473
384
422
895
579
982
891
791
857
93
476
158
954
845
923
329
466
783
405
412
613
341
533
425
974
156
181
139
776
771
250
548
557
763
813
239
157
193
454
587
110
946
918
705
200
628
291
478
883
103
666
487
146
388
400
239
733
254
604
476
839
321
729
326
518
53
509
774
107
897
556
32
731
347
837
59
6
587
332
234
37
107
217
604
701
836
607
687
51
206
980
806
824
538
188
774
272
354
995
288
54
355
170
322
152
263
3
917
500
569
74
376
177
392
994
325
850
894
711
846
317
869
244
131
412
770
830
129
954
204
843
359
449
130
700
276
226
869
237
386
670
643
736
968
940
435
718
703
505
519
85
0
657
131
716
665
612
434
265
443
351
414
712
832
757
17
327
2
837
964
588
474
918
321
464
935
986
401
846
49
291
869
508
500
619
903
387
656
572
351
966
794
400
71
603
189
114
302
44
514
991
16
945
773
318
274
570
468
127
797
333
927
92
50
394
778
672
770
576
631
658
637
276
503
311
136
208
426
782
595
281
499
184
629
514
262
255
640
184
609
880
493
548
605
188
514
311
85
939
927
669
188
241
286
80
131
729
430
399
928
710
160
40
840
98
212
266
872
644
644
656
618
149
676
486
716
847
209
970
666
171
739
576
323
986
831
466
300
360
542
666
796
685
862
111
893
996
442
309
902
357
621
206
579
898
353
513
456
850
561
38
359
182
699
765
272
445
129
234
66
281
112
587
435
573
40
926
329
265
714
725
853
423
373
529
273
731
653
259
349
42
374
984
924
606
741
130
258
40
814
107
475
352
707
936
104
964
160
0
452
231
311
960
755
1
21
468
561
305
68
988
14
64
664
330
578
212
141
333
529
443
403
29
333
838
930
66
376
678
232
858
26
336
352
970
239
243
989
535
389
609
933
260
971
64
573
188
910
686
723
751
716
863
321
775
600
379
564
492
375
470
76
417
822
768
90
6
91
539
607
925
922
291
352
215
287
83
577
916
650
741
754
606
698
231
970
93
873
4
70
214
956
823
0
517
748
204
625
679
636
696
574
211
830
341
732
132
590
747
774
206
415
507
852
628
787
167
970
967
200
649
892
682
731
535
37
868
311
729
765
973
371
834
73
429
5
304
209
129
5
957
828
478
416
98
743
150
901
758
713
295
915
239
392
382
240
691
294
328
200
501
256
979
321
221
28
648
81
419
6
691
347
4
845
520
126
267
607
751
104
992
391
11
598
239
215
130
106
640
990
543
25
688
455
685
478
825
967
489
321
209
238
336
460
529
39
976
734
894
866
129
292
641
169
744
171
743
601
513
159
747
827
505
748
210
223
357
879
306
362
908
425
1000
810
986
784
488
977
3
979
444
4
243
443
382
13
873
990
756
430
451
504
369
739
848
893
190
759
6
944
426
272
838
598
715
553
204
663
528
823
654
188
299
960
157
367
695
549
947
271
475
675
690
146
318
42
66
200
975
62
75
124
135
728
876
439
97
311
478
540
631
281
247
304
308
216
418
580
910
165
414
147
541
74
146
264
615
471
686
195
545
609
700
678
369
503
873
17
739
515
22
300
81
743
956
263
285
801
729
376
168
291
221
143
57
433
840
998
289
199
636
791
745
566
972
797
227
754
11
537
899
484
963
648
709
132
103
212
912
83
937
576
712
151
424
448
832
647
155
833
111
737
258
360
324
497
140
349
625
7
766
360
145
565
181
190
952
118
38
537
896
105
863
465
878
2
425
400
760
611
450
383
817
85
764
800
923
580
38
571
839
693
985
572
805
832
678
825
452
898
713
763
295
418
384
861
652
19
952
808
777
760
982
209
370
422
165
400
83
258
728
768
881
373
939
903
933
269
98
253
785
60
876
918
431
948
476
727
872
495
838
914
588
364
887
253
579
241
436
32
351
417
681
254
147
887
85
293
921
965
307
127
886
803
876
10
381
75
822
525
517
476
386
165
175
211
445
437
481
148
675
37
407
554
538
375
615
511
252
679
517
118
961
999
75
510
597
518
629
801
672
90
268
796
531
595
925
533
650
131
821
329
120
434
471
850
335
418
744
382
270
622
815
300
735
786
971
746
881
940
72
423
930
268
118
720
911
324
467
379
980
801
754
74
958
824
806
307
659
862
184
287
314
921
420
80
651
31
222
714
747
515
648
749
702
508
501
116
822
837
147
24
966
139
54
684
772
658
849
191
783
727
519
374
484
228
329
472
910
281
88
343
722
959
951
728
537
137
376
748
941
309
923
633
668
386
588
522
200
403
805
466
555
244
163
587
317
585
490
465
343
508
852
196
645
546
147
441
532
363
672
607
631
770
579
367
309
183
298
946
69
205
76
757
125
600
463
980
777
36
103
608
514
136
888
621
401
915
798
268
5
857
137
846
314
354
743
850
91
791
871
85
400
964
167
543
256
246
783
530
269
87
213
154
952
510
54
745
970
644
128
744
565
19
623
5
204
425
905
875
108
844
602
107
529
445
351
396
254
999
375
825
374
879
368
433
35
388
46
46
460
351
84
193
570
500
960
170
898
515
843
722
265
978
947
333
482
644
791
809
48
788
76
79
914
329
326
43
460
118
45
806
899
387
840
984
104
307
236
401
384
95
797
488
391
167
61
349
469
124
443
149
542
653
652
759
744
661
123
832
347
849
168
269
917
790
315
533
520
268
646
95
26
763
886
969
149
766
202
275
671
355
429
932
442
630
67
978
413
989
179
373
899
945
787
929
415
317
730
205
252
172
648
330
366
435
546
226
512
419
765
74
357
554
434
193
693
706
150
902
713
39
839
498
715
922
559
433
902
78
219
886
896
526
308
970
765
577
685
181
57
550
439
303
112
579
122
731
275
511
465
212
949
861
155
950
45
41
938
797
50
796
426
147
424
282
473
448
923
506
971
60
321
291
781
607
617
111
422
183
585
84
738
973
93
436
848
34
352
812
987
18
779
650
816
689
823
945
971
687
612
832
302
950
804
790
879
458
388
737
619
155
77
189
930
285
909
700
890
193
835
992
493
270
590
921
19
19
266
462
219
423
724
104
211
67
236
133
434
194
411
89
675
985
839
207
392
524
418
170
46
764
684
609
375
763
320
738
660
945
445
224
839
590
649
992
651
105
506
137
885
271
405
173
924
939
965
497
706
912
618
450
351
989
555
533
47
617
932
456
297
48
513
741
557
70
49
196
450
434
578
829
961
427
114
640
191
114
605
380
98
660
996
183
422
382
911
653
493
322
843
238
925
17
815
434
42
155
501
199
774
80
527
267
773
973
848
574
645
394
474
618
394
548
485
810
733
227
3
17
360
24
529
303
432
570
850
958
352
111
968
951
105
737
829
699
408
409
376
428
501
888
833
207
52
527
920
265
527
977
764
294
639
62
936
416
121
836
95
215
695
576
448
984
504
329
402
867
164
196
13
577
107
636
457
163
112
399
51
643
239
0
831
464
176
619
878
585
345
85
733
315
139
415
395
449
704
143
59
680
603
299
737
515
536
823
915
182
354
462
253
781
395
150
24
76
270
944
804
294
111
991
782
738
560
836
544
911
858
902
455
147
463
119
648
671
439
870
929
850
459
22
624
59
915
110
774
410
867
580
395
895
88
964
666
277
371
606
275
868
23
96
317
444
801
78
650
861
900
56
754
74
104
98
820
149
170
576
723
163
298
662
809
854
34
97
508
896
664
101
188
52
308
884
342
130
438
70
504
397
189
746
55
109
489
122
889
104
150
4
453
212
389
142
704
300
233
908
734
424
906
201
900
139
960
962
289
442
985
700
374
585
987
416
414
330
324
757
417
485
81
621
328
847
790
735
802
922
305
415
652
815
516
758
676
708
937
502
141
318
733
852
361
645
26
995
443
610
921
644
100
362
248
653
158
107
363
625
540
248
723
256
1000
525
881
659
244
613
592
132
460
784
775
29
42
603
736
293
960
658
746
48
384
442
613
660
137
741
803
784
249
205
130
52
613
238
853
841
70
25
543
204
877
677
77
128
209
575
329
131
960
503
92
570
482
799
19
571
843
553
451
610
294
320
338
421
957
164
238
362
496
273
333
584
801
147
588
762
325
413
714
644
288
355
774
414
293
85
518
425
429
10
68
707
778
175
934
739
428
528
84
288
939
159
787
638
962
392
422
374
969
291
422
338
68
411
577
549
567
260
340
268
355
261
94
498
211
995
839
268
960
95
482
518
377
16
30
641
660
254
973
282
612
711
423
266
607
281
233
880
675
608
744
994
856
891
604
696
702
699
685
381
353
799
312
737
329
366
846
426
52
534
54
365
0
970
662
524
611
129
811
621
576
136
689
511
78
413
594
467
763
868
60
355
577
963
408
574
625
801
797
879
251
833
7
376
780
906
692
378
802
748
955
363
602
209
423
857
831
410
889
44
693
890
306
234
391
532
128
943
995
905
130
859
86
798
473
667
89
720
140
991
44
285
62
671
103
120
851
430
763
836
34
818
862
983
438
413
633
280
336
687
665
985
364
610
904
35
337
409
12
343
792
552
367
740
585
934
85
845
862
218
35
587
310
583
817
647
526
537
245
764
569
151
670
10
421
188
928
824
835
640
793
146
796
431
850
22
992
959
378
59
858
732
10
18
250
763
857
685
487
358
662
908
666
145
590
672
489
152
810
240
492
127
584
409
683
209
244
427
475
64
623
916
757
975
608
842
904
335
810
249
57
852
646
182
780
663
566
696
164
259
571
186
562
680
506
901
450
18
267
654
917
730
814
883
577
295
646
584
214
870
343
274
974
826
488
468
50
237
731
689
17
296
736
965
194
31
57
717
597
299
