779
911
603
884
716
387
849
706
441
983
921
75
76
239
98
443
337
972
296
139
730
775
704
432
523
591
811
572
580
596
139
538
659
39
664
876
1
484
142
763
856
271
688
770
374
823
690
658
215
328
361
751
296
636
907
962
686
479
387
198
590
41
888
760
870
955
398
298
771
16
147
230
697
743
179
197
73
217
110
577
829
966
682
934
619
952
596
403
731
28
483
217
905
981
789
566
740
465
428
430
98
69
776
249
225
863
630
865
437
38
8
513
798
851
109
409
730
826
904
625
904
737
304
316
263
116
761
471
48
414
826
27
774
982
969
100
516
797
989
621
788
169
831
148
163
30
257
76
26
857
142
770
417
60
281
796
845
845
273
886
917
548
183
645
259
504
418
600
703
680
760
26
968
184
914
734
242
795
46
54
469
481
848
865
628
624
482
680
151
161
883
780
244
514
355
45
900
300
629
893
14
755
292
209
572
297
618
262
876
553
660
410
211
189
916
921
280
832
290
999
819
658
617
573
642
361
258
78
987
555
114
132
573
938
37
371
85
278
296
827
20
683
961
752
542
209
518
761
800
389
277
297
886
390
196
843
439
490
226
428
751
722
903
578
724
361
636
485
401
92
747
763
133
561
145
827
427
712
637
768
998
890
818
116
453
893
409
598
550
993
274
200
897
982
263
515
383
542
687
175
896
493
710
253
746
744
438
790
597
566
935
232
463
605
872
260
948
329
819
623
669
991
992
882
614
33
644
744
645
37
603
908
506
309
79
67
648
411
452
487
957
195
310
106
388
467
898
707
129
411
752
761
442
915
135
41
919
569
65
492
277
323
335
356
479
107
443
871
134
931
482
363
704
725
683
179
508
544
803
458
745
685
325
87
447
622
216
713
591
557
205
664
395
699
13
703
368
888
36
168
277
666
625
407
233
995
576
563
277
554
978
719
822
139
160
75
436
962
726
285
487
15
720
377
257
228
695
271
640
570
714
935
574
498
760
628
125
177
141
529
285
922
64
174
343
776
729
427
541
936
966
655
760
48
629
714
990
23
67
471
743
695
565
300
409
515
648
603
62
630
352
661
23
588
586
303
190
99
432
276
312
488
405
594
955
870
716
293
650
304
381
955
816
107
53
25
960
434
704
473
690
743
803
917
171
171
217
885
846
594
871
687
752
5
716
281
897
427
765
625
102
461
440
60
134
717
720
486
746
288
850
880
412
136
861
81
144
550
262
962
711
317
560
610
694
20
167
920
452
929
494
135
68
97
677
76
100
68
763
101
795
594
981
470
112
281
69
519
889
928
516
354
106
384
683
330
90
857
299
909
588
57
811
288
466
66
140
839
352
86
541
66
167
886
988
781
840
151
140
924
83
194
875
150
301
200
766
532
795
593
643
242
747
315
562
52
168
922
760
322
205
473
619
369
663
645
40
845
924
76
155
830
806
370
265
228
918
716
271
617
307
464
658
294
305
884
409
300
120
261
79
6
140
280
846
2
942
808
534
334
776
995
973
948
351
941
605
440
880
15
859
172
672
838
879
843
7
421
324
967
683
264
5
494
991
742
719
435
247
49
613
443
821
874
430
321
463
572
187
133
322
694
370
629
56
613
780
706
701
338
308
884
56
169
131
611
416
674
220
984
280
803
822
177
703
539
819
149
486
695
3
454
487
683
975
901
744
569
918
103
163
732
249
811
140
119
281
664
140
332
899
30
315
71
666
222
408
275
414
601
55
205
779
916
184
546
662
919
479
263
771
825
480
164
308
256
826
978
415
757
125
316
955
170
139
528
41
135
523
189
508
253
488
938
19
375
604
981
775
85
146
245
711
195
444
238
422
921
369
30
93
243
551
870
70
179
52
919
807
958
248
667
377
350
505
617
485
88
555
690
193
240
51
222
7
240
475
565
547
446
82
204
719
628
234
67
511
104
601
544
439
483
521
268
208
664
639
104
554
842
893
486
586
80
520
272
782
433
654
42
844
309
90
146
212
934
529
684
53
601
44
762
455
316
228
59
532
551
750
715
40
13
388
430
239
932
762
156
958
514
375
338
649
247
676
288
793
183
206
1000
618
967
880
882
292
45
554
814
281
946
43
921
860
289
968
563
388
943
796
302
64
713
609
544
409
989
350
116
92
3
478
901
984
238
809
82
485
132
234
212
65
537
441
81
177
159
404
165
330
728
575
809
50
368
148
77
993
654
798
764
660
169
15
272
26
940
801
575
36
536
541
715
780
652
681
117
173
462
957
474
404
477
912
171
846
39
310
564
4
559
530
337
258
583
774
811
633
237
281
487
161
347
530
480
437
337
349
259
852
989
426
869
706
812
963
245
970
840
502
614
308
306
109
704
137
520
16
232
498
372
629
588
432
726
582
184
174
641
702
161
717
260
584
477
433
530
316
644
646
547
380
483
483
830
562
232
778
930
808
888
551
90
609
296
134
157
130
35
990
122
327
358
44
389
344
289
444
197
967
721
291
643
519
208
387
244
52
983
517
670
377
593
585
373
69
814
756
585
357
530
493
782
208
478
734
32
695
641
351
79
498
417
647
708
625
571
983
209
22
739
865
539
309
87
37
618
469
174
832
698
995
655
261
682
241
653
111
2
511
588
337
328
396
516
815
805
828
523
302
765
508
943
690
14
210
395
676
112
903
807
153
802
35
956
758
560
573
835
786
172
168
986
919
568
666
995
891
391
591
67
942
946
342
688
450
121
196
943
764
12
116
404
49
820
581
440
937
843
66
869
621
9
868
151
747
970
11
418
485
444
933
455
321
967
862
803
266
766
696
496
385
458
853
502
727
254
23
372
684
864
826
200
341
463
933
116
424
125
424
111
478
924
776
238
951
77
532
296
8
809
682
395
715
942
933
566
751
918
802
996
6
264
128
205
944
613
452
426
841
567
670
439
384
944
392
973
335
645
363
963
776
832
117
724
343
276
135
139
655
679
996
505
367
170
532
275
219
391
127
196
892
185
398
748
126
591
469
718
544
145
788
16
412
911
288
38
466
894
880
813
721
553
238
339
850
284
153
695
851
329
971
335
579
530
550
293
733
685
515
336
577
771
499
101
467
108
286
440
853
371
186
733
771
558
991
967
210
360
823
988
390
127
396
95
954
159
695
732
953
327
158
87
917
735
437
265
195
142
33
359
772
905
526
168
524
198
602
242
77
671
244
698
302
634
980
82
393
709
999
994
907
655
409
936
914
7
879
177
552
336
448
499
358
942
231
670
53
536
293
193
55
338
285
785
973
226
896
170
954
927
483
209
87
786
224
577
759
175
466
739
516
348
550
195
882
693
315
633
921
430
897
453
550
828
230
353
733
192
245
526
374
286
43
234
314
15
141
376
144
795
285
173
223
845
0
974
568
922
281
731
697
127
718
683
329
231
865
961
73
877
441
527
455
376
458
164
860
2
196
829
200
422
4
888
802
313
633
866
571
433
354
371
545
848
102
80
231
720
753
358
925
791
517
284
64
20
489
214
364
446
346
150
656
567
784
664
602
562
139
961
388
616
81
317
472
1
31
996
322
52
467
38
1
30
921
472
163
670
669
692
512
906
634
808
918
953
865
260
886
135
590
84
447
11
604
699
87
606
98
44
472
173
898
176
317
4
610
77
908
397
318
893
718
380
744
243
736
863
612
665
299
395
398
487
936
434
463
264
269
387
628
348
848
940
709
194
609
941
38
322
973
994
532
21
477
875
122
729
314
864
24
30
23
639
206
794
33
766
426
452
560
389
775
697
161
99
55
314
597
102
736
230
117
321
907
653
633
549
358
442
73
814
595
467
354
959
736
479
1000
125
708
634
319
725
702
564
466
592
848
12
930
959
522
321
313
68
566
534
892
773
502
2
679
191
385
915
725
912
166
127
65
515
77
11
987
522
298
22
973
948
974
128
35
987
163
400
850
54
909
62
813
470
518
990
874
657
195
60
21
381
537
520
907
3
801
477
299
975
768
938
733
767
734
395
893
471
36
34
812
650
0
794
407
219
56
616
207
58
394
470
461
761
368
537
60
300
985
425
766
319
732
615
684
561
840
75
207
176
3
367
914
698
46
954
13
405
291
760
733
614
818
80
564
456
147
303
802
80
411
150
869
343
130
881
605
255
234
364
703
398
548
148
740
615
34
476
270
608
912
727
746
793
554
139
384
678
953
784
789
716
556
945
756
6
767
3
118
219
170
104
977
854
153
426
320
206
149
431
505
243
530
423
269
969
676
954
71
91
126
166
187
780
221
340
524
785
67
941
499
496
822
686
15
366
282
426
425
120
552
908
954
811
134
162
208
350
359
876
543
839
919
316
785
562
394
282
258
373
632
268
643
667
168
559
826
774
32
505
293
359
799
129
756
526
465
777
74
777
568
931
171
133
294
896
208
152
511
993
443
495
93
768
464
738
287
156
614
919
951
383
342
282
796
81
335
73
888
750
998
459
792
274
255
208
264
516
650
536
886
286
48
379
929
504
927
261
808
388
945
682
951
365
995
626
157
51
67
870
986
424
425
101
244
618
882
11
996
602
16
305
228
154
490
984
244
140
683
798
205
545
281
966
903
692
909
185
638
460
453
952
584
635
573
348
604
284
68
720
71
35
822
630
784
841
912
724
995
172
481
32
698
216
589
171
36
26
618
75
744
101
195
56
651
227
806
897
992
102
998
216
291
613
852
552
84
630
384
714
931
545
922
991
52
456
342
601
866
923
246
675
290
110
287
271
575
826
662
656
477
186
232
819
9
906
94
967
64
872
718
151
733
596
45
79
159
457
783
560
348
365
732
223
395
179
165
488
468
376
282
143
567
472
545
173
58
422
755
978
805
399
839
956
88
961
504
120
901
512
653
554
24
827
822
767
792
620
826
290
111
77
281
942
73
30
79
340
392
957
672
39
573
442
930
212
790
918
911
531
578
814
367
204
137
364
748
556
252
225
836
897
748
383
552
65
647
654
523
761
215
349
103
981
240
120
508
689
813
582
422
687
249
812
637
942
343
342
842
39
281
297
309
663
518
525
245
612
538
486
10
545
227
593
597
982
354
994
732
719
440
604
871
19
965
291
926
625
693
278
988
922
877
425
771
157
4
831
842
435
902
799
638
951
71
10
779
822
892
205
344
909
679
459
497
70
834
660
387
557
744
469
967
374
12
185
35
765
478
405
708
489
719
476
528
583
790
576
827
103
630
526
824
572
953
774
691
404
700
163
763
586
67
257
176
681
895
143
709
666
550
596
613
90
880
46
200
677
996
875
683
521
153
519
919
991
371
372
211
195
589
877
103
863
571
725
50
509
599
651
640
866
872
690
852
296
699
280
222
261
534
468
952
10
842
925
668
446
145
535
961
806
742
514
860
272
407
599
894
754
135
927
363
626
845
83
247
931
377
761
53
680
777
549
647
443
514
542
875
138
382
185
81
982
438
284
643
119
637
486
932
706
530
319
38
726
477
607
17
961
827
844
811
681
716
442
623
108
39
415
409
804
481
980
711
255
163
56
781
616
108
882
73
268
459
237
375
839
871
218
555
223
16
372
682
793
832
834
753
78
491
256
700
95
885
950
633
368
271
384
313
866
579
295
60
913
793
276
383
792
331
763
528
685
238
589
738
372
189
776
438
93
935
299
326
8
784
548
99
655
451
628
801
501
753
766
520
656
13
770
914
732
459
710
103
627
439
219
542
33
135
867
301
442
740
100
32
979
251
527
193
363
500
623
416
50
300
16
975
962
791
741
710
426
329
704
698
315
826
933
957
756
519
776
379
146
287
209
373
940
591
734
671
865
535
915
724
157
445
130
777
662
961
758
214
827
484
280
444
877
530
794
860
803
945
939
963
986
841
705
258
643
156
825
229
31
768
628
484
736
106
183
41
711
684
584
954
828
344
311
140
240
371
808
728
420
686
123
457
201
132
135
534
520
20
355
30
980
270
545
829
998
929
714
444
836
243
388
354
749
759
446
108
120
154
707
131
940
232
242
644
280
144
531
435
121
741
959
24
867
119
824
182
84
868
164
682
986
338
873
465
926
903
794
760
679
629
790
278
418
907
417
488
742
67
359
436
628
258
171
736
698
15
406
786
854
801
499
177
38
701
680
413
560
138
322
259
122
323
378
516
266
260
803
623
441
367
509
172
878
668
822
868
549
974
56
340
23
97
38
28
643
577
131
90
553
219
787
113
318
587
785
551
454
906
631
364
223
5
877
461
900
306
875
44
144
391
928
860
787
639
105
879
452
517
1000
837
242
323
37
65
51
174
966
308
433
115
466
245
290
869
884
10
944
358
481
449
887
672
890
334
510
561
771
523
103
764
272
843
951
22
339
513
938
395
731
457
524
943
272
585
300
303
72
317
810
687
703
927
146
994
326
795
999
861
432
526
766
857
231
959
198
801
835
148
115
87
235
525
613
363
782
598
914
81
457
446
904
207
70
809
379
682
384
895
571
487
10
683
555
289
150
58
857
416
635
641
177
214
94
172
792
400
534
588
612
447
710
4
986
366
445
12
415
927
210
0
190
901
591
535
538
485
86
964
105
99
351
690
820
349
424
393
274
804
921
300
822
765
609
288
138
827
629
595
393
92
151
766
514
17
297
842
434
31
765
120
572
25
718
779
472
267
939
749
287
294
378
922
306
764
323
859
377
481
260
240
110
947
432
177
398
951
433
626
413
894
786
127
558
606
580
969
165
459
909
915
738
52
572
870
696
298
76
200
869
436
10
837
70
200
838
685
829
516
66
987
493
802
386
53
795
910
518
851
912
961
766
28
459
586
126
382
907
979
88
278
810
411
941
266
985
978
891
83
750
426
96
466
277
733
571
320
342
472
986
305
758
285
342
898
417
157
860
838
669
75
980
924
165
496
757
38
42
81
427
268
438
4
754
265
624
225
356
850
843
454
934
128
386
641
676
790
864
52
869
908
865
284
2
817
369
517
26
520
519
324
987
389
469
574
781
845
350
552
634
399
55
945
209
567
805
316
621
61
543
432
637
303
812
674
174
241
409
926
438
583
697
174
491
67
511
658
102
594
195
811
57
111
964
239
920
105
991
40
739
116
643
934
1
924
406
103
279
636
195
163
251
864
535
432
707
185
510
922
604
482
524
789
745
952
668
893
224
51
743
463
28
358
883
85
433
741
651
535
579
837
321
544
453
820
405
875
247
435
712
133
498
121
706
860
280
695
863
421
531
25
141
352
652
641
112
73
184
263
44
817
865
304
706
723
188
967
791
239
952
633
130
791
506
569
39
358
15
689
442
95
108
246
577
657
429
240
824
677
590
496
745
593
738
804
209
742
412
63
217
256
724
16
389
900
190
719
857
115
762
625
464
362
678
616
718
75
816
325
482
764
792
325
59
499
526
20
616
183
191
175
32
326
685
717
963
586
17
884
818
793
466
414
288
258
328
779
153
445
928
532
67
835
788
333
471
582
783
788
248
277
119
84
435
342
265
998
39
364
277
498
380
173
109
553
900
204
855
570
767
504
806
335
679
116
843
45
598
663
630
734
626
662
169
251
43
737
902
59
440
850
704
943
156
734
585
751
783
372
16
495
540
962
2
572
544
72
639
599
688
88
317
942
172
904
521
434
281
479
701
514
593
618
352
563
114
908
301
695
474
24
981
734
709
57
316
937
391
937
515
392
364
843
498
273
811
671
678
891
546
498
27
732
265
712
901
314
612
720
795
370
69
601
773
648
70
354
747
323
355
346
754
791
420
302
668
314
450
272
666
877
946
732
974
336
127
686
38
608
808
137
646
143
815
207
763
31
982
801
334
868
816
493
88
180
477
721
61
996
132
536
396
28
342
101
204
971
908
331
92
565
160
836
672
930
504
845
910
915
818
686
45
522
695
290
827
248
513
499
199
727
32
362
113
231
943
464
303
713
766
322
944
401
202
10
599
902
501
770
744
701
322
165
577
797
415
234
113
643
61
929
315
684
403
767
31
574
484
620
270
556
259
929
371
910
691
948
729
998
289
521
60
706
271
348
951
844
296
982
952
576
30
148
419
83
423
578
839
664
713
247
902
300
638
20
447
392
665
75
592
861
660
599
521
845
103
110
916
638
758
56
797
154
834
800
518
398
864
366
404
302
151
895
913
298
280
27
741
317
342
884
93
571
132
698
454
848
650
757
476
523
957
388
878
981
151
952
979
373
278
452
108
768
656
1000
620
993
400
68
316
177
464
898
594
196
121
111
876
678
849
175
471
741
884
857
348
935
819
89
130
147
553
908
407
377
15
113
3
468
904
47
969
669
796
961
790
964
81
412
705
729
32
72
870
390
8
735
690
630
190
525
728
141
657
737
960
572
608
494
830
868
459
663
357
845
958
257
512
490
67
781
366
648
691
202
221
923
13
880
984
400
199
726
442
40
593
321
661
933
268
547
323
169
354
971
975
20
436
232
354
387
384
642
319
549
445
901
135
250
797
171
457
750
123
657
946
642
524
381
57
945
169
206
984
757
604
231
364
435
741
480
614
985
665
424
846
31
933
898
341
638
871
37
509
580
68
635
485
609
56
148
205
29
674
584
551
116
401
407
269
468
447
286
25
938
844
226
982
654
574
610
173
924
897
930
966
15
765
876
313
928
975
879
385
839
570
956
468
91
508
305
630
122
519
252
562
896
986
349
235
475
390
519
123
110
146
927
139
283
393
576
815
594
479
279
311
248
518
347
305
605
234
703
423
557
523
607
813
621
188
212
353
241
520
121
517
845
853
386
908
92
698
115
34
819
961
720
771
682
406
700
677
194
283
447
311
174
384
623
55
775
85
705
881
267
634
952
547
86
843
557
253
131
288
53
509
939
438
845
627
341
1
963
185
163
110
341
150
697
160
451
953
444
485
575
970
463
442
427
505
464
570
733
516
267
892
771
397
370
281
431
483
951
848
23
615
930
784
867
444
458
895
826
144
710
939
401
875
779
517
836
25
766
914
746
110
848
20
140
584
598
989
774
525
830
943
502
294
589
236
133
331
17
458
442
582
455
847
937
639
690
687
881
83
883
317
485
425
59
721
117
748
288
312
912
977
821
801
457
579
8
522
333
247
866
302
170
710
628
161
92
88
161
809
905
640
457
821
931
829
61
38
947
289
215
187
497
60
997
753
527
480
308
987
457
964
457
431
103
896
271
921
208
1000
842
611
669
565
253
785
507
1
534
48
25
659
138
549
540
369
519
492
128
194
251
849
304
723
133
66
363
484
718
170
819
704
15
685
978
912
207
639
182
675
364
195
448
482
490
799
79
894
281
425
710
838
96
930
966
323
529
128
231
785
144
907
289
545
738
692
436
995
159
516
769
879
123
370
39
962
379
10
284
28
563
608
121
278
643
585
594
667
547
739
417
886
871
422
22
377
423
934
325
753
385
489
762
580
391
440
178
793
911
486
659
5
377
201
231
761
586
199
441
214
545
817
32
349
379
944
85
8
541
246
492
663
141
778
480
856
368
119
707
232
835
309
22
148
743
860
576
789
53
204
184
902
641
664
589
498
164
628
4
491
287
217
590
143
270
485
264
88
528
698
970
847
161
111
919
6
903
866
5
695
887
321
974
560
613
452
9
133
209
249
693
187
712
14
638
399
485
685
941
298
842
632
519
461
476
799
394
727
166
481
445
399
647
36
891
637
654
4
838
686
432
459
379
590
670
301
1000
113
662
520
345
968
761
26
973
826
454
818
752
552
92
822
740
674
378
605
346
860
665
521
581
176
465
744
870
712
275
951
959
117
701
94
263
614
451
222
733
17
942
750
445
673
816
215
938
561
370
534
912
131
629
425
706
681
689
598
536
623
207
917
545
159
7
5
314
611
381
798
737
626
548
981
321
414
940
483
753
935
957
880
614
252
343
245
619
448
226
290
289
445
515
512
130
768
636
315
203
231
408
169
600
333
594
331
316
810
835
210
105
804
594
226
271
809
386
903
170
502
126
37
514
726
456
746
569
964
88
932
374
618
688
578
979
664
260
211
607
34
545
100
637
737
565
119
58
129
195
497
182
197
387
773
424
87
862
909
190
522
348
461
573
270
9
688
944
997
647
943
133
793
136
511
583
158
116
332
149
883
206
982
558
299
474
327
706
731
387
870
96
453
779
752
478
899
546
616
545
973
633
843
993
684
294
41
940
366
461
498
185
306
535
512
940
606
22
761
510
559
795
288
641
576
573
525
599
191
187
547
914
995
587
837
262
887
483
58
155
776
889
454
310
715
824
222
206
779
831
105
588
533
796
492
985
890
20
315
808
252
406
727
647
47
317
883
217
581
768
349
698
370
416
741
410
171
457
105
856
32
890
448
24
536
138
614
686
162
968
277
693
421
124
500
160
713
59
327
555
901
136
856
908
896
731
647
448
764
220
699
380
405
943
55
959
751
468
1
913
746
184
857
663
558
283
951
593
261
45
68
743
409
54
270
867
767
819
483
91
276
183
781
820
42
261
900
380
132
431
482
182
940
783
222
320
698
304
11
305
631
452
63
169
238
166
493
89
907
14
470
444
927
847
830
782
221
748
813
664
124
584
4
256
866
684
992
342
696
95
898
563
860
777
419
950
166
764
599
490
369
993
548
513
387
719
410
996
918
207
646
224
401
130
370
876
102
343
391
433
931
766
660
979
947
856
795
161
123
848
153
113
736
476
184
647
33
924
605
658
844
279
743
807
449
94
166
794
367
628
84
432
695
437
365
21
891
391
479
972
386
918
273
310
711
17
322
398
717
319
320
467
564
57
295
117
87
899
567
22
970
147
810
858
283
364
62
314
268
390
686
317
852
663
947
145
541
354
448
941
650
799
62
376
225
234
648
321
883
268
259
70
792
35
67
53
227
504
349
412
514
132
572
304
34
796
261
143
443
522
710
722
298
78
308
782
447
172
703
100
201
943
343
79
750
463
581
527
316
11
852
10
955
9
359
525
534
187
729
407
424
672
235
382
242
140
510
515
725
627
416
804
848
225
819
315
345
92
70
221
507
297
794
873
630
473
695
725
875
28
634
676
649
408
510
287
883
902
815
989
650
657
512
401
775
203
338
696
161
946
134
593
57
567
399
781
81
614
475
979
817
394
464
445
82
672
840
307
191
757
688
730
430
846
548
46
59
722
592
226
10
921
654
154
438
47
454
128
133
591
803
973
357
815
850
348
50
424
173
334
597
573
413
153
809
758
463
429
694
152
555
278
223
80
201
691
566
490
723
379
713
990
73
256
277
824
842
871
703
436
892
126
262
9
920
572
835
125
705
556
707
801
69
932
697
568
445
668
189
146
671
487
253
294
702
586
959
827
770
259
510
410
369
526
342
184
386
456
379
640
404
713
301
77
387
449
583
78
843
979
686
534
125
991
57
551
353
681
757
745
22
864
166
600
798
228
822
499
447
97
908
675
378
967
514
674
494
202
586
237
172
979
203
826
952
521
68
182
979
514
936
394
134
867
539
557
651
51
996
96
18
530
805
277
384
411
939
908
668
834
805
773
627
726
165
130
645
928
838
957
555
668
604
143
600
528
302
740
926
299
137
317
920
594
907
806
347
43
519
332
738
970
822
579
713
118
588
437
600
410
871
767
550
332
271
692
578
492
434
357
685
601
427
971
69
457
203
701
965
863
827
598
931
750
726
826
101
430
260
413
396
800
886
218
898
45
697
178
56
292
722
799
51
726
843
837
80
439
440
256
954
956
282
461
372
277
679
132
588
813
978
843
787
870
872
939
233
48
817
208
868
889
935
490
608
529
3
351
817
555
74
476
524
514
19
773
591
313
448
709
857
762
56
600
234
227
777
560
814
998
360
236
590
330
832
737
182
723
292
674
531
924
377
181
16
359
895
346
698
446
228
158
78
288
893
426
928
494
239
335
642
457
177
862
632
215
277
22
330
570
921
839
593
180
407
723
673
748
722
580
812
124
577
868
740
171
929
537
470
378
790
615
227
823
157
314
637
63
864
977
894
854
599
476
305
252
468
265
406
258
86
719
169
417
439
891
224
241
138
50
320
841
740
321
350
693
785
294
619
808
987
674
180
473
266
27
246
487
893
214
285
963
421
440
627
71
299
403
460
230
205
300
134
50
156
153
546
523
248
53
351
167
372
23
936
845
865
815
830
193
669
60
200
479
797
600
57
408
927
553
321
560
450
898
129
468
709
341
525
132
16
492
554
483
738
454
871
86
897
221
656
828
342
316
476
266
688
371
253
23
409
911
764
337
938
52
664
72
185
573
665
696
673
91
96
190
463
794
788
255
824
52
6
323
728
277
770
632
113
704
100
36
426
300
9
559
342
554
566
171
721
141
255
420
716
583
510
148
300
986
847
757
872
129
432
966
612
771
551
836
818
154
872
779
742
701
798
101
288
449
391
740
550
14
828
302
178
519
663
745
980
673
620
101
249
706
466
897
712
877
119
194
126
693
929
510
269
647
762
283
404
365
87
876
464
405
425
940
7
105
647
279
150
787
538
910
690
552
604
209
598
604
983
286
717
521
780
402
560
933
292
960
334
564
709
978
941
941
676
362
608
277
606
727
233
623
308
227
631
147
112
14
310
262
275
303
145
571
921
343
290
496
722
971
466
400
519
835
306
636
368
988
249
330
221
324
594
876
754
117
198
563
50
542
409
331
483
404
24
941
368
37
256
939
993
133
653
892
405
142
488
566
824
126
325
395
585
900
584
193
819
393
288
258
649
920
441
270
315
707
538
430
545
450
865
524
80
698
325
969
896
762
314
776
143
674
205
10
527
339
198
846
436
994
0
981
752
993
23
614
543
598
138
733
120
395
21
802
940
656
567
936
150
678
321
176
247
756
536
197
654
862
672
777
393
339
990
440
770
273
961
223
591
470
232
44
775
860
566
393
145
314
138
614
779
968
40
665
131
824
639
344
417
926
136
275
289
179
919
888
322
699
298
362
483
312
29
134
534
929
672
349
79
330
140
197
132
265
308
814
664
521
56
6
784
15
600
552
993
733
458
775
874
301
193
324
651
162
626
469
621
620
710
581
647
992
333
420
895
941
739
111
351
549
290
811
248
166
187
241
139
149
92
296
127
975
842
364
115
823
58
171
952
411
308
987
561
565
716
20
683
508
526
14
17
972
442
121
809
261
193
846
555
646
482
291
109
782
698
684
331
775
522
670
738
8
838
637
928
339
158
321
833
561
687
971
743
48
484
276
617
911
54
716
485
27
216
557
599
889
642
45
386
907
243
892
979
494
840
550
680
968
274
62
639
601
59
58
683
467
259
859
505
756
457
892
698
548
34
619
279
150
64
293
335
368
171
29
955
441
252
481
656
0
415
408
451
586
528
893
667
653
595
918
717
568
96
562
458
146
627
41
551
107
639
698
457
446
94
885
930
89
518
404
407
488
67
121
864
964
568
629
228
13
861
269
904
426
300
523
68
266
312
241
129
240
406
249
218
141
290
119
348
52
708
730
530
23
358
265
889
497
672
155
345
265
165
748
228
962
910
229
424
503
867
199
38
183
364
97
34
520
74
246
615
820
700
151
400
585
949
601
340
375
221
454
820
594
304
73
880
998
336
486
608
636
676
78
622
864
804
43
651
763
699
742
838
815
171
199
153
954
215
492
672
619
210
673
357
627
740
407
784
177
257
544
194
111
207
615
422
85
800
106
146
106
171
227
10
96
603
31
767
236
13
459
685
537
240
678
77
530
274
455
197
283
824
349
511
565
998
309
175
611
8
891
994
938
494
768
113
26
192
452
819
81
211
857
470
353
506
203
567
461
198
407
358
454
318
422
157
779
721
812
719
365
387
704
980
131
696
375
595
700
628
786
994
533
779
38
290
234
775
669
231
569
958
308
601
915
526
377
558
544
530
206
432
129
932
683
660
803
162
676
459
585
175
486
220
108
726
404
932
324
802
21
233
794
58
132
483
484
287
299
299
100
574
111
351
250
984
733
997
338
333
600
154
749
44
443
963
923
69
797
723
454
345
556
967
889
316
512
994
417
794
944
638
761
678
917
541
861
39
930
166
988
629
929
934
329
915
512
878
194
224
607
848
398
582
920
604
789
908
403
571
697
498
526
593
47
392
687
889
343
744
561
914
132
451
585
982
170
869
916
206
553
149
964
815
715
452
748
886
972
93
594
344
361
349
196
855
144
164
793
745
339
101
450
61
466
313
456
505
259
106
314
303
244
242
722
271
725
283
824
462
900
385
279
410
71
30
989
575
359
811
479
144
16
516
552
342
223
833
477
871
53
892
578
420
890
594
549
823
177
89
147
22
352
168
668
389
285
968
803
653
385
763
645
651
312
117
187
117
586
611
569
324
293
457
58
818
901
288
1000
239
385
7
301
912
983
84
618
349
666
175
515
681
1
614
390
132
516
288
655
945
354
196
522
961
526
782
888
706
95
826
157
183
13
843
518
784
932
230
225
139
642
45
916
84
962
739
41
275
766
353
222
773
823
732
530
603
993
841
812
858
869
331
55
212
803
695
202
108
900
446
80
508
445
500
536
275
886
212
411
656
389
662
475
411
532
999
156
419
560
688
49
277
670
943
596
516
975
737
664
264
286
441
995
672
296
209
533
430
587
657
948
360
998
551
814
298
72
590
247
1000
783
594
615
794
750
233
404
369
934
225
215
714
564
810
390
116
383
660
838
545
945
611
547
3
817
145
731
426
718
269
363
33
446
350
618
196
734
490
282
460
997
670
991
358
168
724
970
693
608
879
9
173
446
155
704
717
901
912
318
986
931
98
615
498
664
916
301
360
31
748
438
854
94
534
268
178
154
906
239
669
934
993
230
825
575
673
336
427
828
569
967
144
777
658
141
108
414
170
664
316
55
299
707
846
90
622
508
49
844
227
31
317
563
686
183
291
938
487
836
596
648
45
50
980
326
627
912
679
64
361
320
646
207
870
202
119
252
631
66
479
261
55
476
145
302
542
734
983
104
67
419
116
467
652
580
414
329
76
763
220
137
624
988
345
95
833
115
971
250
346
785
410
514
377
233
396
349
216
253
266
314
127
273
15
299
799
699
346
254
251
648
794
920
190
118
529
83
0
749
981
839
893
622
170
636
734
481
777
115
863
735
609
861
567
794
191
49
89
645
114
217
706
332
759
265
941
484
779
397
801
955
820
820
195
296
868
753
921
688
855
564
90
919
483
278
62
876
95
974
294
550
204
597
959
463
176
527
39
374
518
432
23
589
798
420
37
704
6
503
570
289
465
435
314
301
101
106
210
257
333
281
92
858
956
278
710
197
845
238
48
647
406
746
246
956
180
847
514
336
23
847
266
301
484
272
171
451
250
10
528
246
291
912
885
949
767
594
743
982
4
203
951
49
684
654
2
841
686
669
668
669
356
359
313
138
700
135
884
783
133
957
449
961
264
344
963
503
888
191
897
837
198
553
43
805
877
828
630
570
44
546
843
341
374
372
954
908
644
615
800
687
667
983
914
903
45
264
138
941
996
981
330
921
911
121
690
191
387
539
70
868
133
818
993
963
297
175
968
817
654
70
444
118
608
765
171
242
858
353
427
842
495
563
790
336
940
806
987
487
868
802
769
827
622
422
195
506
871
16
297
965
395
906
989
60
576
514
205
762
612
458
561
11
31
911
720
701
38
263
922
681
462
57
616
798
675
307
400
806
551
307
387
355
404
95
276
237
893
415
684
559
149
374
487
80
469
322
478
905
883
273
619
215
719
684
55
700
813
365
300
535
551
702
22
354
842
577
641
370
275
536
970
623
935
267
156
835
869
326
634
354
13
83
66
585
802
975
713
231
126
887
920
155
775
59
821
474
829
947
538
454
361
228
423
986
342
58
316
924
662
21
847
720
76
401
383
93
321
73
602
558
822
435
852
43
94
490
184
751
532
899
884
11
873
476
27
542
159
852
926
36
556
50
563
609
705
933
362
387
755
13
579
209
675
501
495
26
938
355
827
231
8
688
931
147
915
54
103
858
438
241
213
982
157
704
313
693
680
43
85
241
501
175
559
283
746
610
487
276
5
663
162
851
416
539
840
847
698
961
304
186
480
691
311
313
59
442
378
653
545
327
667
553
230
593
586
750
421
719
646
1000
156
689
837
644
45
289
764
736
813
988
186
945
147
83
116
650
99
83
663
17
892
360
761
272
577
341
780
770
419
468
403
342
17
687
486
91
733
825
20
151
173
296
932
680
757
438
265
117
356
715
395
705
307
634
629
678
649
174
799
429
367
446
878
842
656
275
339
590
984
135
908
32
147
444
730
272
217
238
359
39
665
417
102
822
698
86
869
45
76
359
71
896
926
702
889
487
248
871
904
682
469
22
527
141
629
398
625
978
802
815
827
457
515
234
142
0
969
25
314
698
620
488
83
192
552
909
479
952
911
783
368
156
427
746
857
51
285
870
131
507
244
448
916
61
585
757
260
121
404
121
571
122
303
885
334
265
927
176
600
301
223
203
53
325
683
1
334
930
834
782
335
474
528
371
277
606
592
168
678
947
427
125
57
557
954
788
27
271
6
226
115
673
747
947
593
917
344
676
234
242
545
285
60
508
217
29
798
208
980
167
108
508
32
775
782
995
254
743
917
356
718
447
79
271
677
820
43
363
23
71
791
349
697
430
822
264
98
685
366
94
151
433
789
314
601
475
529
894
755
28
420
24
639
279
685
534
808
449
97
441
879
913
352
271
596
50
210
453
470
167
334
805
599
886
10
233
657
595
471
223
308
147
391
775
10
74
33
278
206
12
552
762
569
69
531
534
106
873
30
531
41
637
470
735
295
535
684
673
439
791
797
153
360
904
219
625
598
394
772
226
699
49
428
529
730
801
785
455
815
990
661
96
416
173
337
373
655
955
634
264
23
430
656
579
464
416
732
342
276
71
684
731
201
999
109
908
284
53
925
389
361
108
597
387
512
710
646
44
414
138
105
565
75
578
487
547
366
493
181
405
379
471
42
195
842
922
390
612
59
989
272
148
679
155
436
835
940
438
115
437
617
704
554
486
632
569
971
808
291
157
971
438
228
857
40
807
655
524
179
846
241
346
635
88
814
8
973
419
438
584
813
553
433
761
651
708
787
571
343
862
830
743
484
317
754
484
753
604
673
665
116
769
401
276
674
514
993
214
883
345
764
124
163
55
51
849
148
896
672
238
370
577
378
699
6
690
966
5
434
858
704
19
7
907
9
644
462
364
374
655
319
203
631
895
667
88
829
658
436
389
4
179
212
423
89
498
444
244
663
188
422
204
627
534
945
672
681
198
195
221
255
714
394
722
330
982
156
688
949
971
564
921
120
731
130
310
943
68
891
482
965
998
383
285
738
821
209
678
170
123
172
98
253
303
304
761
184
172
766
262
664
823
494
743
310
830
932
798
458
529
106
374
965
758
817
136
211
419
925
941
945
968
351
259
774
887
360
189
380
800
760
917
332
18
674
636
370
868
682
901
250
759
166
434
229
41
85
312
230
666
510
127
917
450
894
346
328
322
880
483
312
169
688
714
823
51
256
957
29
530
917
515
200
655
237
789
96
739
280
926
400
765
881
954
326
236
796
690
386
477
99
438
141
800
171
362
550
555
332
666
347
314
590
147
918
954
792
604
249
225
323
859
182
467
421
282
273
207
859
600
153
350
86
556
548
952
34
726
995
269
928
677
91
393
157
473
232
891
66
212
957
673
19
163
28
268
629
423
424
57
508
145
86
999
796
806
387
716
34
523
728
503
475
779
540
465
818
344
112
626
73
563
935
99
898
834
989
83
83
359
577
295
769
216
667
658
147
556
312
438
217
75
876
91
278
481
158
412
365
415
877
974
369
669
282
600
59
241
635
562
178
674
205
667
212
251
585
435
576
981
712
315
770
48
585
428
852
112
468
10
312
372
446
190
296
288
964
732
129
47
900
561
715
115
774
750
323
231
599
428
919
435
86
668
918
317
239
757
99
174
759
795
37
861
240
859
383
421
436
844
162
296
281
175
29
38
794
13
495
576
62
59
15
65
311
557
352
133
740
329
345
185
956
796
544
852
404
214
205
284
854
764
174
353
247
400
501
945
196
372
706
11
92
779
26
512
614
95
848
301
829
321
729
321
354
197
373
931
161
124
281
308
407
327
609
292
165
539
870
542
321
546
49
454
529
750
686
450
528
141
669
781
860
207
785
640
787
955
332
586
914
22
45
489
574
181
69
23
346
90
834
617
66
207
817
319
369
131
238
10
716
510
234
929
121
865
745
636
158
945
994
398
403
110
241
781
362
348
144
862
545
307
60
290
36
686
752
919
423
261
556
58
719
471
678
791
856
453
678
849
638
559
682
631
655
709
616
287
425
406
639
341
613
245
349
22
635
318
68
230
177
184
927
452
426
117
954
556
78
633
287
557
920
431
583
856
323
845
890
79
801
436
189
918
518
156
596
49
902
372
412
512
85
207
617
359
42
775
896
976
968
460
646
925
306
532
212
530
547
512
520
277
511
444
430
158
551
982
489
187
769
628
497
930
320
969
622
200
979
101
713
667
298
788
565
170
243
493
861
677
764
613
96
396
962
917
795
657
353
364
58
334
242
402
100
910
144
794
935
422
946
430
322
811
228
443
899
64
332
98
312
376
431
42
499
396
736
682
7
432
66
941
202
749
113
824
736
663
857
302
222
119
91
357
856
744
986
145
846
746
441
28
48
658
123
308
684
670
12
466
375
915
443
514
899
90
681
726
706
427
487
783
530
480
744
457
394
30
836
276
810
944
824
226
437
455
839
656
51
645
580
57
208
538
17
525
318
849
715
486
457
1
13
154
649
833
972
212
614
51
447
764
945
622
920
178
714
941
343
627
979
304
108
429
680
760
144
414
616
227
104
939
849
824
948
503
887
292
239
858
722
92
560
846
961
939
242
355
286
790
769
129
546
884
613
336
173
638
741
223
283
969
430
564
993
817
177
402
644
218
252
768
451
342
423
327
633
650
646
812
691
590
470
168
440
744
762
610
830
164
138
480
792
549
75
438
116
543
21
111
812
882
398
775
520
460
614
594
623
366
503
319
186
261
216
120
375
466
686
698
876
715
809
698
987
992
898
552
907
880
968
232
123
268
361
120
31
19
476
541
581
571
887
98
379
309
368
712
989
770
505
604
247
542
40
764
6
26
412
830
136
838
74
636
35
709
902
230
973
592
640
787
189
357
408
517
182
566
585
3
956
763
959
630
77
242
927
855
300
13
356
934
913
469
879
125
218
674
405
124
444
109
232
515
744
613
967
16
184
851
534
168
986
582
187
189
690
968
223
613
817
195
165
286
670
998
104
748
182
609
48
447
327
955
603
748
387
699
209
98
914
31
73
798
74
57
915
175
285
368
125
29
736
761
46
823
635
788
690
409
979
646
735
690
356
799
352
511
164
614
498
779
142
626
871
332
952
211
172
419
569
773
532
237
420
659
945
898
545
454
697
604
399
983
46
294
249
162
139
717
552
590
607
648
543
368
318
356
443
908
453
908
706
433
354
108
964
146
901
644
777
581
536
742
212
399
68
574
377
226
482
382
633
16
129
736
24
204
50
773
982
310
139
861
470
319
937
967
261
879
494
358
942
95
789
798
775
900
411
637
960
659
60
484
703
498
248
490
193
950
625
59
72
598
138
384
188
147
562
197
341
406
515
867
781
298
358
947
496
901
873
670
537
320
975
653
342
601
316
618
131
183
477
450
163
271
948
61
174
786
527
6
77
736
332
123
393
224
53
531
807
458
367
500
546
423
261
125
292
290
971
710
398
17
682
92
890
222
505
643
661
297
77
197
633
220
866
594
717
415
439
113
654
79
948
202
282
754
780
14
344
598
207
209
978
385
575
254
913
115
302
658
754
121
435
878
986
213
874
641
562
229
765
779
624
33
630
944
78
403
490
543
687
950
300
71
939
911
163
507
724
145
184
60
887
627
172
553
799
945
109
297
853
281
878
26
914
478
535
755
134
319
93
570
861
167
401
376
212
633
461
830
428
339
370
576
912
212
379
172
547
305
816
162
384
701
171
602
311
932
754
605
857
122
498
27
159
225
505
245
994
171
121
411
779
179
320
109
473
138
898
978
252
197
819
457
559
130
242
446
712
231
173
784
898
946
512
746
347
653
865
334
901
748
147
891
328
110
985
481
977
521
819
408
957
916
345
352
405
728
638
272
962
982
481
54
168
371
991
42
748
157
560
708
887
306
975
662
68
681
693
832
226
522
985
833
665
297
23
341
791
2
422
863
109
637
172
964
267
250
279
279
173
841
620
745
150
331
54
535
16
275
594
660
386
733
974
51
479
230
53
228
27
839
550
203
655
314
568
921
399
465
903
891
876
820
973
265
904
417
983
240
280
549
26
320
801
225
233
670
881
787
89
823
280
497
450
960
858
86
120
873
219
762
95
802
845
764
834
354
9
206
809
2
361
956
683
764
994
960
514
189
374
540
256
872
409
417
370
237
114
70
353
931
381
753
816
154
969
570
216
973
490
558
8
907
798
581
314
187
910
295
90
886
803
319
15
11
947
974
331
922
569
854
371
157
830
353
191
54
863
650
341
569
405
528
876
95
675
585
626
840
578
623
870
729
68
619
134
163
764
68
558
559
73
640
41
135
961
868
908
756
851
802
494
627
674
785
79
989
598
210
488
528
99
249
232
729
356
674
13
104
253
777
809
138
773
708
224
788
67
731
699
704
189
327
227
443
51
53
453
199
315
750
746
972
667
96
914
919
877
366
837
823
474
780
315
676
885
699
351
365
16
793
827
613
462
911
737
858
461
817
660
147
576
992
823
817
932
404
398
783
426
203
804
153
887
39
646
190
279
206
624
448
444
797
678
594
52
902
168
221
881
625
310
53
414
53
937
924
172
333
559
239
36
851
251
622
343
889
283
0
939
684
73
39
612
488
951
609
524
725
43
382
341
257
17
869
60
204
551
590
384
59
457
5
944
593
639
900
306
353
350
316
757
35
549
963
576
368
147
866
989
452
926
317
782
888
100
540
93
785
55
163
775
170
365
802
404
414
957
381
526
492
268
271
444
673
716
502
211
30
684
208
380
306
255
377
315
657
991
248
894
115
696
317
638
158
414
761
455
339
890
640
999
678
683
422
349
452
115
312
457
902
621
342
19
165
806
813
837
541
689
811
648
248
719
767
309
4
808
359
693
435
68
446
524
694
582
331
551
233
945
5
95
369
960
561
204
414
740
508
551
586
960
660
66
591
761
245
664
812
147
387
399
214
157
661
522
479
605
53
417
339
182
858
430
261
264
255
541
489
38
316
869
138
235
498
846
287
239
892
9
394
491
562
908
32
316
513
989
811
222
456
820
215
305
584
230
903
158
531
141
991
346
986
10
941
795
55
262
335
348
830
137
594
599
922
5
262
994
673
688
992
745
347
871
0
409
516
477
830
176
787
679
773
917
23
755
205
304
586
382
779
655
791
192
305
816
238
787
62
172
336
431
548
555
150
513
186
678
382
507
866
822
762
626
890
227
854
294
622
479
226
648
817
413
885
550
837
550
452
526
74
597
226
419
701
140
719
282
300
672
880
763
52
249
1000
864
645
862
228
945
537
721
219
188
62
897
623
69
805
132
276
880
129
191
411
514
833
796
306
984
625
529
785
956
273
655
184
25
538
419
268
603
341
988
25
809
712
466
348
108
964
921
623
709
248
707
342
776
526
247
881
672
936
272
76
800
384
924
130
664
21
984
596
778
202
448
213
451
86
872
50
47
490
421
950
565
354
549
334
908
48
474
887
650
196
672
755
41
70
355
799
716
537
944
782
88
681
420
944
230
39
851
519
727
171
122
244
878
709
633
58
269
73
528
647
65
105
13
448
692
543
361
777
549
1000
339
502
980
863
662
698
459
175
461
928
369
857
180
663
681
83
369
975
578
326
117
974
114
369
389
624
634
685
938
830
854
321
3
852
361
781
471
895
490
610
373
865
962
190
631
802
360
495
796
113
960
883
107
850
679
199
826
613
177
92
668
13
401
939
369
714
80
621
353
92
864
45
174
115
786
81
494
441
585
375
758
185
204
333
346
293
810
646
102
957
104
113
56
528
765
95
754
962
394
212
903
694
992
485
362
1000
373
490
680
366
513
556
795
357
325
336
256
961
171
762
226
541
499
677
110
34
454
572
836
216
166
677
344
29
352
643
598
729
233
54
575
26
157
17
281
549
854
678
869
897
918
865
976
438
547
591
564
757
941
732
381
413
451
95
214
139
666
478
496
881
495
282
441
545
791
376
839
760
357
293
289
206
209
468
572
307
295
400
59
18
340
710
20
133
585
87
599
491
35
873
77
299
254
663
855
484
573
308
579
895
538
603
321
407
427
145
385
170
808
3
804
415
891
195
82
448
634
264
148
940
687
751
440
847
517
992
928
745
515
729
869
1
316
145
982
597
432
597
541
556
651
75
717
277
243
577
996
522
354
140
799
509
744
841
665
385
351
217
53
500
690
32
887
956
592
279
503
948
933
525
388
16
851
543
617
350
276
614
599
902
74
680
536
470
625
8
771
929
709
114
436
742
949
583
112
161
626
566
673
758
396
668
269
91
930
263
253
108
583
132
211
178
893
380
269
177
991
568
76
565
527
170
327
345
314
260
747
446
212
70
314
676
706
988
40
703
374
137
948
347
249
168
749
932
822
592
159
177
873
57
257
879
921
281
615
419
956
682
587
234
513
46
607
324
45
758
774
14
276
779
517
159
233
173
362
60
793
382
343
713
218
164
150
863
288
470
366
289
64
760
755
443
399
614
886
115
515
616
945
968
227
769
407
832
70
137
382
4
495
537
188
921
488
159
457
786
967
291
165
547
816
717
396
64
344
940
608
224
866
978
70
189
755
771
423
890
28
417
256
80
39
151
375
687
934
444
510
432
389
839
637
14
752
213
889
373
148
182
662
469
260
434
80
88
195
655
604
844
71
533
983
681
771
494
607
786
402
924
331
124
504
835
355
6
302
729
270
306
892
451
492
169
86
518
863
235
532
692
181
2
110
877
745
747
888
579
976
846
224
28
586
38
486
822
39
59
785
769
794
192
286
998
698
975
693
35
825
904
396
110
691
632
949
268
56
64
632
967
563
820
891
747
43
22
761
164
168
911
968
143
652
733
854
9
306
694
170
593
875
90
69
628
722
519
452
82
101
639
296
596
466
777
175
592
728
451
704
939
924
363
883
113
458
610
793
931
29
177
559
127
430
414
959
130
180
123
487
431
646
185
767
34
671
573
644
517
448
53
969
556
670
88
185
656
590
463
384
746
115
166
375
774
517
488
884
649
820
122
805
899
789
7
867
716
665
177
375
979
600
6
813
644
179
221
680
868
321
417
398
770
520
280
768
213
740
411
505
288
137
609
935
826
576
267
526
51
473
616
939
803
537
935
960
578
870
761
638
865
937
887
560
428
920
638
806
520
91
986
292
955
100
759
959
453
200
155
136
21
352
25
746
227
306
594
560
813
438
705
72
50
858
595
868
436
647
674
49
292
628
260
305
755
301
559
386
207
620
317
696
57
87
867
874
645
519
413
917
769
578
382
116
56
812
536
280
209
54
127
627
900
491
986
162
126
928
197
294
587
430
407
557
864
699
375
63
212
542
706
207
646
232
823
362
976
396
693
973
248
138
876
635
735
128
981
894
67
634
1000
850
80
392
903
458
89
531
243
537
959
88
285
419
977
732
427
667
49
540
646
135
815
570
595
37
936
670
503
710
641
622
643
847
141
3
87
840
151
818
565
97
823
818
699
691
347
890
853
904
359
701
495
638
431
156
690
381
955
493
132
38
153
492
186
516
906
988
537
965
943
56
14
19
605
765
571
486
506
411
185
648
77
167
697
985
552
373
252
362
495
556
480
168
550
101
752
172
232
797
115
789
915
859
132
596
189
570
532
958
431
972
178
517
147
320
756
758
294
795
90
128
908
318
565
75
32
174
548
672
705
136
669
229
258
286
248
849
424
444
671
972
259
119
799
29
721
121
652
227
440
905
765
479
769
108
218
969
170
954
629
191
193
94
254
632
623
420
542
435
235
890
3
924
739
998
581
240
666
895
996
715
877
612
790
463
158
440
825
828
239
750
453
894
911
372
848
611
402
269
217
693
246
747
126
280
451
311
300
899
198
670
704
419
23
141
703
232
272
433
258
564
646
56
170
737
443
783
14
488
125
849
855
12
28
598
161
419
690
120
378
587
265
215
346
140
997
322
420
529
885
174
823
679
345
287
983
41
981
584
412
627
87
298
937
805
56
961
528
753
337
21
573
418
450
126
119
367
164
943
161
734
562
749
268
603
66
255
506
53
44
511
502
756
746
303
826
354
647
189
37
734
644
635
368
535
714
282
356
157
148
378
619
548
932
8
197
466
60
206
345
137
463
872
663
261
708
27
72
160
927
904
319
742
571
943
476
407
412
958
38
339
777
717
344
428
490
475
640
5
747
178
119
457
144
546
452
972
582
901
519
917
958
421
0
340
959
977
539
957
4
511
30
807
704
764
673
189
986
957
541
619
919
629
749
584
445
509
996
449
731
655
829
484
507
335
591
284
99
235
49
762
290
449
981
154
586
761
860
464
475
628
563
377
284
717
220
860
923
541
882
335
453
230
456
865
948
447
456
930
985
199
559
727
851
491
682
961
687
919
352
765
1000
290
785
801
678
966
392
384
975
53
644
1000
803
597
104
678
771
256
784
781
411
318
889
471
641
43
597
550
207
274
784
470
218
618
778
967
372
147
909
522
256
317
775
558
394
198
929
706
126
239
948
442
372
474
498
661
822
135
310
994
422
208
393
364
479
783
972
868
817
509
874
840
440
514
14
762
893
206
811
62
659
764
326
312
821
172
832
673
545
701
149
491
190
516
941
279
629
919
967
105
693
506
440
275
768
855
550
71
359
663
317
755
808
622
725
767
864
629
759
105
694
182
834
764
889
386
634
45
537
309
254
417
30
671
342
444
3
654
20
118
152
627
310
888
912
283
254
432
370
645
836
970
689
910
123
903
570
458
528
587
685
410
341
47
307
496
9
666
561
517
808
485
754
988
338
882
313
16
723
886
796
706
707
245
287
577
564
961
487
141
117
153
673
153
847
533
984
138
379
656
203
163
786
440
781
541
140
816
598
712
542
537
333
347
244
905
947
84
173
164
931
225
542
234
410
635
735
369
526
860
46
333
194
190
789
471
447
223
330
7
515
301
917
513
475
282
919
727
381
380
343
895
339
40
569
892
139
123
684
41
182
190
162
283
116
214
568
275
929
14
135
978
517
1
893
369
183
306
633
369
528
339
458
341
346
668
896
616
35
293
867
622
510
265
935
851
513
811
913
145
813
356
684
263
698
468
136
449
146
752
723
995
220
325
395
374
317
240
933
789
4
904
310
353
312
223
504
464
993
888
238
437
595
96
841
200
877
117
773
993
496
115
680
27
805
134
106
431
181
668
212
176
927
120
10
809
912
692
5
713
956
950
549
509
306
224
698
663
727
50
716
370
771
763
765
276
811
386
376
963
506
421
401
958
688
231
494
511
558
887
830
965
678
190
476
294
926
168
254
163
419
390
242
336
891
125
541
462
985
119
396
703
58
288
572
645
768
865
31
269
419
513
859
557
708
953
156
820
149
288
365
355
84
733
357
226
693
168
638
431
738
507
842
922
914
252
916
424
26
782
847
401
410
179
258
258
910
124
802
702
876
525
556
110
574
775
802
682
823
305
911
785
721
365
173
329
344
311
42
662
633
142
260
32
984
390
597
145
609
817
827
816
206
45
298
618
177
117
543
429
376
291
119
629
798
743
665
457
620
876
316
991
97
578
515
72
529
680
29
105
490
785
440
118
948
23
709
718
209
770
176
779
389
109
663
678
175
602
19
973
372
414
754
110
138
268
491
694
776
970
680
505
17
684
499
634
944
361
904
90
526
214
997
200
108
155
324
269
795
928
487
902
180
580
511
973
732
956
190
316
865
246
598
736
845
458
550
655
234
227
321
83
728
223
76
352
24
457
689
854
224
809
274
40
771
403
513
683
34
560
688
719
304
31
670
896
431
150
882
158
707
261
80
638
524
717
842
559
218
795
897
996
866
31
992
99
742
437
931
898
952
661
191
478
864
924
250
525
492
449
56
865
162
456
367
442
180
699
176
410
414
339
934
249
542
754
557
574
463
270
181
566
630
258
660
737
546
667
101
542
675
620
835
59
34
359
810
172
213
160
192
515
257
568
250
931
872
717
693
515
118
228
143
324
568
517
374
502
683
317
623
86
861
985
70
660
52
588
444
986
249
152
533
600
369
986
433
467
630
967
259
579
954
257
868
40
572
266
946
809
977
664
908
653
756
282
853
487
281
546
926
761
500
899
254
377
956
863
296
661
161
42
330
912
288
960
853
550
624
759
767
925
17
243
744
991
998
316
196
173
47
685
828
321
198
656
721
79
674
754
714
298
574
480
75
996
942
640
670
447
608
879
570
741
65
495
385
44
585
7
909
804
566
343
229
511
720
163
655
130
155
814
973
922
198
980
591
746
979
493
12
409
221
740
8
939
816
43
65
565
255
6
247
631
349
235
993
160
361
54
419
942
561
792
714
234
586
17
774
379
933
387
349
701
747
243
36
144
406
120
282
708
288
989
270
568
542
202
738
902
418
81
576
80
943
594
150
971
600
798
811
624
833
172
436
551
193
576
787
373
491
885
87
259
691
305
851
428
846
478
319
644
670
628
437
122
505
518
661
1000
724
43
718
686
710
775
659
393
681
418
583
532
664
0
212
436
137
78
245
453
788
367
107
724
482
52
247
14
529
425
603
680
599
806
768
562
773
919
38
315
617
967
116
554
587
506
913
877
344
254
486
184
416
664
34
23
75
881
896
664
768
253
710
915
46
922
268
528
501
174
790
463
879
686
991
519
714
868
792
412
942
376
718
993
770
998
214
936
512
573
836
911
569
142
507
490
763
354
313
695
396
730
926
83
24
915
553
264
328
930
717
428
331
103
650
419
462
252
240
911
452
985
852
601
601
901
461
346
585
920
254
922
830
37
316
958
679
167
718
853
591
566
826
685
350
872
288
57
590
877
332
757
995
630
961
353
923
815
595
483
583
395
139
322
52
934
827
181
923
90
35
950
163
420
633
540
837
583
723
733
8
572
436
382
523
962
855
847
278
599
576
606
966
183
384
589
597
35
899
374
702
715
806
564
344
561
594
234
750
606
760
143
895
825
336
892
66
527
250
321
726
674
279
220
13
665
742
48
130
735
4
937
505
511
936
974
898
327
920
817
792
891
434
120
891
688
722
122
326
517
319
126
677
829
835
324
456
178
578
297
512
264
782
37
684
497
152
291
824
780
880
192
659
444
761
367
511
830
550
990
442
916
632
987
15
639
762
875
664
342
53
560
266
437
737
954
532
679
846
924
758
371
73
70
818
679
952
390
286
533
216
618
829
617
39
115
36
758
94
311
490
493
239
488
342
189
257
509
75
651
906
244
903
519
261
613
786
573
936
546
463
482
516
646
331
667
203
519
525
747
747
67
46
871
250
354
508
252
14
383
936
434
852
171
968
751
281
368
201
979
737
94
681
282
624
909
905
503
665
204
823
245
68
569
121
381
973
441
130
296
106
581
823
195
870
247
90
424
534
68
423
371
173
581
872
210
881
367
762
630
219
584
9
598
999
69
84
48
217
431
532
566
330
887
230
661
297
87
919
224
323
110
620
664
30
617
928
240
736
79
150
610
675
14
996
785
710
745
682
577
47
990
239
774
277
189
317
804
553
346
936
347
492
65
285
408
540
644
643
887
663
782
86
225
292
508
366
997
721
429
644
673
242
473
977
567
577
398
550
832
22
149
947
994
312
416
288
663
274
130
112
196
543
961
59
62
409
969
67
448
672
187
616
173
512
903
346
967
510
984
546
677
438
645
644
942
730
374
390
7
972
255
767
935
606
454
181
553
480
674
994
693
814
841
775
92
989
938
597
184
780
2
687
914
97
511
284
490
747
929
973
490
240
267
481
778
863
613
574
724
313
425
653
814
722
322
624
87
304
171
529
154
898
802
793
408
810
361
320
713
54
758
218
195
560
664
885
873
688
105
423
54
766
12
226
275
220
83
166
689
868
716
641
303
898
635
778
528
269
554
262
439
59
874
388
412
148
568
412
481
925
683
801
198
38
899
649
295
247
617
138
509
874
943
508
853
318
918
634
304
762
557
523
644
128
18
726
848
29
431
157
518
650
457
210
153
19
906
66
977
624
786
665
398
75
362
583
150
813
778
491
730
372
144
318
876
166
276
582
139
682
795
538
151
462
502
821
33
53
744
189
821
994
696
570
479
644
27
292
649
93
376
186
256
372
696
472
14
553
178
356
868
61
92
454
628
571
257
386
638
738
39
790
365
552
449
163
574
273
407
884
158
202
754
561
822
138
742
875
39
336
467
319
176
29
739
857
519
97
417
338
946
380
60
750
768
604
292
964
294
344
282
934
370
856
326
640
616
709
394
26
104
391
416
300
861
328
417
10
913
485
182
870
673
134
514
781
355
462
236
529
834
956
594
39
332
226
633
902
961
530
944
210
613
933
831
74
812
261
284
887
540
390
853
87
355
218
528
978
643
921
532
476
172
602
406
530
119
912
921
384
734
567
207
425
249
776
918
628
945
845
523
828
797
735
10
494
285
102
747
146
978
591
370
104
307
275
458
165
38
7
476
517
980
224
443
153
198
105
502
79
908
744
556
251
74
745
976
345
780
173
468
779
122
808
717
489
328
611
525
735
841
462
692
550
45
579
487
710
22
866
10
175
965
282
74
90
311
780
479
256
170
116
956
265
372
69
894
962
56
366
648
471
588
138
846
635
28
932
638
438
86
958
892
528
61
578
187
343
785
675
838
523
156
132
559
462
464
424
189
301
814
765
896
391
368
618
767
859
820
585
807
520
988
966
144
926
117
586
17
715
910
455
59
332
985
936
594
433
610
803
345
877
349
980
117
279
120
396
94
750
688
672
838
800
632
655
941
261
719
971
677
812
928
265
488
946
84
432
982
761
551
382
432
74
991
455
383
249
950
39
583
587
69
919
735
724
478
287
456
998
601
502
577
255
949
808
569
79
16
632
627
561
955
890
149
422
957
887
724
552
135
213
145
821
440
796
462
722
878
148
862
437
880
947
705
571
119
837
270
716
719
87
173
125
968
372
452
820
677
720
230
332
835
1000
616
144
392
947
239
915
415
761
20
643
34
411
916
954
116
967
620
194
221
844
536
765
638
538
181
895
967
609
798
989
214
647
503
38
964
809
582
440
652
103
674
751
966
873
997
990
853
165
56
63
927
17
353
693
362
545
100
629
327
939
914
534
420
645
844
867
773
627
898
648
139
488
163
668
277
201
192
914
725
425
52
771
833
342
295
832
410
675
62
585
756
837
270
269
36
840
710
450
502
246
445
568
333
131
230
269
954
624
758
297
667
759
243
628
861
476
971
363
200
648
663
61
969
813
709
394
439
311
248
795
454
242
818
854
773
151
145
753
523
702
505
439
706
40
966
5
910
519
573
866
461
47
751
223
304
209
290
626
313
14
934
380
760
95
261
16
481
298
737
860
606
16
216
767
276
600
915
990
663
772
6
755
232
579
35
280
398
209
962
29
918
272
685
60
278
158
912
39
892
842
66
770
422
186
984
516
514
335
16
224
381
905
480
505
622
367
608
500
370
765
658
687
632
778
266
961
141
823
960
285
841
307
12
842
346
821
271
721
351
444
110
787
903
16
119
93
435
272
355
57
975
32
797
516
151
890
260
467
86
77
750
153
178
111
861
803
796
877
75
206
858
858
123
530
439
775
391
991
79
160
233
741
932
154
83
665
444
636
425
132
733
822
287
659
889
248
783
786
0
511
196
994
901
553
405
206
474
233
170
162
284
540
477
267
402
13
512
45
87
949
184
322
439
263
745
371
692
347
784
305
789
934
491
537
52
166
797
338
563
627
218
161
872
233
92
863
810
89
312
712
520
649
653
545
186
187
325
203
990
960
247
15
908
15
940
564
721
236
17
172
479
799
152
133
119
675
430
753
559
293
351
359
257
381
375
954
868
593
981
233
187
201
74
198
727
363
488
499
96
56
143
352
609
630
873
441
871
945
747
219
140
895
264
208
745
382
394
982
697
666
627
429
557
584
497
520
341
261
601
566
208
96
757
0
117
352
212
651
344
412
976
52
772
372
614
344
202
78
951
813
804
872
596
89
816
185
17
4
12
916
918
10
679
320
613
157
920
372
308
399
81
522
775
119
189
434
895
274
882
61
67
321
43
140
491
683
154
2
578
566
374
9
875
222
397
370
361
600
676
197
117
591
43
729
123
786
421
492
566
178
129
362
230
263
274
922
515
579
629
305
284
942
860
462
126
600
403
314
443
161
533
851
292
976
536
972
356
242
965
983
365
801
152
659
938
101
350
115
391
920
253
754
314
859
644
479
970
725
57
197
295
452
831
783
863
984
321
894
154
574
690
529
931
874
272
459
89
684
466
93
177
469
932
344
36
36
691
271
582
695
200
280
25
967
9
274
927
943
649
713
396
775
540
542
300
686
357
613
615
941
483
630
84
438
522
224
931
840
552
264
95
53
160
435
434
677
910
443
409
406
731
341
172
997
48
885
31
790
346
682
275
485
275
72
300
391
247
476
456
57
766
459
363
409
413
364
859
864
883
165
885
677
277
120
343
655
467
189
882
46
296
576
647
520
528
894
790
932
54
116
754
123
992
967
110
274
243
859
11
119
893
589
888
921
937
942
383
980
449
737
323
489
401
59
0
828
725
426
18
171
272
966
921
67
979
253
636
534
8
276
866
632
140
459
74
566
647
549
998
905
824
574
506
288
498
98
246
216
245
881
2
610
447
850
975
689
175
678
811
395
724
511
361
204
660
808
571
587
460
419
564
606
82
516
926
905
759
822
645
245
336
335
519
203
632
705
837
786
226
436
203
150
393
376
982
486
166
409
42
592
492
174
423
935
836
555
945
599
980
294
852
788
548
601
867
228
390
983
981
250
796
474
447
897
536
702
925
920
932
470
980
238
413
944
120
895
399
797
236
411
62
298
862
494
102
946
364
707
807
483
348
225
739
460
149
971
225
863
190
148
614
960
566
282
322
819
705
576
219
87
138
338
7
844
903
680
271
162
303
736
511
992
405
421
650
77
342
354
683
815
831
735
875
634
827
100
411
144
0
808
374
83
904
55
124
894
430
742
389
656
255
923
186
151
884
531
776
915
643
501
6
859
263
372
417
464
26
49
18
842
896
971
892
533
352
454
256
243
6
18
719
572
222
506
317
585
18
736
435
430
829
481
426
795
412
264
813
277
567
559
811
24
614
822
404
257
479
161
108
522
835
501
158
538
262
730
564
351
635
475
760
35
629
924
129
915
462
381
83
895
626
20
830
5
509
614
564
775
159
492
871
336
558
693
623
823
164
977
868
321
778
657
428
38
916
125
676
212
452
676
361
142
251
190
633
889
921
297
837
758
385
471
201
887
710
882
578
461
514
906
355
676
736
240
901
385
314
423
736
814
294
17
502
10
280
192
990
377
208
466
21
589
103
262
867
136
467
678
133
730
603
752
503
338
389
120
477
63
462
943
852
400
295
734
231
300
135
375
887
548
39
810
493
446
45
806
546
661
829
686
682
419
158
794
790
722
35
278
604
3
810
200
24
186
409
953
701
947
453
29
309
673
724
351
243
201
40
961
272
763
176
582
466
680
589
576
88
253
291
547
27
65
82
562
495
414
138
786
409
369
292
665
355
356
730
772
758
331
798
345
929
129
908
692
727
798
572
822
534
432
924
296
305
983
188
464
675
556
280
75
469
348
884
659
408
348
75
434
723
154
556
230
619
352
782
698
877
298
900
693
824
372
738
822
158
494
314
362
375
257
369
754
407
259
824
41
649
873
825
279
203
259
964
414
796
754
541
173
980
822
265
528
163
441
203
50
779
504
428
617
227
187
373
428
140
99
54
350
410
495
880
680
444
54
150
263
767
558
693
664
908
530
769
989
538
816
951
403
134
835
818
788
234
415
139
281
750
962
472
386
692
365
349
955
254
681
669
899
103
916
621
316
912
18
217
557
773
766
984
924
244
567
462
848
92
889
59
680
253
934
398
422
756
527
297
207
319
1
759
888
599
772
233
486
188
209
416
798
911
706
985
543
529
461
344
528
639
711
661
902
935
771
1
860
793
124
584
499
13
732
835
234
828
297
392
321
987
223
996
750
835
747
358
696
21
868
785
600
676
37
482
932
793
326
569
128
135
345
944
601
483
142
873
624
963
307
518
776
230
87
603
385
403
846
298
324
373
440
707
45
510
133
183
563
228
325
615
536
722
166
980
125
353
985
122
302
607
288
151
95
521
92
35
377
278
34
297
890
820
238
711
732
730
77
898
764
508
720
955
823
290
183
306
488
858
968
588
94
477
684
605
849
300
845
904
505
757
778
49
292
908
636
662
641
988
504
130
124
453
520
551
989
123
138
921
802
556
953
833
962
713
232
505
141
618
35
202
935
142
626
934
197
390
179
221
121
980
642
952
538
176
626
12
104
182
84
275
756
447
486
18
304
794
461
109
284
342
209
366
675
725
130
9
718
140
639
305
935
433
631
656
592
20
6
984
861
449
405
271
276
955
130
559
19
29
598
584
221
325
424
398
497
359
123
693
188
969
548
12
5
90
679
974
388
718
72
673
891
768
27
606
855
82
939
578
603
580
440
53
575
943
122
24
321
926
189
455
326
589
371
491
921
486
194
288
438
358
180
442
175
615
414
984
976
350
939
48
100
753
628
806
480
66
125
570
86
800
26
494
255
367
713
315
70
848
452
482
920
251
277
814
564
337
505
182
842
47
896
288
764
253
627
779
520
177
366
644
607
413
343
625
624
537
821
715
506
481
236
445
534
703
465
118
702
926
75
446
77
28
276
922
739
42
609
523
741
673
42
797
622
578
54
275
711
190
246
880
780
815
704
555
9
295
18
827
7
956
299
958
950
666
733
67
253
644
99
894
149
733
14
667
22
272
423
516
227
548
279
790
988
117
812
477
878
265
595
308
665
220
330
431
306
255
942
101
448
481
503
857
828
535
858
766
652
997
312
981
68
251
700
137
539
172
922
739
308
123
657
402
883
978
401
576
432
144
421
64
815
403
883
844
280
230
388
392
527
412
499
28
75
735
275
188
640
356
556
181
871
415
996
150
242
262
369
725
668
574
393
897
277
552
48
181
867
992
178
283
970
82
719
86
887
830
366
141
710
362
399
500
160
773
321
402
223
198
381
584
738
492
381
437
915
726
99
231
438
864
552
99
151
260
964
451
760
195
974
426
961
698
352
940
553
380
283
172
796
751
682
204
907
500
400
42
391
580
971
880
762
276
424
913
899
70
702
380
750
34
654
602
838
157
646
211
481
973
916
411
728
996
394
113
792
668
676
390
636
820
265
781
133
401
956
233
451
989
213
301
384
589
734
912
886
597
966
859
648
126
546
130
275
472
890
811
398
918
261
426
549
455
710
4
365
30
693
782
853
506
381
333
48
449
615
856
595
316
806
988
651
764
368
406
419
96
184
747
434
318
750
938
317
642
583
747
722
831
86
340
575
721
375
379
471
449
276
514
215
537
88
730
901
497
926
269
275
511
273
423
838
96
98
21
544
604
81
275
747
769
137
165
507
52
220
802
372
487
464
842
527
52
174
194
281
645
860
943
714
202
496
524
560
661
200
938
586
690
8
819
689
937
841
655
979
821
914
913
563
718
698
9
475
49
773
540
122
375
417
562
422
987
451
90
385
669
383
199
947
539
589
134
957
547
389
740
111
10
275
686
504
353
635
613
148
221
506
916
816
78
121
193
661
409
38
426
345
26
661
140
127
797
630
433
690
697
100
605
501
687
378
501
180
448
279
207
643
817
130
169
383
222
894
819
592
644
476
15
28
312
436
613
383
626
479
438
506
222
959
273
868
475
907
100
640
419
384
875
263
589
385
343
668
982
771
347
348
580
901
408
335
992
538
337
405
524
242
279
446
59
35
946
432
77
684
592
257
546
938
33
102
209
395
890
999
401
88
450
633
523
101
176
531
863
49
171
447
167
959
166
963
158
765
129
142
644
854
551
983
963
881
573
962
591
625
21
420
642
745
468
123
521
222
281
118
346
963
898
333
171
258
296
982
452
517
838
607
905
322
488
725
77
494
634
11
548
748
478
733
926
144
475
615
629
602
653
60
771
459
294
722
54
434
629
975
638
300
35
148
661
958
332
175
56
613
590
565
563
685
966
609
198
929
396
690
674
131
98
702
376
490
66
33
950
460
68
677
116
676
48
242
324
592
878
917
250
781
522
649
685
260
527
517
51
310
567
854
254
837
817
734
346
741
796
79
902
660
28
918
103
421
340
544
99
651
615
840
56
939
847
679
259
696
22
739
403
647
514
189
31
895
813
167
403
729
53
507
563
102
730
671
959
744
421
601
885
646
810
695
491
105
862
102
519
300
358
435
813
884
643
446
230
805
246
215
145
830
794
878
103
540
742
617
870
96
442
457
913
945
647
421
661
787
788
640
682
898
982
9
513
248
141
632
981
290
911
756
27
691
777
888
584
724
675
61
76
783
480
924
592
109
357
754
373
809
57
738
155
917
288
922
141
544
968
61
905
516
227
438
945
506
657
554
815
1000
779
978
513
183
482
859
750
13
243
501
83
984
200
264
900
401
352
38
538
752
263
802
2
542
909
451
217
504
765
439
308
825
68
257
731
602
601
161
943
14
317
591
952
592
49
187
963
830
281
349
158
515
418
924
966
254
71
668
787
868
987
468
409
285
321
87
916
615
894
123
697
847
245
872
598
583
481
607
378
708
707
19
663
783
810
897
815
818
61
45
720
612
762
915
19
463
433
283
219
648
0
250
482
129
622
658
843
969
189
578
714
748
36
797
916
0
714
666
827
889
866
387
597
250
839
6
637
565
465
810
673
64
752
59
102
846
23
105
346
90
112
811
259
575
312
110
714
904
85
700
944
21
981
420
869
495
628
270
521
378
654
146
546
896
713
909
228
606
967
662
173
984
705
834
697
561
258
646
629
1000
870
265
625
48
662
686
557
655
503
351
961
565
205
553
420
676
92
262
194
995
709
717
908
145
715
529
283
752
19
516
568
153
157
904
715
128
338
354
268
321
641
92
237
295
265
126
127
554
16
266
651
786
199
302
469
453
662
743
719
879
755
96
840
417
431
328
780
761
695
339
274
553
281
277
501
339
83
192
11
528
3
675
334
101
381
772
670
160
523
772
20
203
407
417
186
464
731
579
266
731
603
961
894
466
183
886
319
801
127
191
227
344
473
432
188
335
786
664
464
478
172
501
333
657
675
58
143
533
849
958
468
175
72
55
232
137
705
94
919
521
404
551
155
783
533
362
975
745
390
973
562
878
308
697
876
722
961
859
343
600
563
776
309
852
138
957
412
758
653
666
715
69
812
113
42
936
534
764
851
691
902
30
18
254
127
947
666
886
27
916
448
312
383
818
463
620
626
744
392
433
204
975
375
91
494
736
216
989
149
111
662
986
145
512
993
436
119
821
77
949
192
233
930
69
376
932
70
644
351
828
959
191
873
265
381
793
724
606
160
328
437
345
46
861
284
831
112
925
123
24
644
363
971
749
103
736
431
553
342
137
868
4
579
215
498
615
414
619
875
224
143
679
599
828
564
106
944
586
185
534
41
243
951
651
478
113
656
23
92
222
298
405
723
964
241
528
188
183
892
680
536
956
662
89
627
574
341
732
863
374
762
552
96
137
681
473
408
160
448
480
640
517
989
367
212
174
544
273
342
972
182
124
656
613
699
394
632
222
766
671
902
785
355
908
845
695
232
710
217
266
561
173
591
328
298
712
807
93
27
210
944
636
946
941
194
196
961
916
746
581
124
621
387
949
810
73
637
152
17
295
239
887
357
542
874
564
92
152
345
855
71
10
414
344
5
139
147
561
941
737
926
630
349
384
459
944
330
348
336
304
640
120
625
789
180
333
686
266
79
185
456
972
216
523
499
856
430
56
551
663
787
700
111
71
440
526
182
8
758
307
693
7
370
275
477
48
1000
427
771
876
377
376
545
387
542
302
127
384
215
421
158
29
825
818
271
661
115
36
269
422
384
991
48
410
927
771
155
623
230
672
385
291
884
325
373
97
381
56
464
953
153
786
848
756
206
881
237
301
971
706
359
307
437
139
143
327
60
838
152
511
51
633
451
918
375
232
139
492
384
596
103
627
399
576
603
502
970
899
664
413
409
534
341
77
261
618
154
9
415
458
923
560
386
185
422
352
183
476
435
886
996
42
939
825
893
757
737
819
154
594
387
174
242
983
395
337
402
969
855
714
512
748
617
333
38
0
303
291
951
543
529
895
915
84
112
457
598
919
447
391
290
88
368
919
522
504
375
246
735
961
840
244
401
479
521
470
486
153
66
510
400
767
973
460
438
945
97
255
235
881
4
853
31
369
567
643
38
198
368
246
679
724
752
383
462
898
569
310
372
81
14
584
804
11
849
955
681
360
844
404
606
836
291
326
263
563
296
914
218
742
529
247
622
582
180
897
899
702
304
863
481
32
738
523
286
563
39
817
269
792
183
779
917
748
227
904
168
728
999
474
720
527
239
942
181
941
899
25
246
307
718
127
680
820
200
799
580
685
315
332
378
136
389
493
112
833
678
267
974
682
224
426
979
809
504
736
93
540
414
989
836
755
616
664
78
371
241
728
706
943
969
419
952
265
840
595
508
623
59
973
101
782
205
489
376
235
536
976
490
182
304
984
825
523
0
267
466
743
523
67
918
484
856
421
211
869
440
979
990
436
249
940
533
89
508
304
89
112
511
863
354
35
849
349
807
355
345
223
704
365
902
960
180
242
571
780
816
443
346
139
294
741
273
984
118
617
98
586
445
693
922
854
88
865
989
268
449
137
939
932
893
985
772
99
38
210
657
757
177
718
49
982
145
809
154
827
734
586
684
725
242
685
673
99
319
426
259
420
846
850
824
932
892
252
393
111
606
648
212
766
701
481
188
718
463
495
202
406
563
5
558
286
505
1
50
361
499
564
388
398
504
69
999
436
944
516
483
902
360
656
194
209
232
890
722
229
870
115
522
497
154
140
851
257
548
242
577
287
479
791
678
379
953
340
122
921
287
810
803
605
38
857
566
161
529
557
446
455
381
865
132
455
763
574
795
414
343
448
583
463
577
55
180
860
90
61
300
722
650
318
919
649
816
421
345
48
293
288
378
976
169
961
55
333
27
612
578
917
532
15
18
286
727
658
907
148
343
511
222
108
930
669
904
957
683
932
11
954
274
796
7
167
199
289
9
769
755
624
118
156
108
129
412
417
745
657
641
999
543
958
157
572
382
94
186
197
646
616
35
688
916
702
224
560
680
325
655
830
570
581
2
777
224
147
857
262
236
713
152
669
766
816
73
852
30
341
487
464
599
70
660
670
867
798
131
401
34
291
481
501
752
223
772
644
334
417
824
670
14
44
780
86
228
501
188
442
452
457
545
733
518
917
245
644
99
674
939
386
558
698
249
784
788
719
238
880
374
234
508
492
372
989
561
96
907
917
186
494
258
399
397
408
233
351
949
448
524
128
911
36
917
14
467
436
115
552
59
768
23
944
709
429
270
383
385
271
197
740
918
841
368
39
116
143
20
679
966
628
992
468
572
202
54
34
747
805
1000
714
924
841
205
587
19
689
763
268
195
968
794
197
107
571
178
171
253
682
345
890
217
258
331
403
292
246
792
221
467
115
91
720
823
662
651
902
245
684
418
359
466
367
476
651
187
552
321
2
796
60
493
910
726
996
184
224
31
707
411
909
920
519
50
881
519
604
317
592
262
599
747
328
686
653
6
409
504
204
449
490
772
455
825
984
785
888
383
453
225
56
740
650
98
421
547
959
522
911
569
946
157
382
162
598
434
688
351
115
89
273
702
137
332
777
879
576
515
295
85
15
661
928
578
80
540
882
799
772
865
645
217
48
119
103
421
914
942
104
701
608
277
856
728
63
455
694
846
209
919
545
956
32
643
942
417
603
880
6
931
816
318
735
674
830
959
771
198
859
355
525
911
361
37
212
896
519
931
371
317
560
597
763
806
829
197
554
620
31
184
789
763
720
463
148
713
941
80
107
134
633
6
257
586
893
729
911
886
345
841
7
404
63
207
157
443
823
760
449
617
147
512
36
254
306
322
792
542
861
717
94
668
990
629
480
331
602
956
480
353
983
473
261
133
186
596
827
583
836
330
495
257
291
335
388
357
197
795
682
708
276
683
885
51
733
964
742
823
823
789
870
991
784
235
449
241
838
701
474
768
252
643
829
967
241
290
237
880
855
95
818
633
413
791
350
595
635
981
301
557
968
978
74
572
985
246
750
223
808
253
92
922
939
875
385
40
861
844
353
357
461
10
850
800
240
964
238
505
