524
44
471
491
307
397
339
632
926
670
859
846
888
117
72
226
552
123
595
86
899
975
145
92
710
986
37
79
435
54
644
880
980
195
627
970
524
644
662
753
516
110
948
307
271
368
384
366
931
336
278
480
906
875
190
956
241
841
571
503
133
719
145
93
531
595
887
367
7
198
360
689
627
72
459
716
441
522
477
544
615
420
556
814
450
932
262
883
272
6
327
337
903
526
230
272
63
299
261
72
649
936
600
119
297
568
634
540
119
130
147
28
370
793
986
283
295
630
267
653
624
35
313
597
282
2
494
385
97
353
714
520
681
798
719
72
305
593
71
736
937
2
416
797
347
845
12
688
610
992
394
243
46
898
638
461
498
117
740
397
802
425
995
387
202
435
348
847
22
710
98
416
624
454
150
343
473
30
733
861
285
75
953
592
67
712
140
585
364
723
359
627
204
208
32
606
723
853
274
2
101
802
172
494
89
504
358
122
691
227
317
256
899
953
657
751
118
900
241
605
487
610
297
669
278
48
225
540
956
874
391
543
44
824
320
525
960
413
681
455
681
317
847
515
21
221
566
795
758
56
82
591
583
940
824
793
362
412
330
271
45
437
802
575
211
634
721
890
892
341
916
181
32
563
811
605
198
668
410
927
343
112
782
832
861
492
623
79
230
973
492
154
984
408
458
106
334
777
459
184
682
739
601
430
413
302
202
207
151
696
608
754
595
306
947
792
487
909
239
178
853
651
661
229
955
579
609
295
494
923
816
471
11
99
394
928
926
769
332
421
689
789
171
98
568
191
25
467
527
847
793
475
733
485
832
681
44
994
773
20
556
880
693
937
185
616
424
454
572
137
252
113
420
27
585
955
142
571
604
925
299
522
111
489
337
325
206
50
94
529
808
694
268
835
687
721
609
140
389
108
459
285
623
751
505
905
729
231
319
101
761
657
151
919
837
137
791
687
268
767
469
734
521
537
124
493
737
290
527
578
938
119
325
691
101
399
951
569
972
667
721
221
358
36
48
169
908
104
804
708
21
592
387
349
295
242
175
632
33
122
943
837
479
8
440
19
589
815
883
126
922
445
80
166
576
696
271
226
298
125
493
812
946
507
408
961
235
483
375
833
334
691
455
501
972
715
820
478
60
950
832
649
678
29
414
418
453
605
375
490
117
787
20
904
537
93
821
873
887
857
688
477
546
466
761
177
803
271
231
731
475
616
563
802
160
38
543
289
831
213
262
161
921
446
733
969
65
668
732
525
74
194
20
700
841
31
789
131
576
677
809
633
420
842
532
891
269
585
56
437
33
747
32
793
697
699
837
174
289
356
103
752
430
735
65
596
359
478
848
507
992
759
749
730
78
788
699
691
385
918
502
614
565
630
335
667
724
147
614
428
347
200
86
249
176
708
499
565
765
144
844
851
111
492
308
214
956
179
185
788
341
890
34
781
255
197
124
752
479
792
791
434
532
532
996
301
54
48
292
203
298
171
862
2
861
697
230
653
458
218
941
289
975
610
475
675
23
889
683
749
307
82
940
218
886
828
412
209
265
527
838
316
772
369
764
340
880
574
820
571
879
218
41
654
737
995
392
881
172
672
944
669
668
584
474
497
438
64
593
743
314
937
440
448
506
547
332
665
466
481
285
896
451
205
283
712
101
27
426
137
647
558
186
1000
747
280
248
168
440
18
437
204
255
861
820
305
116
127
922
191
92
564
217
944
391
343
557
623
956
513
112
398
362
965
749
88
262
860
686
154
998
328
410
280
622
926
199
658
334
113
875
906
681
110
46
925
102
40
833
301
384
557
81
575
44
619
780
735
659
172
778
81
864
230
0
640
865
907
482
145
893
174
673
899
825
753
976
537
315
96
883
746
84
673
65
415
582
312
630
646
123
437
460
624
735
862
975
408
654
983
148
978
794
643
947
541
851
303
321
37
900
921
103
441
345
971
43
372
840
220
234
46
723
658
693
664
540
60
592
887
578
970
504
808
84
926
67
582
662
33
73
910
840
417
899
618
192
683
219
116
736
944
276
407
121
194
132
631
612
561
395
990
663
150
923
895
893
914
568
313
57
63
521
582
858
743
404
417
697
328
703
713
736
320
565
522
578
847
306
524
488
513
22
968
209
946
303
469
173
42
878
826
660
27
536
798
382
897
400
604
741
937
667
675
324
406
890
515
716
755
552
927
686
449
650
699
354
173
658
204
99
334
548
42
942
248
36
88
433
494
478
399
433
487
134
869
224
889
828
940
922
564
223
42
631
715
935
741
657
480
879
921
919
252
933
481
664
349
198
839
493
567
118
419
498
700
780
341
299
744
497
59
511
151
746
844
976
145
229
784
948
695
823
199
611
932
170
600
738
416
492
586
800
23
120
862
125
598
658
237
402
216
878
23
570
494
5
656
227
589
589
34
195
805
815
806
407
879
615
54
437
251
242
62
99
930
993
404
439
505
231
864
158
237
300
909
209
600
276
30
858
64
505
552
208
530
358
251
51
774
800
478
115
581
639
277
233
888
948
482
518
722
675
34
323
962
539
879
972
636
329
546
818
726
562
75
619
456
454
653
637
546
584
331
578
204
699
829
941
112
637
755
963
969
262
810
911
736
539
378
938
235
267
204
421
116
584
563
487
41
373
7
429
330
396
671
480
164
181
583
675
819
987
808
829
523
498
880
879
540
726
274
262
590
975
440
773
944
404
468
571
90
387
513
241
339
384
688
539
350
198
151
900
584
644
255
620
894
622
434
372
561
533
310
59
663
685
354
498
375
377
466
230
895
390
839
83
145
976
569
293
870
859
981
746
576
718
630
707
980
603
512
363
658
631
599
935
909
141
23
508
40
504
334
418
714
663
441
840
88
813
761
113
348
673
703
951
886
432
693
87
253
90
955
934
78
622
728
878
313
207
780
958
291
574
99
149
353
146
722
942
356
229
972
442
951
566
464
594
49
153
139
671
759
511
267
839
356
88
284
427
432
42
573
11
388
805
282
291
316
483
699
753
180
595
945
111
633
373
480
976
811
336
277
735
719
880
5
27
76
898
212
589
769
174
614
403
609
646
784
267
838
972
712
766
439
827
253
821
433
981
332
18
184
323
77
696
932
928
902
535
423
441
970
661
137
733
778
350
16
939
834
478
887
220
653
878
610
756
561
978
65
83
417
946
624
757
334
179
86
452
150
268
149
772
610
538
71
303
397
415
188
658
737
783
946
946
354
242
319
517
641
439
32
649
352
523
730
174
156
353
899
981
244
442
584
741
798
392
185
570
542
436
572
395
895
138
985
491
868
790
682
664
991
322
359
451
593
673
19
410
23
678
24
659
339
801
474
998
446
776
677
675
520
224
254
902
777
715
200
767
336
335
454
24
787
91
279
744
564
210
402
397
868
332
754
863
310
129
678
851
15
914
948
979
482
813
604
337
300
462
798
595
406
234
75
493
725
616
396
842
801
532
541
399
385
939
582
882
901
469
677
524
586
241
471
66
17
557
692
786
117
40
121
324
58
795
2
769
825
608
381
356
110
291
916
420
572
534
730
763
399
148
149
586
479
632
144
963
639
389
654
541
494
700
364
575
71
470
908
846
264
443
109
580
513
844
48
313
994
206
723
130
478
533
834
222
333
557
706
722
786
266
255
633
303
64
747
133
614
537
318
748
410
292
952
954
512
470
617
978
335
590
398
236
31
413
574
120
424
166
155
627
403
173
750
52
654
540
468
145
22
759
301
374
428
136
160
512
544
968
709
467
750
632
734
975
263
87
319
241
365
92
34
500
891
529
159
757
387
703
153
66
497
248
923
447
15
324
564
552
818
292
318
487
743
626
593
666
173
894
861
273
163
559
799
378
45
7
836
775
992
913
120
185
431
143
699
628
612
61
530
546
308
170
404
753
95
492
393
882
675
421
127
525
519
355
901
121
89
724
220
630
97
87
12
38
190
134
902
428
14
586
519
278
45
451
145
897
267
888
410
930
606
428
419
412
597
897
61
579
360
164
485
70
487
925
880
416
364
357
817
779
540
509
599
164
16
837
690
688
893
442
683
852
34
748
553
519
681
537
717
724
452
981
360
842
180
945
625
415
896
581
583
992
713
757
682
566
149
399
540
94
124
550
103
807
22
540
743
874
272
612
395
835
115
852
551
786
309
881
37
702
423
969
760
7
918
937
449
128
645
447
832
76
626
928
225
36
297
513
310
138
903
786
504
24
638
365
177
5
640
323
161
374
94
622
688
611
409
377
540
503
447
48
175
595
434
700
452
752
249
160
400
924
479
364
809
713
298
499
292
675
763
624
533
45
43
940
956
864
772
734
538
846
452
16
623
591
257
974
347
752
47
551
476
112
958
231
962
757
234
501
436
139
507
863
742
399
163
278
195
870
223
264
69
87
91
804
194
286
540
264
393
829
970
516
779
226
618
435
89
635
691
373
701
433
571
939
42
416
541
455
579
702
972
2
303
719
226
118
707
482
453
244
227
547
524
465
531
748
312
735
535
681
805
772
183
786
977
246
228
570
69
842
907
904
138
111
137
361
156
60
922
659
108
682
499
595
102
329
575
740
928
904
883
551
999
888
966
718
494
184
541
662
684
632
161
804
44
137
634
724
970
147
53
434
754
660
858
555
392
776
63
322
103
745
740
499
724
931
503
687
344
564
350
249
193
678
643
499
684
420
962
592
831
490
333
756
703
340
886
999
966
355
232
537
5
870
355
871
146
213
96
739
446
387
97
124
225
923
182
615
780
724
337
645
732
235
17
141
701
325
311
446
431
274
68
661
143
631
453
449
613
525
354
825
224
289
71
121
816
627
457
291
741
140
200
867
941
75
397
765
832
316
209
89
456
664
532
376
114
843
776
424
320
121
199
13
233
280
501
31
498
363
523
35
259
637
340
133
979
160
419
486
349
976
625
564
974
735
303
719
635
164
875
640
338
904
785
988
9
123
757
27
801
900
704
24
617
413
277
816
793
559
149
75
610
876
587
651
153
299
120
951
863
739
875
609
348
263
437
677
604
613
11
189
590
568
186
39
312
364
981
252
321
158
929
242
262
883
774
365
149
509
253
777
68
725
822
147
780
469
138
103
527
616
187
240
587
581
852
299
289
336
712
813
124
491
47
564
633
505
332
369
75
914
290
611
464
879
38
481
141
924
756
980
99
814
142
965
973
900
146
215
259
314
420
456
803
841
617
387
656
371
494
540
375
358
748
892
688
758
801
204
437
326
138
926
842
276
627
57
644
576
15
159
917
931
422
403
346
324
714
851
476
513
591
411
656
998
881
880
958
705
52
881
291
487
1
838
216
722
479
746
796
969
508
458
793
430
552
391
219
901
942
741
573
198
363
917
434
916
142
240
677
905
711
202
98
411
69
686
116
515
501
336
641
257
402
660
406
199
227
133
381
533
375
174
259
514
517
448
734
26
23
497
857
899
666
151
780
742
585
395
595
431
62
330
877
688
601
314
652
855
318
557
60
903
885
414
446
90
106
873
986
678
468
781
850
801
577
499
3
618
515
611
214
728
642
221
826
0
5
822
781
81
282
204
334
48
917
820
1000
486
112
341
740
503
730
329
442
226
893
746
462
240
114
470
696
403
543
489
860
990
560
936
253
62
426
158
967
127
488
50
791
164
148
753
212
579
591
836
194
609
979
949
90
406
90
955
970
451
960
256
562
649
11
423
379
470
842
555
330
7
474
514
762
979
278
432
308
991
485
468
892
55
868
495
848
158
298
418
805
252
852
791
76
491
785
937
412
989
203
417
382
316
12
756
634
961
419
125
102
949
568
823
318
990
831
609
336
869
972
176
544
23
443
534
460
119
506
123
405
333
339
779
239
110
607
310
26
328
571
77
279
690
859
648
517
24
476
797
69
290
813
397
543
714
158
95
992
374
334
100
115
988
667
725
481
185
937
794
853
379
540
386
270
504
42
863
296
802
523
583
687
440
556
679
276
812
277
321
282
972
271
91
195
248
384
750
658
21
698
943
494
773
381
234
246
749
218
916
432
150
307
0
388
581
946
898
690
322
392
89
975
105
885
483
382
338
665
465
816
179
366
39
401
674
23
320
903
33
892
262
253
608
193
433
32
947
665
878
100
98
391
529
155
10
40
208
169
781
643
558
328
320
252
762
545
835
713
448
477
139
765
889
855
609
889
381
641
297
255
221
554
596
845
126
562
653
221
856
789
293
130
445
446
387
936
699
934
589
721
29
92
698
628
575
572
79
799
206
283
968
705
605
940
790
926
778
426
712
580
871
624
912
963
819
660
56
455
386
47
188
127
631
581
847
573
584
92
639
662
0
337
240
121
973
463
249
732
902
282
822
585
281
905
71
142
575
830
543
739
728
783
317
198
488
999
582
818
297
609
757
367
499
691
629
562
533
358
210
69
938
269
551
88
581
574
255
23
798
739
437
169
527
327
618
226
609
384
484
887
934
939
161
3
215
38
743
798
768
330
403
482
813
392
269
730
702
629
296
218
883
112
703
149
458
7
98
541
568
380
606
494
433
260
577
626
39
6
283
105
509
489
534
253
407
891
459
46
856
830
551
690
791
915
996
377
159
487
164
507
885
894
636
853
417
493
783
262
388
241
490
710
522
279
920
44
385
302
231
819
742
981
38
827
881
902
210
108
746
525
608
826
130
774
460
809
719
395
158
530
178
564
62
223
295
382
442
798
893
520
108
54
355
750
808
591
603
145
331
815
731
940
472
678
316
693
287
111
584
167
264
409
15
970
552
56
934
445
114
718
878
370
493
93
878
64
24
156
246
359
815
446
670
180
750
89
772
287
212
600
745
424
712
520
236
550
24
447
305
968
270
248
72
718
707
848
874
244
148
929
882
887
357
208
444
980
325
380
604
182
663
573
643
245
514
590
246
941
649
905
887
809
453
96
556
849
329
819
0
389
256
888
371
400
120
662
471
590
720
418
530
515
347
917
593
488
888
110
331
507
208
928
703
337
718
435
692
31
752
869
520
200
459
911
555
973
2
65
199
265
685
502
176
241
677
95
83
845
13
213
469
961
43
753
670
836
718
906
309
588
237
845
968
818
762
189
582
441
660
907
528
458
497
338
290
48
643
416
596
241
500
579
148
969
233
639
56
153
189
193
595
479
702
566
786
867
408
735
900
757
252
756
299
664
700
170
824
514
542
131
229
606
37
8
658
271
160
576
669
896
275
725
49
129
262
868
589
503
951
40
572
367
464
769
202
937
584
278
289
465
383
845
511
770
212
825
456
730
162
21
237
46
119
34
958
736
24
301
479
563
187
413
103
1000
200
42
159
810
59
828
324
357
552
130
823
143
316
963
786
46
93
125
487
150
507
172
369
436
463
560
417
417
481
827
696
960
295
848
34
67
299
317
720
959
78
446
516
785
919
726
457
358
558
177
2
932
773
413
61
672
581
358
233
77
679
235
297
32
293
193
853
22
716
333
185
163
102
966
232
498
95
265
44
363
82
491
121
114
109
209
626
250
608
846
563
253
609
859
484
117
723
701
864
980
125
25
157
780
702
82
101
891
792
227
694
720
614
678
603
557
374
701
583
807
81
464
356
720
840
567
76
261
617
696
456
719
442
386
29
273
514
37
442
262
819
294
548
502
242
779
989
294
517
25
233
189
109
690
239
510
365
1
9
827
941
555
191
173
593
193
209
854
660
1000
558
189
266
472
809
812
226
548
957
259
766
42
883
669
630
0
448
445
643
159
62
992
261
590
445
313
788
541
18
212
758
137
476
931
928
719
716
337
348
331
416
132
156
801
126
281
433
130
984
841
886
632
591
963
453
422
879
712
748
40
403
62
331
231
918
355
919
979
784
67
62
279
703
276
477
762
188
134
736
750
531
134
639
95
714
865
370
479
934
797
980
430
3
500
797
124
513
681
899
937
697
780
90
649
183
457
6
461
337
955
944
524
355
193
984
455
294
850
398
666
955
532
412
169
363
295
845
857
895
57
240
131
40
721
254
594
406
305
105
979
229
754
339
717
639
339
551
390
504
884
807
403
885
356
804
874
163
242
319
764
811
651
623
519
267
311
363
987
993
639
899
487
390
841
254
340
801
929
221
466
264
990
221
883
923
185
693
984
388
435
878
76
678
766
329
47
674
107
775
751
386
893
634
107
383
413
66
793
234
26
532
522
454
238
467
131
540
952
495
984
813
473
376
629
579
647
172
723
805
759
426
351
404
610
745
386
150
879
415
410
29
863
398
593
873
29
892
236
566
749
31
829
440
412
600
880
121
712
343
602
49
216
623
827
556
254
223
689
279
155
245
699
659
256
457
93
395
301
524
180
713
96
174
520
692
651
532
802
270
546
939
773
612
477
953
891
337
475
954
248
610
824
335
892
378
55
962
268
524
990
478
524
543
689
158
180
489
557
684
977
32
594
914
987
201
171
327
6
792
147
405
117
558
382
444
524
911
737
720
174
820
862
772
171
716
725
147
239
444
858
851
95
746
182
922
399
399
780
597
260
74
425
895
834
955
774
717
622
732
76
965
799
967
786
244
432
1
792
521
657
907
177
801
635
296
188
763
372
265
758
386
315
228
78
131
303
255
104
494
308
290
373
508
832
740
542
486
380
737
118
948
384
815
354
275
359
441
479
605
698
806
762
680
345
239
804
913
16
753
684
999
388
660
823
126
922
132
625
779
644
520
954
868
630
623
911
191
801
483
608
726
893
289
910
29
766
131
229
370
332
550
935
636
189
663
431
386
462
884
898
377
509
32
82
343
937
20
106
871
466
785
853
889
718
625
405
868
652
29
37
287
600
514
355
752
896
617
73
190
827
813
21
113
461
866
537
484
237
283
955
449
275
340
862
356
188
881
63
384
921
791
554
232
598
67
62
284
768
249
643
764
999
323
89
225
28
205
586
639
60
408
917
727
832
597
638
276
448
284
235
852
77
575
152
774
220
20
436
684
135
159
417
919
524
722
482
930
673
473
468
170
630
149
942
140
457
69
418
935
929
731
374
355
50
324
887
890
401
540
411
538
531
697
24
987
415
213
198
269
144
179
87
577
407
591
751
260
681
724
96
389
955
58
106
94
697
314
945
142
199
599
560
572
159
170
748
979
479
898
900
908
222
446
844
73
474
744
184
910
421
223
684
743
414
289
583
166
239
489
604
176
43
775
683
919
920
221
537
378
545
782
75
44
156
327
198
219
734
516
87
994
410
798
661
198
549
837
149
166
180
244
501
749
956
399
249
159
924
354
99
349
881
591
759
589
669
809
202
256
969
300
600
615
285
194
842
966
807
551
543
662
545
47
933
405
1000
988
788
666
839
409
120
954
600
833
823
41
545
653
439
117
906
534
69
726
587
452
870
926
502
600
439
370
738
312
754
217
875
430
717
84
213
398
916
685
141
216
139
533
332
19
469
261
531
843
570
868
570
121
567
435
503
753
374
154
185
664
480
969
446
655
764
237
417
191
908
197
610
654
971
60
485
804
576
641
5
770
497
19
446
444
447
202
311
460
787
59
761
33
309
554
130
795
569
298
128
40
900
266
518
529
245
0
312
296
605
983
183
933
420
739
77
454
544
458
52
457
956
471
399
150
327
687
42
433
959
978
642
999
850
416
805
373
617
137
722
179
796
514
59
693
216
410
208
191
411
583
37
730
89
814
331
291
648
178
264
319
474
26
173
409
540
154
842
684
986
226
305
644
214
475
524
981
305
888
805
325
602
467
56
930
289
463
138
727
262
911
829
511
496
654
656
518
832
889
107
978
138
884
207
701
65
107
258
167
533
979
944
587
375
389
927
101
332
95
868
535
889
944
872
380
662
175
893
635
129
386
298
197
620
943
735
409
761
288
851
96
429
668
83
484
576
807
513
802
846
449
517
524
737
618
329
485
722
858
120
910
654
852
3
782
564
783
495
830
850
941
284
523
636
2
315
473
818
659
203
469
507
431
50
318
871
669
768
567
747
940
801
186
835
415
749
317
651
886
101
81
679
866
222
458
157
679
598
777
346
241
594
622
743
986
300
235
51
542
505
427
810
336
705
684
505
86
408
261
225
972
507
971
291
378
199
907
965
828
21
144
659
373
942
968
536
212
391
685
698
666
847
330
607
631
980
275
685
515
268
595
722
958
532
855
96
542
32
910
930
106
154
112
632
14
60
76
269
459
355
229
2
511
350
480
870
691
799
917
261
173
576
870
833
71
753
742
949
815
250
575
483
11
464
773
517
55
933
431
672
134
714
466
183
976
912
373
717
531
686
229
59
627
31
181
942
700
522
801
573
605
58
895
157
913
792
444
251
821
287
810
448
460
205
669
732
126
828
945
493
41
353
72
782
242
471
459
190
990
510
568
665
290
411
981
20
825
960
541
311
240
846
705
924
293
858
960
431
845
999
518
867
687
738
664
941
281
209
627
995
132
572
172
752
123
473
854
360
245
729
743
423
529
280
818
865
52
473
879
221
71
23
737
162
216
411
977
655
967
173
277
566
611
602
517
686
471
930
64
176
337
376
884
916
277
217
92
656
323
239
256
420
744
434
117
772
477
942
750
717
653
857
544
57
969
333
762
397
412
907
483
976
735
43
688
116
593
298
17
983
288
733
919
609
869
265
197
650
222
216
989
43
374
552
107
903
669
739
644
933
489
677
643
493
118
770
700
493
967
251
26
267
523
924
918
898
148
635
500
26
423
487
888
122
80
208
589
638
826
635
295
222
942
250
368
114
421
406
31
682
370
586
848
535
533
646
224
17
747
426
998
913
573
780
39
706
819
19
522
775
626
228
517
529
325
500
358
47
620
15
458
796
721
59
418
808
173
143
530
926
623
438
643
353
326
1000
91
571
288
485
266
774
517
584
848
358
270
95
62
407
376
268
227
100
792
773
718
14
135
486
201
704
732
36
490
118
480
847
447
521
419
177
693
779
470
824
959
223
53
786
161
702
657
30
385
18
108
320
571
80
231
735
692
921
728
640
291
868
832
33
60
532
488
696
558
902
306
573
69
849
503
324
839
727
151
797
847
411
250
29
464
483
18
919
243
245
327
669
754
361
105
367
74
6
368
97
279
33
916
654
838
719
130
726
116
36
512
737
697
269
453
559
59
262
21
678
776
177
237
747
308
664
177
811
386
144
768
650
784
946
189
786
351
702
669
995
280
851
755
480
708
735
971
888
764
540
919
762
397
785
263
732
634
999
641
877
282
733
266
910
921
831
557
472
782
474
365
457
78
140
704
746
928
384
695
396
604
645
950
275
357
600
907
738
576
863
478
48
229
787
765
366
722
0
683
53
362
268
604
615
136
690
436
543
604
821
843
753
189
88
500
294
957
809
497
321
705
685
993
880
811
314
178
239
586
531
117
531
398
774
351
809
284
157
562
357
501
362
905
175
830
175
80
33
353
126
756
869
131
853
791
655
136
924
905
749
667
374
759
901
167
90
36
269
659
157
75
289
644
283
249
394
885
457
735
351
520
340
497
464
249
137
323
954
612
744
175
103
278
777
495
530
801
343
586
528
861
746
622
754
665
523
893
7
84
253
467
786
888
963
236
184
441
777
389
426
93
638
860
747
268
589
498
770
513
540
681
11
902
144
751
155
999
344
237
856
611
575
252
929
351
525
206
694
920
597
425
166
798
234
256
684
101
957
895
929
711
687
793
491
709
431
363
439
815
407
42
362
579
127
533
692
110
893
110
914
668
395
134
461
167
611
348
462
27
988
979
59
882
94
135
691
829
982
577
284
592
802
796
572
868
604
498
595
518
872
477
791
670
257
402
865
651
478
765
861
864
332
169
25
952
231
401
773
611
433
498
335
51
738
262
434
114
845
742
281
616
561
89
332
708
455
644
233
975
945
617
186
452
594
782
204
482
64
64
397
406
526
126
837
509
966
259
512
459
178
141
779
771
143
522
500
471
803
916
423
559
125
542
516
483
535
324
956
746
420
193
718
485
336
478
784
511
504
43
341
113
490
570
928
648
145
856
63
140
267
660
461
30
786
909
532
573
525
250
796
575
531
382
726
847
295
882
58
926
939
882
731
725
346
657
776
206
497
265
961
244
759
246
397
78
944
14
907
477
360
272
790
75
829
349
271
427
955
240
720
143
209
760
315
839
118
172
247
980
200
632
231
789
220
827
51
335
759
500
812
549
326
519
332
716
835
938
413
706
881
805
148
140
455
14
755
374
372
396
887
931
439
220
599
781
687
194
849
846
524
772
662
681
406
229
911
106
898
12
337
149
189
296
718
761
380
788
308
856
643
850
916
633
186
383
31
302
986
156
256
609
417
597
459
509
278
456
946
332
4
114
945
206
565
965
825
234
952
830
808
185
991
983
111
611
805
671
807
791
338
488
642
946
237
954
355
672
509
187
535
997
222
612
905
297
481
522
709
561
952
911
644
604
334
118
774
683
102
924
509
572
85
556
376
124
668
168
949
744
515
552
18
471
308
345
982
11
149
477
416
299
393
496
568
614
629
74
595
925
685
16
543
42
880
932
954
985
154
105
276
17
634
76
84
590
852
384
192
183
849
883
209
611
528
239
157
816
903
829
780
574
407
522
990
317
836
104
153
105
674
87
55
541
210
473
337
61
837
586
570
749
376
39
578
767
149
310
550
744
195
168
749
638
795
396
555
820
610
51
766
329
505
374
866
449
459
536
876
797
386
257
492
755
946
313
482
919
511
482
798
366
688
738
906
667
967
335
346
770
438
693
725
429
78
427
94
572
640
155
324
239
159
961
693
376
417
888
952
27
216
835
17
12
621
139
281
477
523
32
863
570
219
712
586
619
433
478
709
965
449
742
814
826
922
823
871
848
683
642
19
345
50
70
56
113
207
254
926
12
425
261
847
200
838
644
411
380
817
313
540
92
482
537
500
827
772
238
132
85
275
519
405
515
520
218
606
358
783
312
764
938
83
688
609
812
745
335
16
863
539
305
298
337
472
292
985
217
14
192
482
976
275
56
530
274
778
764
102
695
960
990
301
812
683
301
646
798
189
9
82
654
225
983
766
163
899
386
278
80
506
404
727
558
551
131
145
487
926
61
782
276
55
918
595
685
898
228
178
497
695
718
856
155
84
477
975
654
647
618
81
314
478
489
333
605
108
875
289
925
994
685
131
509
430
264
585
548
387
559
856
74
42
357
233
969
654
331
792
452
253
487
424
196
36
57
518
880
79
444
351
265
712
307
995
416
630
593
23
400
732
383
0
784
840
526
584
45
817
341
543
843
999
205
104
804
563
667
990
814
177
538
691
813
936
971
805
369
934
292
569
848
306
761
505
12
999
513
222
266
560
436
806
827
485
452
375
701
273
633
799
597
940
614
778
58
52
72
11
526
165
706
672
960
578
796
558
269
260
63
586
605
525
944
467
824
716
42
557
647
311
40
870
110
6
58
333
215
278
211
160
539
606
649
816
834
21
746
923
386
917
287
883
626
305
91
762
37
303
105
85
143
754
975
513
386
488
318
746
900
72
939
540
165
990
709
976
54
145
321
551
110
50
408
644
373
100
284
206
952
205
61
834
239
383
597
872
453
474
135
119
579
108
521
277
144
52
62
870
260
499
524
139
504
745
231
554
839
217
791
114
737
817
681
257
918
403
163
304
140
928
460
673
560
28
330
813
834
219
128
405
969
908
528
137
545
736
460
850
566
282
983
283
329
36
131
676
263
991
44
333
192
541
571
276
861
370
334
863
391
130
362
27
447
109
812
588
671
463
298
36
223
743
788
511
587
932
893
411
997
790
592
836
953
926
557
631
273
903
460
126
871
700
882
196
278
68
141
91
912
658
339
181
230
513
791
180
608
963
208
302
602
466
975
950
72
894
710
246
823
453
852
636
823
273
758
838
66
241
623
963
524
234
632
445
121
50
506
935
816
48
405
748
775
660
596
633
69
34
464
579
680
821
433
441
813
699
58
769
549
772
798
609
902
225
406
455
641
9
821
258
364
641
122
196
735
932
438
858
354
295
432
773
709
335
547
379
146
860
189
18
252
410
440
443
303
498
51
443
519
335
833
54
189
75
74
543
855
195
922
264
238
381
382
754
572
950
45
54
804
419
102
486
46
628
359
917
722
233
143
781
931
905
660
474
989
440
972
804
573
670
654
686
523
434
230
26
726
890
502
254
358
887
34
739
888
167
919
108
497
674
973
699
948
473
301
987
541
716
965
149
40
454
956
801
587
838
69
602
233
893
8
734
930
236
644
616
310
890
12
174
989
82
831
172
698
617
626
630
990
707
596
430
741
949
648
478
352
548
465
788
693
897
510
876
991
34
590
189
756
570
317
660
862
520
67
610
143
695
982
927
744
819
642
957
427
592
44
674
306
31
898
447
913
863
417
605
375
59
193
205
93
74
928
539
632
761
627
782
835
216
17
199
340
676
926
983
255
199
427
7
703
677
937
636
800
14
529
230
934
765
923
44
63
89
775
334
458
382
177
216
711
372
988
522
750
467
218
558
881
381
169
92
198
505
500
805
456
182
325
165
642
157
779
24
178
51
483
715
218
663
397
669
708
112
106
277
443
52
784
703
972
350
265
354
373
895
146
111
674
588
199
318
15
286
540
104
185
545
978
41
929
43
687
691
165
94
800
470
660
907
601
29
745
83
804
988
961
343
240
374
173
493
975
429
464
342
226
849
952
665
557
260
215
642
417
145
561
301
966
842
405
77
99
108
289
774
556
133
297
924
95
221
214
741
169
527
474
557
191
732
40
651
942
573
971
791
222
765
384
17
505
833
181
934
331
235
885
37
132
667
522
881
614
307
700
700
273
251
876
182
395
791
896
586
371
372
32
608
501
487
598
611
538
762
601
73
551
921
797
257
302
307
216
4
886
261
507
605
428
812
530
814
592
592
376
645
1
868
462
107
475
805
708
428
3
296
773
78
375
136
898
700
473
767
466
344
627
235
304
402
887
739
237
296
2
719
250
648
122
54
653
247
965
260
912
309
33
235
935
143
534
842
515
302
743
564
558
918
330
578
519
44
246
627
803
595
585
745
781
339
174
18
464
61
612
478
480
401
943
617
541
820
316
547
831
445
875
136
636
678
279
817
442
428
142
354
803
391
761
300
588
528
305
277
522
877
52
520
643
227
832
258
690
640
362
491
228
292
236
945
630
645
127
313
99
222
176
247
842
268
436
833
959
579
2
323
548
700
218
160
128
556
630
320
97
113
488
638
523
257
330
288
611
959
463
281
607
899
145
712
97
557
654
653
713
758
450
274
685
184
524
564
140
176
28
159
896
18
790
68
785
635
66
162
101
519
347
435
821
559
385
992
772
310
348
295
642
949
465
209
774
749
279
488
626
587
176
501
66
556
838
317
483
17
385
383
203
52
241
103
763
637
184
303
889
680
924
355
626
560
346
921
701
319
335
802
291
904
58
172
88
14
634
730
782
218
560
109
802
493
988
53
391
211
241
320
59
689
743
394
998
386
191
559
846
426
699
945
731
396
305
621
180
689
323
292
996
524
641
883
975
369
470
610
536
137
647
265
209
13
777
961
322
554
481
32
70
809
762
329
372
153
234
100
166
837
814
512
704
329
489
343
974
608
946
382
179
638
348
688
478
281
599
731
624
769
852
361
8
477
462
676
437
1
544
185
629
466
86
105
134
18
856
673
233
718
251
899
158
254
139
392
899
885
414
326
597
815
551
110
936
907
827
991
411
736
603
850
718
184
185
131
621
279
367
467
997
183
120
860
190
455
895
266
595
647
52
824
19
444
650
567
155
574
188
29
754
613
348
576
664
229
916
85
794
780
750
122
518
912
218
662
174
49
95
585
803
710
238
120
454
650
434
676
384
131
164
77
175
3
683
660
865
631
20
689
950
706
514
895
585
292
279
290
899
780
634
767
461
84
860
730
863
953
668
517
436
444
387
577
974
674
464
369
288
349
690
557
901
142
823
361
876
624
553
874
103
437
170
901
743
985
505
161
661
576
423
862
408
934
532
558
225
738
168
670
797
101
902
960
434
847
410
148
224
167
83
885
802
869
207
359
838
27
125
789
525
269
925
186
734
1000
775
909
948
335
561
902
110
163
33
871
156
249
518
611
65
843
880
177
172
51
438
878
369
164
315
171
438
110
653
138
347
409
765
767
179
308
1
125
122
588
652
117
291
958
234
685
987
701
826
997
604
246
321
39
365
40
922
702
128
393
482
948
221
749
819
381
470
418
783
313
978
666
604
246
307
282
915
423
109
556
620
167
581
553
458
197
321
121
761
298
943
596
725
248
611
81
558
739
881
696
454
726
556
728
476
891
708
833
510
181
314
515
444
693
313
654
453
758
182
991
372
601
729
70
918
372
444
495
251
298
969
495
668
94
59
663
122
591
4
884
679
910
20
690
568
749
493
418
993
300
722
203
947
587
817
862
123
627
581
285
30
36
127
194
516
948
685
397
544
922
415
493
772
481
519
705
106
112
156
507
709
285
13
916
182
561
558
512
513
326
987
949
355
56
492
213
604
801
706
643
374
746
527
702
424
923
745
156
740
911
493
520
720
2
338
550
527
667
534
631
568
929
874
64
991
226
366
521
769
207
177
61
237
507
564
870
596
25
417
578
178
294
901
579
596
492
305
235
879
197
201
766
803
919
105
339
463
513
128
782
637
330
943
294
683
459
239
959
40
411
475
408
931
612
518
53
875
86
254
403
445
600
664
7
300
480
377
82
265
113
238
672
356
97
827
111
650
973
154
747
117
635
592
265
118
918
258
372
89
518
246
836
952
447
485
465
918
884
732
51
490
551
8
146
221
165
520
971
968
639
181
641
94
778
540
768
233
887
217
485
958
171
291
356
875
345
542
998
571
839
321
357
144
845
686
773
627
388
49
164
411
850
114
675
996
882
760
973
509
568
134
535
234
266
565
514
108
122
924
686
477
710
218
583
937
729
415
666
682
361
768
751
350
832
46
134
882
147
313
691
725
760
112
463
967
861
280
688
898
178
876
963
214
305
913
85
784
812
876
356
944
918
56
517
734
239
362
681
466
605
369
547
950
585
773
176
844
366
104
42
919
872
236
486
322
300
771
121
703
321
263
339
545
101
773
936
391
448
185
592
854
533
118
441
561
163
669
877
978
279
284
999
323
72
656
633
349
231
113
736
135
759
108
693
731
776
345
381
824
531
942
334
385
361
228
227
331
872
856
193
287
458
706
77
677
334
671
875
298
433
855
452
710
98
910
631
796
758
529
817
794
821
398
315
933
44
418
815
672
773
884
196
914
870
894
651
551
72
776
871
852
580
443
210
139
237
707
965
997
776
46
273
604
930
467
992
9
639
490
61
280
883
166
538
775
200
554
553
757
138
595
482
251
441
101
4
509
596
382
664
693
238
471
14
40
152
945
240
869
483
660
477
235
75
803
467
372
659
854
788
182
323
826
30
625
717
219
287
153
773
400
216
950
739
456
232
113
713
979
709
834
201
940
692
272
719
37
198
475
661
697
543
558
389
139
209
862
261
711
124
986
598
445
484
8
970
699
909
713
9
818
795
411
806
951
734
510
928
967
521
849
662
379
533
503
539
957
278
103
594
677
979
584
747
474
100
630
529
743
925
655
442
13
74
268
202
710
735
950
531
11
231
390
188
179
574
677
813
688
208
612
803
736
767
688
532
441
491
94
321
1
496
152
386
806
939
65
520
108
372
325
608
438
772
968
313
992
658
61
440
265
698
668
170
75
398
978
534
974
152
292
148
409
601
519
74
551
271
211
33
597
976
513
694
692
90
671
291
47
676
863
451
916
760
543
747
77
396
690
44
846
901
965
999
803
603
110
794
11
188
344
28
286
662
255
638
690
642
504
215
366
619
925
261
629
523
750
350
891
486
697
657
866
206
600
600
359
298
183
482
545
424
309
768
729
601
971
722
815
36
874
267
793
606
101
163
503
236
27
519
62
244
200
772
145
893
141
203
435
998
489
415
667
550
866
782
529
947
863
109
429
250
519
130
713
25
301
412
93
904
822
982
575
48
311
646
373
537
812
888
833
476
609
664
206
223
449
812
526
96
35
673
426
469
194
199
145
565
504
789
833
80
631
320
64
18
297
344
631
321
89
194
6
291
773
809
392
610
241
90
188
555
314
983
845
387
767
519
734
201
670
941
830
890
178
271
511
946
545
564
619
190
316
753
285
714
119
211
384
313
240
426
881
599
238
193
114
932
231
719
549
228
920
497
588
185
98
280
609
999
171
790
604
254
768
293
632
351
461
272
49
503
164
576
290
879
714
530
689
415
124
989
132
269
6
668
532
492
716
2
566
823
50
909
242
894
906
273
883
252
247
631
148
537
649
205
186
140
791
416
188
515
328
786
452
452
85
426
780
108
893
710
260
458
963
975
617
520
357
107
50
201
528
373
618
974
812
552
862
128
134
764
682
729
518
52
459
645
318
629
40
234
521
933
421
433
984
206
126
738
728
765
968
825
108
552
387
754
658
485
311
54
925
745
773
487
279
504
789
212
394
427
360
271
245
132
6
219
587
924
220
857
857
365
517
873
38
250
462
501
653
922
940
128
961
732
831
842
317
748
935
218
905
453
514
478
889
698
493
293
426
993
280
858
945
7
529
775
337
105
911
129
929
923
170
49
209
70
250
577
29
325
24
46
427
897
870
799
487
852
427
771
333
965
595
707
230
124
859
430
493
655
990
268
372
159
971
662
362
788
581
193
91
342
631
893
621
313
162
415
727
493
446
9
338
766
767
513
266
585
427
514
444
343
360
952
411
545
914
26
412
699
462
953
836
692
980
824
911
884
469
365
121
541
100
858
60
426
851
846
137
95
351
298
38
260
554
1000
748
149
977
25
517
239
742
157
129
813
425
410
759
984
7
778
269
911
266
337
497
95
963
834
897
223
672
398
825
614
977
783
39
686
345
662
842
767
561
426
880
46
81
479
143
853
177
583
852
136
318
379
486
908
761
390
42
25
381
917
833
729
338
767
657
17
736
425
1
778
909
213
347
300
328
611
527
74
660
783
490
487
308
944
890
292
778
43
856
4
13
147
460
277
523
582
894
959
660
400
576
565
577
907
446
976
878
402
656
66
253
332
874
130
861
773
981
344
72
992
562
325
386
249
812
740
728
878
541
650
238
474
338
636
89
395
982
7
211
936
162
86
640
596
614
704
759
874
739
856
622
143
769
252
989
843
795
905
225
473
24
949
767
724
722
117
897
255
217
247
301
167
574
814
696
970
581
933
566
566
132
732
743
392
573
482
782
253
929
45
237
504
510
107
700
561
936
925
152
412
433
92
581
386
42
521
887
82
829
132
861
883
225
341
566
335
428
747
783
998
782
591
702
44
102
462
296
523
807
488
515
252
810
905
295
102
606
96
167
747
589
596
332
448
800
416
829
669
589
263
291
70
21
195
757
85
333
321
618
772
967
556
178
314
857
869
416
619
773
676
195
939
373
777
775
711
143
639
143
332
46
687
126
509
792
640
514
965
531
781
360
607
833
721
324
366
634
750
830
568
655
993
239
341
883
512
759
510
146
681
925
967
250
206
109
868
328
216
443
31
605
431
764
259
964
809
322
525
538
586
843
352
105
623
284
550
514
761
813
884
486
471
807
840
367
339
529
291
990
227
235
384
611
34
17
602
769
195
535
937
560
90
865
321
842
20
236
133
607
965
520
502
520
134
831
583
339
833
635
480
564
232
951
11
361
368
512
429
291
709
144
712
34
553
132
765
272
654
103
958
947
604
862
17
950
122
898
372
755
303
506
465
616
979
696
501
942
301
478
604
63
537
190
211
334
950
144
234
108
877
364
421
616
436
358
399
616
106
886
965
769
456
975
62
79
956
311
512
36
378
143
673
70
616
867
492
720
873
225
351
667
655
461
891
152
626
916
23
697
124
802
408
318
803
660
32
272
689
864
165
355
893
410
917
356
102
42
654
687
997
612
788
377
12
360
786
530
453
993
548
392
658
862
632
392
308
424
134
17
356
393
244
715
339
889
833
87
538
158
538
535
133
177
776
33
260
53
373
44
185
658
497
688
397
432
213
694
997
366
907
345
338
325
950
945
156
264
647
696
343
314
393
254
855
501
326
598
197
743
579
608
265
322
879
234
621
904
900
882
4
574
424
21
219
361
733
202
207
14
845
372
12
633
788
403
902
497
936
671
152
893
608
965
264
131
891
18
239
429
926
630
720
882
202
410
607
732
83
563
86
108
122
348
407
22
154
637
482
243
638
308
419
523
606
90
298
275
232
195
95
388
215
186
772
347
492
222
987
698
166
463
954
962
551
937
953
464
229
305
171
773
82
971
885
79
614
265
512
934
746
940
991
363
423
447
329
175
149
849
339
969
136
862
650
546
528
652
786
783
252
510
429
825
884
419
107
981
214
533
592
711
717
554
467
369
297
956
633
253
559
354
843
588
345
539
180
620
943
652
986
933
386
465
987
567
268
809
235
239
212
526
256
731
821
500
143
124
327
829
947
114
405
242
13
933
320
251
86
89
562
944
983
203
397
886
748
545
337
263
683
427
765
756
161
645
73
957
938
114
401
214
971
712
665
197
650
211
119
361
321
794
392
316
649
121
861
503
447
408
110
375
878
116
800
426
336
938
860
976
709
605
135
55
726
19
550
454
933
720
26
664
150
61
463
419
400
634
171
456
60
36
740
715
702
930
806
673
289
517
216
595
565
294
870
172
416
89
145
244
912
767
762
236
884
771
448
276
639
731
736
408
595
994
192
147
117
913
70
834
173
164
158
833
951
47
94
152
242
872
668
484
473
266
410
255
283
23
178
596
95
131
214
676
671
335
674
181
738
521
746
970
471
278
39
689
268
21
298
423
811
731
897
370
202
510
881
961
362
396
221
571
822
979
337
136
802
613
529
193
22
935
29
298
755
13
534
588
21
445
761
321
314
372
838
569
780
623
260
367
839
829
897
713
178
318
353
172
470
615
891
516
226
257
569
23
159
219
308
104
822
290
656
419
76
603
919
656
228
836
738
289
165
623
484
324
911
502
797
672
858
58
553
730
745
354
121
562
312
418
730
43
463
728
846
462
225
433
227
469
155
5
196
408
106
108
931
314
115
944
757
546
813
871
982
980
184
877
807
865
678
894
660
686
107
124
948
580
751
921
632
805
502
754
161
798
205
594
181
59
772
659
296
105
800
576
735
865
503
49
560
101
843
511
964
2
588
559
815
388
807
149
512
795
347
169
139
149
491
502
483
797
736
278
357
524
268
209
471
831
980
604
389
446
254
97
440
276
768
162
198
905
249
384
938
76
479
51
534
979
269
969
264
238
44
885
414
478
793
561
891
631
435
290
529
514
28
882
845
652
834
412
27
349
372
383
880
487
575
29
325
286
754
54
977
580
348
125
19
56
653
271
614
379
211
584
88
743
203
755
83
942
567
715
180
720
699
521
930
778
164
743
236
641
722
818
207
37
638
415
663
604
757
960
677
88
668
634
744
956
524
628
807
428
755
623
960
478
238
366
620
276
347
609
639
676
777
461
958
722
990
204
353
386
205
791
187
378
555
153
377
591
522
673
218
721
107
82
597
155
462
885
892
480
283
310
517
234
654
467
788
348
370
794
606
851
284
623
598
63
384
704
813
319
465
75
6
327
251
720
305
85
514
9
259
346
866
980
521
929
448
454
18
129
534
215
853
547
274
400
299
34
540
324
19
214
355
424
415
262
294
675
819
122
902
571
811
755
401
227
547
85
686
785
955
678
564
7
409
825
950
454
665
939
935
77
254
74
478
764
555
525
218
694
864
161
677
837
920
407
783
554
116
966
365
901
652
23
3
121
547
303
847
869
337
644
375
851
269
22
486
258
76
86
185
670
330
15
840
835
371
708
538
103
824
242
862
52
122
336
665
998
682
816
359
916
118
889
215
424
501
53
860
921
102
371
955
166
466
471
115
69
390
900
969
332
956
918
245
692
473
832
810
415
257
932
738
664
776
322
62
43
767
74
201
759
850
302
788
815
296
527
281
341
116
164
879
558
175
895
251
621
288
290
346
490
989
318
847
676
8
497
521
362
645
305
676
332
853
710
726
717
333
143
376
395
412
889
215
840
945
557
911
876
67
780
341
420
472
764
164
397
768
163
82
421
903
81
845
127
684
356
587
683
330
965
107
728
763
704
928
1
309
205
421
545
653
955
70
521
201
927
171
388
812
26
56
95
329
144
48
770
748
585
568
725
548
582
865
164
572
724
790
636
155
136
235
388
471
40
550
269
903
314
650
375
984
32
548
574
985
100
11
316
75
847
109
664
110
44
64
111
811
522
983
705
703
910
433
501
26
413
94
26
73
546
3
352
986
177
620
526
816
509
995
454
443
194
658
571
55
757
273
626
908
956
731
950
204
736
689
856
102
237
561
230
97
338
677
160
973
722
857
857
482
843
783
123
740
149
250
286
71
189
772
239
5
235
457
565
823
600
890
310
201
618
221
59
563
272
273
479
395
989
391
277
830
397
716
168
575
156
84
291
310
974
387
585
879
69
126
706
38
378
439
752
694
317
388
892
506
619
724
817
818
400
248
249
180
782
75
751
872
755
904
716
803
78
165
148
476
84
45
501
449
184
430
650
980
621
631
345
398
537
589
260
339
863
342
234
33
863
44
125
93
280
392
690
230
270
661
616
333
536
931
597
393
807
558
834
460
644
133
47
113
275
416
390
696
517
174
45
783
364
371
633
173
853
567
486
450
154
68
618
30
341
398
479
293
419
970
257
806
798
903
692
51
243
408
577
586
415
75
94
374
99
476
437
623
791
289
813
693
910
896
603
17
383
473
329
303
206
94
183
515
711
824
946
846
672
307
546
449
728
17
201
342
609
73
995
796
312
476
200
860
288
738
847
878
62
411
735
109
593
567
530
685
935
500
560
135
362
50
64
809
935
320
955
414
234
871
143
415
482
938
58
433
783
245
279
561
227
449
570
680
666
170
734
780
88
616
611
449
904
150
261
609
715
133
634
283
463
604
367
393
580
455
895
564
420
925
701
620
966
870
194
640
578
61
754
538
765
262
528
57
761
538
877
200
438
840
455
31
47
739
11
343
51
687
989
102
125
817
96
171
718
584
170
282
554
591
363
674
288
81
424
646
449
207
892
542
320
958
285
286
0
811
743
759
776
828
625
600
989
433
393
716
653
427
117
131
569
663
299
138
346
466
24
423
266
896
388
777
199
573
390
688
89
441
349
736
48
195
158
102
7
387
759
984
689
81
611
788
984
919
528
169
564
872
268
948
43
185
961
172
479
243
541
54
298
719
888
277
97
420
392
518
973
804
790
580
90
90
704
655
477
466
77
834
878
642
808
781
747
909
947
250
963
509
661
932
677
695
32
923
920
855
81
270
572
69
504
6
347
949
726
651
592
525
673
138
295
142
753
966
316
632
320
712
547
469
919
711
669
949
533
847
222
774
128
240
186
849
970
968
984
250
562
181
245
908
616
917
675
489
79
674
764
572
520
73
1
183
319
437
420
674
895
288
558
813
925
541
176
535
689
609
365
93
795
229
39
720
821
552
582
418
610
835
630
87
365
860
451
37
571
715
18
960
907
573
156
996
272
150
376
35
78
950
683
21
763
678
43
733
126
126
850
651
93
476
809
99
842
377
685
405
842
282
384
828
102
808
945
697
243
793
666
547
347
331
575
699
944
936
615
972
581
809
715
156
640
163
190
214
44
247
444
113
286
543
791
511
565
894
422
336
30
505
55
337
139
500
12
13
395
38
436
10
647
50
196
407
519
192
681
780
924
59
570
68
643
892
81
217
558
850
58
477
778
778
516
591
888
513
334
424
763
826
360
215
749
303
907
649
243
838
528
103
795
841
515
426
689
980
44
123
625
388
928
946
829
84
739
444
794
467
403
466
232
748
952
286
758
186
185
728
94
242
876
881
809
151
474
990
367
340
358
531
959
586
154
148
246
286
128
799
49
829
614
67
872
950
883
941
400
250
648
493
452
277
213
408
523
605
579
209
256
900
644
680
25
305
111
952
870
480
994
995
710
846
673
687
717
909
805
777
555
703
18
977
84
884
411
243
584
976
775
531
876
659
505
717
557
34
212
495
959
81
394
443
43
326
788
877
921
322
145
696
387
984
245
840
67
626
726
613
158
451
222
912
895
310
253
107
6
629
600
470
661
417
819
101
933
363
738
761
404
936
304
173
779
341
944
191
349
226
157
460
265
875
847
669
637
349
29
247
169
627
181
585
845
108
233
826
612
505
184
577
868
914
592
211
578
74
808
177
810
944
558
13
713
401
210
872
584
129
319
755
35
409
382
680
587
617
660
876
492
95
229
247
313
971
697
174
433
951
722
855
435
859
636
431
565
15
28
942
842
116
139
482
157
448
195
32
196
262
102
408
881
935
831
750
625
708
514
768
346
925
60
498
777
325
829
892
489
498
998
280
473
342
980
600
417
149
399
134
869
523
457
176
441
426
940
493
237
336
248
719
926
321
808
706
369
843
569
597
121
712
489
237
19
63
905
134
62
968
793
733
801
526
668
962
310
611
226
656
458
828
55
343
998
624
516
912
709
993
224
804
149
909
72
158
109
372
327
545
996
490
995
364
874
225
999
315
865
745
513
259
392
313
458
550
902
232
436
123
731
548
398
297
533
879
540
42
858
437
896
877
380
202
102
623
791
831
378
41
830
493
767
51
125
732
201
774
261
128
785
389
866
215
552
493
74
360
804
303
34
231
300
636
264
958
470
562
549
84
713
715
470
365
421
652
496
220
328
70
110
209
0
400
185
94
35
300
528
62
642
110
964
927
613
956
751
181
337
434
534
705
733
647
348
151
138
748
791
289
180
386
400
824
723
208
917
228
250
748
195
792
320
384
900
996
450
448
282
375
230
747
213
237
48
480
65
329
994
911
645
550
695
173
92
852
777
151
49
272
452
542
284
98
957
382
381
79
278
854
115
714
295
805
308
861
585
226
526
822
100
382
15
438
432
636
596
910
78
207
843
692
139
114
765
553
478
345
842
723
564
378
503
254
141
205
652
312
301
263
162
145
633
47
496
719
741
965
167
970
370
407
7
218
391
636
445
581
990
471
530
890
468
696
508
261
624
837
972
935
521
273
213
630
631
43
543
304
680
431
807
91
230
733
349
154
114
503
364
386
701
27
378
780
45
472
507
706
534
726
790
721
176
219
612
665
135
239
761
579
114
687
0
374
827
948
153
341
742
549
367
839
136
769
787
182
869
821
918
462
384
725
217
798
965
375
742
495
623
768
931
400
580
115
157
589
160
430
668
491
3
110
441
952
7
559
632
794
59
630
793
566
930
628
222
459
547
86
766
705
213
546
875
12
823
254
664
179
526
145
779
519
347
367
487
316
158
354
658
535
887
270
606
335
749
641
39
773
798
272
809
75
579
891
989
897
324
980
813
980
920
67
180
295
941
871
929
632
103
185
488
823
951
606
147
728
265
974
870
837
533
640
642
527
816
799
646
142
90
400
8
655
813
971
687
211
911
578
895
927
47
792
773
384
42
146
847
993
806
851
744
38
597
381
747
44
472
595
333
897
493
653
490
293
545
518
512
970
28
167
705
955
684
787
456
50
670
293
970
702
669
308
895
171
952
125
931
792
896
658
88
686
322
11
358
526
187
692
930
112
789
128
583
781
967
817
304
78
720
646
977
339
700
5
979
965
275
192
257
771
270
206
615
318
335
46
378
960
600
602
328
591
859
422
959
497
187
214
561
747
750
195
5
265
168
118
672
274
55
126
61
11
264
753
410
529
578
826
834
131
758
839
907
988
731
74
445
96
716
266
162
206
776
298
473
329
557
435
816
672
170
950
734
829
730
919
17
573
383
708
60
992
485
620
929
32
501
18
102
83
992
993
716
676
562
555
761
407
194
311
417
918
958
927
690
141
886
221
297
351
354
21
289
402
922
350
813
891
455
995
406
747
908
323
216
744
404
171
938
372
178
211
471
208
392
119
961
794
709
229
334
158
593
567
686
979
113
599
501
148
715
354
698
223
919
407
597
614
790
860
276
140
482
988
462
126
828
675
959
783
939
258
926
273
359
953
992
158
308
127
662
716
110
853
609
594
711
317
268
718
501
375
940
853
360
985
682
49
360
126
667
71
15
57
145
604
116
571
17
845
831
697
615
67
118
945
564
561
890
549
960
412
218
957
407
581
968
566
369
248
430
820
116
531
328
884
149
448
38
176
98
659
180
565
836
690
18
494
634
226
751
562
878
473
108
117
830
495
421
753
411
864
732
741
335
48
322
897
583
10
368
326
374
639
584
692
988
36
61
705
225
93
79
363
139
391
95
19
505
193
238
489
315
489
469
430
77
9
496
314
186
946
303
306
781
233
454
951
8
370
860
19
77
538
808
651
767
64
536
814
945
670
616
771
756
981
273
376
808
576
854
932
462
780
274
974
765
883
544
584
891
782
218
851
257
610
8
318
738
446
845
897
154
635
173
149
452
409
846
423
324
745
13
133
367
65
715
916
196
807
319
15
411
138
423
544
631
690
133
36
549
636
104
503
795
513
615
841
325
8
122
650
45
888
609
436
534
761
441
316
840
915
984
314
852
720
497
910
178
235
422
12
672
709
657
960
88
588
759
656
0
811
795
349
835
450
938
397
330
208
960
50
638
535
493
633
328
542
790
921
573
588
504
439
653
977
383
435
738
296
116
538
683
835
429
229
884
36
772
504
815
237
377
862
900
647
987
473
384
662
130
276
296
909
944
892
301
74
790
51
58
950
588
554
190
918
218
517
253
195
971
821
83
600
639
64
436
520
278
249
19
226
705
966
46
273
28
417
957
697
480
116
388
688
270
557
38
373
50
253
829
853
300
180
738
986
978
309
779
604
980
587
694
705
468
466
494
320
706
950
336
277
551
777
997
69
71
13
355
813
742
592
366
828
594
712
605
248
211
222
824
63
51
201
492
219
708
760
472
564
526
565
962
616
622
543
982
166
42
118
282
761
516
217
916
525
505
421
317
606
274
23
651
678
490
611
633
359
8
653
543
887
790
339
708
754
127
91
14
804
952
108
158
666
277
280
740
131
881
805
190
676
214
512
143
871
993
270
515
759
603
606
993
209
412
737
666
738
919
466
156
928
624
824
893
199
89
798
819
795
853
602
340
433
444
623
301
188
846
483
244
946
715
825
906
18
298
462
601
54
393
47
930
870
788
257
893
367
955
505
742
132
232
386
40
504
289
122
70
484
427
494
127
261
889
833
670
61
806
194
412
643
49
28
351
595
69
53
367
343
910
934
844
966
641
140
586
189
684
907
264
514
144
322
389
302
198
515
82
288
922
501
505
100
787
159
652
498
184
613
709
517
841
338
575
598
235
976
878
683
476
58
120
711
178
789
477
461
996
996
289
644
839
645
438
446
386
583
928
86
203
525
269
661
284
23
367
661
180
945
356
713
89
141
596
865
943
553
533
707
91
195
232
373
950
620
22
323
668
660
905
600
926
420
768
867
478
787
305
808
983
34
955
453
33
391
375
918
379
959
423
929
468
270
655
770
938
397
321
574
609
133
581
887
687
560
355
250
647
438
320
752
360
144
408
706
304
598
420
33
685
612
953
374
183
480
696
785
390
748
415
228
36
852
213
581
75
489
501
885
93
122
548
655
891
611
398
33
747
61
37
481
670
773
239
5
990
970
743
683
569
727
649
25
309
13
526
87
287
357
978
73
14
621
546
787
379
438
248
870
427
323
887
460
373
557
382
505
56
181
515
360
739
6
943
992
857
809
100
34
65
541
440
127
482
727
167
183
952
3
68
355
200
686
841
899
70
101
862
596
28
9
358
734
37
560
692
652
954
647
90
234
827
261
202
229
846
609
397
904
552
422
427
326
660
485
39
361
798
903
359
809
199
285
805
728
644
335
382
807
66
209
68
515
719
544
923
549
379
472
768
526
196
245
644
214
512
630
331
971
732
141
886
447
621
988
538
340
924
909
724
826
692
465
46
264
655
128
380
981
699
374
353
830
872
164
964
103
264
366
901
745
629
887
620
476
503
258
507
145
755
731
963
488
753
102
824
213
767
97
527
926
54
272
72
844
815
123
813
659
216
516
565
548
396
395
879
958
681
981
306
925
796
266
549
482
288
256
440
843
39
701
888
786
711
714
519
190
619
660
256
445
697
855
537
421
345
289
246
978
703
578
471
239
816
81
752
888
926
247
108
566
22
346
856
572
768
578
823
504
19
630
532
995
885
937
171
869
134
749
469
414
892
225
55
11
302
525
127
288
587
834
430
275
658
34
714
722
125
490
395
187
409
860
675
109
998
295
895
211
0
741
165
529
986
555
386
595
656
695
652
69
871
685
202
563
505
641
915
614
10
693
819
559
72
888
653
418
114
26
12
479
494
796
641
908
702
275
373
689
813
351
859
359
10
415
273
977
339
838
320
5
831
480
568
548
941
890
219
933
51
874
316
54
854
182
239
89
182
200
23
594
445
331
277
918
711
115
879
871
631
838
601
343
222
404
248
914
980
853
385
972
954
672
323
999
724
39
537
989
575
385
173
386
446
698
263
880
455
228
377
673
847
784
896
166
832
116
514
247
81
737
884
3
277
918
49
322
942
57
27
23
653
687
411
266
90
433
993
437
50
27
15
25
768
434
246
627
112
854
128
824
288
543
50
955
887
957
73
246
57
651
881
247
45
693
957
764
34
852
673
990
498
133
402
699
690
781
63
231
251
386
987
761
702
93
50
626
160
335
9
128
8
92
771
61
782
752
623
153
979
669
718
320
594
737
126
638
990
11
805
929
77
249
555
482
76
93
141
6
865
153
138
511
177
769
313
964
603
774
380
128
574
758
179
217
716
273
965
913
166
744
68
311
299
555
396
673
947
550
949
425
644
69
515
609
425
941
888
904
412
702
441
396
966
919
411
239
660
118
887
930
788
414
203
862
107
65
90
397
160
467
392
579
396
257
927
951
940
528
327
249
198
946
530
43
588
51
115
839
601
618
151
519
973
901
396
994
74
256
209
354
919
766
404
852
64
352
400
673
586
952
242
169
224
775
815
751
490
653
816
414
825
592
609
698
845
523
661
53
739
398
479
87
12
859
145
385
811
524
221
989
489
702
326
612
758
446
327
37
846
501
312
338
935
101
639
560
896
818
169
688
946
164
534
819
698
108
365
182
712
62
221
114
698
313
751
613
383
200
401
422
952
117
693
763
145
402
848
901
550
32
186
295
509
963
834
460
593
224
474
886
897
717
261
26
787
240
734
380
999
569
276
889
321
132
664
690
580
785
193
994
428
221
322
381
615
838
265
83
801
649
848
509
92
88
350
917
635
573
593
730
153
224
836
376
450
703
658
960
10
683
753
844
539
570
908
300
202
789
596
713
855
141
631
432
676
480
275
85
308
386
404
736
949
439
33
641
342
624
988
232
265
698
51
635
232
246
525
184
996
823
718
364
557
301
935
938
887
423
199
575
884
800
294
614
202
336
629
818
592
618
547
731
502
668
633
915
354
793
584
632
235
798
596
581
927
221
788
483
305
743
679
935
808
541
619
649
344
443
101
68
4
560
808
995
163
505
117
281
715
230
254
165
903
681
139
612
397
478
667
759
828
631
185
639
477
593
461
517
746
598
948
663
869
26
584
292
57
444
121
452
371
444
140
258
76
880
1
4
705
915
155
383
978
342
329
697
459
259
222
616
736
978
822
35
630
864
303
764
346
72
971
911
45
373
861
280
262
887
409
680
155
222
854
643
892
734
194
446
727
180
484
65
769
481
141
556
536
200
976
163
843
88
157
138
528
178
151
382
171
181
24
266
853
791
701
164
439
120
981
737
390
302
294
739
400
596
672
625
335
147
902
913
95
692
228
191
573
123
372
439
210
205
566
395
631
565
971
553
996
439
383
589
545
155
559
465
626
157
835
272
962
254
725
342
680
931
756
379
464
650
920
442
89
305
516
622
863
421
508
650
513
192
483
492
77
567
425
402
928
651
491
965
939
886
972
603
85
438
59
414
895
544
646
112
430
279
849
185
24
599
800
984
46
641
999
257
962
192
707
892
352
596
532
423
909
294
427
522
944
822
875
649
553
286
987
452
826
299
445
472
284
992
444
155
28
518
687
884
226
434
158
172
425
555
258
976
653
165
805
938
417
521
831
668
859
905
536
836
388
229
862
358
235
294
429
929
90
478
197
595
649
96
84
12
190
752
673
717
468
87
578
846
488
285
587
284
151
800
514
27
486
955
261
287
849
592
286
574
228
536
581
467
465
857
565
108
393
555
293
461
234
873
924
977
102
412
265
541
647
580
969
150
13
664
751
858
126
230
315
73
388
179
365
893
83
920
41
901
347
489
356
442
621
219
664
420
734
672
743
397
140
146
67
758
316
991
861
234
413
127
840
518
273
442
685
89
149
999
677
140
42
957
485
582
901
269
932
885
48
195
988
7
641
292
415
504
312
907
28
214
745
554
409
805
826
444
272
299
532
751
26
100
11
965
535
438
66
392
198
318
659
1000
963
956
958
62
925
291
130
837
35
1000
898
25
81
77
791
606
942
853
796
675
181
732
908
740
812
230
900
819
125
928
103
97
70
162
433
931
759
83
837
648
791
591
31
24
151
147
684
421
782
470
473
811
563
561
434
101
920
199
221
308
613
880
260
565
135
829
279
891
520
150
276
9
822
642
512
877
617
285
133
218
440
585
919
428
72
97
423
395
786
484
293
616
325
790
132
504
563
230
317
220
803
547
397
618
648
543
215
30
133
967
673
751
450
365
354
621
392
612
500
702
89
303
772
539
545
489
200
966
363
88
603
678
632
693
258
949
142
150
735
14
58
75
383
430
91
378
570
434
824
388
678
84
430
610
935
892
492
459
646
310
223
321
34
13
137
7
146
122
49
142
558
167
884
388
634
177
443
633
77
760
573
493
152
798
293
655
124
204
524
847
507
81
255
626
148
75
614
654
88
592
273
343
308
870
90
927
733
692
221
703
614
163
736
514
867
702
944
805
663
726
331
734
374
942
655
908
531
880
339
144
701
603
657
487
448
258
951
147
180
816
216
359
15
972
55
81
284
118
789
372
699
952
187
13
844
373
773
469
418
612
917
836
132
290
51
258
491
998
19
310
914
735
394
604
242
518
232
507
94
845
859
185
86
255
560
142
159
989
338
416
166
151
581
216
358
217
771
522
306
212
581
567
543
239
68
173
348
421
48
861
391
430
475
113
270
602
551
840
369
561
642
261
436
257
348
890
507
221
806
319
268
34
398
342
163
688
715
916
286
634
415
650
271
193
326
237
267
460
655
728
443
135
108
201
372
852
309
261
688
534
300
915
379
184
564
833
907
261
366
403
207
954
996
274
901
249
7
413
680
338
32
822
409
640
792
397
142
100
130
372
625
740
816
610
458
878
936
162
935
580
443
442
849
501
542
546
320
637
535
20
276
946
225
713
637
189
771
823
786
646
62
605
768
866
858
709
292
834
782
359
671
40
229
43
951
896
160
753
506
997
602
886
171
794
167
801
165
179
969
448
413
340
728
305
769
724
106
766
621
94
458
76
658
4
21
907
707
9
722
664
337
884
926
978
832
936
538
371
631
820
72
156
303
63
19
517
401
844
432
488
519
898
328
471
410
640
475
713
297
602
291
324
319
789
331
957
839
792
223
896
513
748
976
793
694
761
421
272
425
317
197
260
432
195
721
441
99
961
608
42
161
143
704
191
500
943
814
896
468
262
328
330
628
459
204
348
103
48
569
855
876
722
45
317
993
433
952
835
620
51
677
343
844
614
164
683
984
952
97
535
917
232
888
929
994
996
849
678
873
447
468
845
665
322
920
865
835
576
42
132
548
747
782
653
787
902
986
456
203
673
382
276
857
870
692
470
190
387
906
591
31
712
378
506
446
644
169
99
143
365
217
74
156
490
551
512
924
696
446
823
468
778
763
286
49
575
352
590
618
720
0
143
309
806
536
932
371
543
248
27
827
15
304
437
470
317
831
224
773
535
729
252
459
932
241
419
596
478
938
244
602
349
89
539
645
504
593
48
595
157
714
238
36
42
371
886
673
816
729
810
701
223
115
213
542
704
515
661
30
414
943
851
256
397
228
341
421
773
651
939
544
951
467
422
75
624
185
944
127
232
113
71
762
803
964
792
100
825
641
557
974
211
480
659
660
474
842
99
969
261
187
777
467
270
400
589
119
789
291
732
705
298
670
752
892
956
151
567
437
760
492
316
618
695
715
488
553
274
619
561
748
948
177
103
32
726
779
818
38
680
531
82
681
464
48
955
777
690
847
983
987
293
653
343
402
410
310
423
7
656
869
817
439
612
36
626
804
161
607
769
333
273
429
3
845
361
212
229
395
244
512
424
201
545
642
267
196
238
427
500
831
27
918
428
93
754
115
456
972
912
400
190
644
442
8
405
532
813
942
638
483
268
703
331
139
35
919
585
141
48
560
735
357
860
405
211
139
721
577
324
332
372
433
672
455
211
445
641
404
986
967
932
290
70
963
122
439
402
616
285
505
27
188
665
407
137
993
49
811
136
854
597
767
421
908
62
209
128
324
306
952
269
932
123
465
635
734
778
837
138
719
23
83
356
41
56
913
440
678
839
775
439
505
593
650
147
764
799
344
764
582
246
426
285
30
399
930
801
904
487
602
135
10
286
97
399
88
365
438
217
405
524
227
31
901
87
806
830
123
385
487
681
171
783
956
837
106
337
340
828
992
951
781
224
350
732
648
847
277
809
805
150
743
480
348
562
881
913
669
261
751
504
393
314
682
161
284
134
915
726
177
44
905
16
228
533
249
625
19
518
204
769
39
263
704
577
226
784
933
331
81
980
833
375
873
87
766
787
915
397
863
610
529
723
531
87
520
348
826
661
25
363
769
536
713
192
993
735
467
379
947
731
275
784
926
298
611
383
773
617
356
815
934
678
196
432
136
976
720
860
315
898
245
172
509
121
934
532
604
223
857
200
728
2
721
160
663
666
433
679
616
224
532
91
405
781
909
695
8
603
438
765
591
706
419
975
122
992
647
101
244
49
410
506
560
166
627
976
84
702
805
53
220
816
347
724
980
541
379
349
316
457
365
385
887
4
99
812
186
874
357
584
34
817
446
602
301
706
775
75
417
200
180
315
221
489
826
977
555
244
332
618
850
836
911
655
778
789
910
636
242
387
124
98
929
989
378
89
991
711
41
52
648
458
241
719
716
2
154
823
667
177
642
11
71
674
195
98
2
750
11
869
440
428
862
342
933
894
937
764
621
411
560
127
814
678
634
725
319
648
738
21
548
382
820
991
775
520
707
874
86
809
784
220
382
42
540
131
709
92
137
468
700
290
691
984
210
921
711
386
530
717
241
168
108
643
209
919
435
414
306
451
818
198
32
575
587
140
789
57
769
811
31
758
67
458
782
77
729
123
610
527
998
743
860
368
223
529
600
572
334
609
570
433
393
295
855
253
608
317
441
40
292
866
197
259
850
743
5
886
414
633
619
552
650
846
634
803
225
742
716
166
316
310
512
734
295
783
987
3
11
485
741
6
477
870
252
548
368
295
595
718
787
177
393
473
476
742
78
728
159
779
442
340
864
206
797
171
792
757
903
823
518
506
36
382
990
434
562
197
137
79
369
253
354
6
951
20
79
254
832
633
768
682
240
970
133
456
685
679
532
770
426
735
879
759
258
397
391
767
334
959
744
497
421
273
222
803
905
393
569
105
1
507
811
516
498
182
8
308
852
470
795
651
782
683
826
971
317
530
904
788
946
203
462
173
213
273
705
607
274
54
821
439
943
186
987
252
947
886
433
582
894
631
930
868
393
918
916
77
787
738
576
233
397
308
777
104
430
682
246
827
630
106
771
89
796
535
878
95
20
813
839
610
226
602
72
973
612
838
753
123
560
42
459
675
29
21
549
298
254
541
544
305
870
385
331
234
346
164
589
659
300
643
940
161
618
908
241
875
673
87
894
46
623
517
879
370
579
825
96
852
845
557
999
142
100
780
633
393
800
355
306
32
421
100
516
170
584
907
689
523
149
495
989
282
629
888
118
272
787
883
261
161
620
808
148
460
257
651
30
84
429
103
165
497
565
769
759
506
424
333
471
172
265
876
773
665
264
28
85
390
247
386
563
78
791
525
75
19
466
580
666
584
594
124
68
892
811
593
507
234
516
510
625
12
293
837
275
100
790
894
144
517
645
30
117
984
703
329
308
501
344
938
63
233
301
305
537
889
931
909
752
706
731
425
710
358
28
306
695
796
289
741
757
266
290
478
880
236
226
288
266
437
620
802
689
576
768
253
826
578
293
36
80
110
820
80
565
555
411
833
277
48
607
860
789
308
471
65
952
124
811
133
329
657
224
455
105
495
867
100
689
684
509
887
411
388
176
695
261
783
575
495
2
170
45
600
870
741
273
173
787
120
144
49
497
641
52
863
27
630
209
470
190
368
763
643
663
135
654
324
858
926
871
910
516
505
923
29
704
684
794
326
93
487
843
722
653
481
295
590
25
54
369
152
651
362
807
250
123
454
738
103
977
622
396
498
821
234
450
235
974
439
651
25
661
561
368
542
276
323
700
435
59
908
565
603
515
761
672
322
853
437
112
127
345
745
190
656
497
746
360
375
690
470
255
521
727
69
806
275
704
375
238
981
196
440
572
174
822
625
446
843
526
258
483
374
348
40
147
6
700
628
858
637
594
355
722
217
105
412
388
189
288
307
89
444
770
551
368
464
212
351
62
789
826
370
390
210
428
723
170
75
520
224
484
28
588
659
987
528
870
997
266
751
75
347
525
898
900
149
521
224
857
357
3
736
587
381
172
599
139
126
339
201
786
697
932
550
711
601
367
39
415
13
175
843
186
733
843
843
926
266
614
634
675
764
771
497
848
336
200
624
384
525
87
276
615
757
808
642
385
134
401
17
178
943
895
744
921
247
737
595
23
71
625
307
116
799
522
519
219
190
384
216
312
354
695
628
980
564
611
420
147
907
52
19
429
88
367
187
866
439
469
961
381
999
666
13
877
610
571
802
16
539
423
271
477
818
701
964
724
185
807
388
758
386
163
21
402
218
849
283
79
494
580
399
285
204
5
308
786
62
708
814
158
606
203
789
13
919
957
157
611
918
747
919
878
121
538
296
142
148
810
979
883
821
228
426
921
347
284
980
546
917
952
145
628
330
633
546
577
323
937
816
665
143
339
485
355
425
577
950
689
317
222
270
215
157
129
101
465
161
606
144
476
988
832
221
848
190
81
447
402
540
859
714
541
170
107
466
578
37
370
392
796
64
636
387
497
121
501
136
611
709
13
646
490
691
717
621
959
936
159
138
473
520
320
522
637
173
34
508
67
483
219
146
427
837
817
483
517
669
799
773
326
213
489
491
147
66
563
334
831
369
498
365
77
286
384
242
335
923
314
39
104
900
629
792
438
637
522
823
582
1000
302
220
244
481
709
173
759
917
211
993
770
455
585
910
63
289
555
344
95
679
313
899
618
215
908
607
71
50
447
598
780
647
115
160
637
741
497
39
543
635
283
920
688
897
601
858
59
839
431
151
820
603
617
695
640
157
225
7
864
394
396
269
59
49
118
447
703
35
967
669
240
648
430
492
461
765
621
833
163
70
502
912
47
477
201
804
316
487
75
557
201
599
141
600
407
890
852
546
248
288
433
198
322
676
30
345
272
41
396
415
281
719
914
985
171
279
165
681
63
26
367
426
627
882
37
83
6
6
271
357
462
486
852
454
921
307
193
310
719
865
475
745
202
687
941
947
934
414
615
389
860
203
949
32
231
920
632
321
763
812
159
335
937
436
890
791
878
707
862
423
0
49
686
74
8
897
342
953
341
187
68
370
744
395
856
108
792
517
862
720
893
932
543
898
928
22
444
580
880
576
985
504
968
260
659
350
159
197
609
575
624
276
156
164
697
708
697
346
853
472
549
949
114
659
475
78
195
722
58
287
823
89
835
767
853
422
525
94
448
180
772
343
745
734
490
310
58
37
257
676
972
194
782
443
896
489
923
160
863
490
787
583
214
714
433
199
4
958
282
57
956
197
699
245
20
170
166
392
917
477
752
982
699
754
309
163
153
11
10
394
799
88
398
300
553
791
865
748
914
246
928
224
487
468
234
183
996
708
21
761
265
146
202
953
627
219
7
256
914
109
932
611
647
87
422
664
579
628
324
38
128
429
29
429
122
512
130
773
349
395
224
176
170
307
352
898
814
664
544
688
212
768
600
267
812
641
5
555
152
965
389
124
916
764
108
888
700
748
666
614
714
783
74
363
647
641
366
882
136
950
299
278
551
247
163
281
993
606
54
114
525
462
113
174
567
871
369
60
529
643
143
889
150
558
826
685
6
778
815
331
430
869
633
215
70
591
85
869
157
278
991
167
899
247
389
434
139
216
703
420
895
860
854
724
977
243
100
368
254
382
490
190
697
182
700
529
68
419
894
572
289
899
939
195
9
383
398
314
151
565
67
909
269
40
494
453
541
227
582
379
576
30
818
737
504
473
417
59
146
291
708
24
817
90
457
804
884
488
927
708
205
720
977
458
610
310
757
249
349
359
41
336
130
49
497
297
402
518
131
913
437
213
189
378
991
50
592
573
875
155
734
147
859
95
415
316
573
116
352
356
637
998
585
247
886
350
464
343
840
159
53
568
177
934
189
29
723
559
798
248
309
329
135
557
814
782
551
717
804
447
342
432
735
532
981
50
195
170
956
254
85
92
22
810
608
416
575
809
363
209
371
502
340
977
874
86
447
639
744
407
720
785
460
184
336
472
460
889
674
258
308
194
658
355
14
788
299
222
391
392
638
360
168
462
145
999
779
60
863
290
277
661
515
696
801
579
183
750
761
516
0
836
264
115
205
229
325
700
800
247
594
603
463
857
299
482
129
393
493
156
394
934
730
867
214
648
620
517
70
772
663
626
213
803
758
500
47
290
899
176
533
969
770
791
670
736
301
153
465
358
717
780
756
784
130
879
685
921
501
658
719
165
258
666
458
427
753
334
879
930
489
982
292
822
418
773
947
92
364
816
745
372
12
834
344
119
357
70
963
138
551
752
557
351
14
519
66
662
439
57
57
31
615
9
260
598
772
965
82
968
766
377
934
710
783
99
81
986
300
583
566
908
111
27
775
529
632
56
692
691
936
183
965
264
800
237
125
489
436
60
289
312
784
380
91
322
316
840
52
646
209
935
518
581
123
268
66
614
593
962
731
139
59
389
174
361
731
541
276
990
412
565
996
408
415
788
78
745
381
974
396
598
560
31
534
7
738
591
573
808
664
964
623
454
682
2
161
897
703
379
792
148
870
428
415
907
122
870
67
294
317
952
535
244
862
95
572
734
413
308
635
10
737
119
782
73
988
641
918
642
88
731
365
582
826
330
327
284
559
215
175
752
518
199
813
432
158
336
207
689
334
912
562
274
222
264
102
969
622
738
858
705
842
888
711
472
186
942
230
73
210
174
762
225
918
288
135
766
620
781
382
458
580
352
153
171
627
228
421
178
780
254
900
214
241
479
41
147
382
17
670
466
491
711
319
272
900
813
288
158
938
160
365
573
661
545
125
82
825
919
914
291
285
181
164
153
425
824
925
849
531
59
277
100
979
810
320
614
162
144
658
391
800
508
134
110
555
348
437
914
850
439
238
196
186
813
326
202
439
988
222
469
476
218
447
653
987
846
235
772
822
402
977
310
164
798
15
275
871
788
391
239
411
828
194
950
495
210
836
52
129
576
674
69
209
447
427
365
754
477
327
35
326
322
90
597
262
829
32
798
26
340
718
812
959
36
317
530
444
662
560
191
937
864
659
571
193
636
456
952
704
382
577
596
912
71
425
253
75
794
512
350
15
148
148
829
793
149
981
768
800
829
364
420
676
776
891
326
174
381
74
742
649
440
139
410
621
847
542
657
3
273
773
461
745
960
802
297
877
227
12
504
327
812
392
248
57
350
598
792
250
924
382
168
818
404
131
594
721
515
434
160
771
332
957
513
250
677
990
851
323
593
218
792
723
750
306
970
256
116
213
40
207
100
439
844
235
151
599
631
343
898
801
46
542
785
869
809
9
596
142
425
993
899
474
439
39
898
134
890
859
50
225
365
208
630
308
803
649
243
656
583
747
880
298
635
665
306
760
409
544
918
212
370
633
94
412
850
848
881
975
786
324
469
804
756
896
868
858
629
109
386
750
190
797
534
596
637
37
451
536
718
494
54
489
290
955
24
879
452
202
625
210
287
991
814
971
680
81
663
108
541
965
365
167
89
905
46
743
69
773
863
733
772
822
829
69
575
676
300
692
866
837
890
358
853
409
534
758
995
162
167
259
694
410
988
751
295
545
766
329
486
463
358
51
919
24
265
7
421
319
383
478
679
441
956
701
418
354
971
2
917
275
87
612
394
59
7
49
926
252
929
832
805
494
757
793
885
662
946
94
964
368
515
853
557
902
636
520
254
853
241
213
848
204
889
858
191
171
804
284
107
673
181
675
744
108
654
71
168
266
661
5
316
272
547
148
284
794
66
915
194
729
551
557
890
247
662
319
564
779
938
15
648
602
362
158
604
54
664
730
4
345
191
805
475
957
993
598
926
872
186
646
128
0
962
583
599
716
978
17
70
179
879
991
781
920
754
869
442
865
104
593
901
999
50
83
395
46
666
385
228
619
746
91
237
129
37
170
844
191
799
906
623
594
30
197
73
272
904
84
953
456
13
710
139
648
632
828
538
215
392
133
813
127
890
117
906
596
630
636
737
604
741
857
529
134
476
733
287
331
674
534
743
312
316
195
900
871
923
377
565
721
337
519
79
728
42
22
125
454
184
153
39
370
9
599
517
148
290
855
262
793
371
204
14
154
412
513
834
586
707
210
163
618
553
56
880
436
493
307
494
733
914
504
266
3
132
425
910
979
454
772
439
158
758
69
594
982
418
407
340
899
259
365
467
163
636
172
264
672
374
242
890
323
300
328
773
821
90
576
467
128
187
68
20
196
476
186
849
738
370
845
722
257
997
825
398
997
294
891
643
3
692
760
666
930
80
518
403
14
415
646
223
214
606
222
409
647
149
841
323
570
10
791
818
449
192
43
600
898
46
933
276
238
659
412
110
367
774
697
944
762
642
604
924
543
632
227
609
398
720
309
51
238
410
935
478
940
77
450
32
135
754
464
856
212
508
473
124
110
59
856
79
875
874
614
931
338
757
768
209
49
972
193
909
894
572
255
706
973
286
204
513
844
843
672
432
538
63
349
116
58
629
737
405
226
961
788
962
747
797
891
663
872
154
168
309
296
232
180
570
349
591
488
652
144
123
482
871
655
105
169
334
716
1
781
337
467
672
486
350
899
190
94
523
573
689
314
656
464
381
648
183
238
771
392
725
694
13
854
255
551
2
147
765
174
276
447
589
6
977
965
964
765
77
492
801
842
317
866
853
855
199
486
594
323
657
537
829
943
150
400
98
654
376
842
830
946
951
441
502
773
840
589
918
196
211
324
908
595
169
800
105
534
893
382
339
211
120
282
659
311
487
880
36
314
446
190
341
752
570
914
857
582
468
779
660
480
312
371
55
941
848
205
169
392
226
518
23
110
160
332
219
274
546
548
233
595
685
612
5
878
643
333
278
156
244
99
990
186
718
709
507
795
257
953
602
963
738
308
961
491
635
323
354
952
345
553
932
497
375
898
433
241
91
778
453
853
333
477
996
352
387
500
981
244
855
465
917
796
353
968
49
41
622
655
666
543
833
748
563
236
5
125
587
876
765
487
822
661
734
693
559
637
513
661
505
626
308
578
678
472
539
128
337
80
836
193
843
97
109
799
359
900
952
567
413
514
941
881
639
151
407
991
834
748
315
615
542
264
883
293
177
894
555
767
567
143
725
417
874
743
707
242
106
169
751
566
196
748
180
460
487
120
548
752
307
314
908
724
928
909
57
672
960
525
477
460
584
657
862
105
743
392
344
523
545
202
66
426
635
196
394
796
659
316
986
238
161
247
48
324
356
747
837
430
498
948
903
140
357
834
24
151
82
278
768
965
893
350
363
819
842
232
88
613
19
382
322
191
17
571
276
808
224
849
902
711
530
837
883
328
588
109
84
649
3
494
304
353
452
661
395
854
752
225
586
130
356
889
686
890
928
295
626
78
305
807
653
579
278
422
33
619
153
626
799
254
989
462
510
299
425
262
296
637
470
658
730
406
943
473
969
269
274
769
475
46
28
306
6
189
279
587
515
346
838
764
544
109
7
181
75
754
442
824
878
848
407
791
506
681
699
338
805
961
463
836
927
219
335
920
373
378
26
205
163
540
291
581
170
495
363
40
335
114
7
733
687
654
923
561
81
817
691
866
369
596
53
605
451
576
479
933
22
337
235
846
718
328
657
769
317
676
727
324
128
838
339
476
413
764
60
537
734
919
196
33
486
98
141
213
152
464
183
958
803
709
307
199
171
178
549
546
340
107
700
546
670
31
128
462
15
177
847
648
796
366
30
172
409
345
137
180
319
584
491
948
952
997
1
410
122
24
882
322
253
323
287
870
417
384
448
78
451
768
66
623
623
854
971
752
246
241
359
271
723
350
572
95
330
476
888
152
801
454
235
487
234
787
50
548
297
577
142
830
868
696
557
241
173
363
565
208
144
595
578
837
426
463
372
884
521
430
270
465
369
180
157
457
416
655
974
64
90
99
513
167
97
861
830
728
782
