29
555
908
19
177
250
349
667
393
628
32
99
23
941
682
712
335
810
742
82
969
4
496
772
433
544
755
560
851
623
977
82
367
51
856
81
702
836
572
478
597
101
65
97
857
840
851
519
704
353
4
507
374
520
364
595
109
59
313
985
374
122
301
20
554
812
815
700
453
751
208
504
22
234
650
815
191
16
482
677
382
540
606
639
940
636
439
948
193
927
338
772
986
482
108
656
97
962
962
782
492
226
535
389
276
76
9
159
833
127
895
589
710
402
815
152
178
12
663
70
922
985
955
319
728
748
187
929
964
355
24
135
120
380
270
237
565
962
183
52
164
916
374
797
265
790
291
965
488
576
257
837
724
826
264
628
326
43
710
105
332
688
234
670
197
908
207
992
281
864
467
313
164
680
564
427
674
961
867
521
168
748
999
991
38
817
707
973
75
726
77
369
979
977
951
417
51
948
863
870
175
820
291
282
470
658
48
378
931
880
60
441
471
883
769
302
597
288
809
372
214
346
651
715
656
480
717
26
338
768
156
237
642
415
178
526
766
994
674
72
117
182
461
937
141
838
649
672
369
673
106
81
285
407
38
597
640
226
254
225
863
534
162
339
964
35
50
471
990
177
28
110
319
950
116
161
736
145
238
295
210
272
228
932
514
763
924
168
725
402
525
326
445
880
82
984
585
299
873
209
376
430
242
821
453
241
209
365
688
985
336
727
683
479
937
28
291
945
720
124
425
749
816
68
592
794
214
749
173
945
524
73
5
227
892
542
251
891
682
631
23
236
252
684
606
255
992
904
293
201
22
331
962
310
281
258
49
581
505
561
626
651
94
466
159
468
76
588
329
86
467
867
393
581
300
926
26
884
830
423
6
627
918
127
34
255
123
257
842
992
594
716
865
49
760
149
712
993
325
974
188
773
533
517
70
236
684
221
512
936
891
529
953
571
699
938
592
759
155
145
804
778
710
159
396
938
824
89
793
543
430
422
925
604
294
430
325
451
942
749
825
506
24
297
860
119
189
66
554
276
913
356
215
873
89
718
739
770
143
211
371
976
861
341
918
478
456
495
602
886
764
224
373
187
4
943
594
515
864
842
472
383
360
247
452
789
391
611
299
763
990
346
201
9
242
153
417
365
90
692
471
534
756
586
492
559
175
916
479
667
334
778
311
36
323
594
134
822
86
739
797
127
400
87
430
247
16
723
895
420
243
162
411
700
290
640
964
583
875
661
608
858
608
511
11
105
438
138
784
253
691
974
750
780
955
881
717
576
641
978
467
991
80
595
865
885
54
603
99
844
943
643
959
471
90
454
226
528
132
220
447
736
684
13
866
339
632
781
53
444
200
485
387
897
769
192
847
605
562
633
555
813
809
733
562
794
457
878
430
94
995
589
34
910
2
902
235
773
935
204
978
380
331
933
428
146
317
51
642
20
188
322
121
178
739
441
96
772
507
873
440
634
247
125
874
913
959
765
928
841
894
39
213
872
196
973
734
250
792
206
357
158
844
739
976
21
926
249
95
942
744
197
774
412
59
354
921
850
876
390
496
821
860
148
591
649
576
219
896
189
879
29
59
28
895
182
235
76
997
888
712
218
752
993
438
134
728
13
587
795
144
62
282
121
312
38
49
182
821
430
912
916
270
906
127
800
484
60
207
319
40
543
604
706
750
672
965
764
964
236
561
275
19
657
285
59
690
899
962
803
87
447
431
356
383
325
638
652
501
264
104
578
200
791
845
102
980
687
826
332
868
328
337
756
236
728
322
984
332
666
209
964
596
343
180
297
188
989
629
477
621
792
641
579
329
934
781
211
861
42
836
470
732
691
680
641
428
679
226
299
997
881
173
274
866
809
527
841
969
802
639
115
459
648
766
444
909
488
69
324
211
101
356
905
472
297
917
203
913
600
331
48
259
352
168
683
219
421
731
745
804
129
874
896
830
846
49
851
877
365
298
162
759
393
955
841
714
826
704
983
187
178
314
774
456
100
986
887
322
861
367
741
60
863
826
383
394
570
92
861
952
379
134
198
946
706
974
465
72
558
309
763
256
413
68
810
289
747
907
47
957
146
181
526
652
961
542
659
419
909
42
266
605
529
912
917
813
288
906
6
401
165
668
943
57
250
972
455
578
163
128
31
259
330
684
337
520
53
537
182
580
236
792
286
243
492
716
583
830
955
968
798
886
474
210
538
697
953
543
146
89
20
246
891
436
1
38
338
947
392
202
850
229
441
711
618
728
860
786
126
438
206
794
918
139
355
289
256
307
651
140
130
886
562
960
203
524
417
513
126
239
80
822
722
677
97
105
409
345
581
466
76
469
572
657
379
393
773
914
380
910
178
405
967
537
859
904
776
477
357
278
19
877
772
673
145
839
529
265
373
987
535
186
384
149
957
974
510
506
817
977
860
833
348
522
565
969
5
557
284
278
763
460
297
68
914
586
613
676
217
532
56
173
391
556
415
896
420
508
509
242
41
789
856
111
282
238
786
668
694
704
56
928
778
68
433
400
652
200
938
542
244
72
201
733
545
761
618
37
578
310
566
477
725
992
115
655
49
62
545
403
958
250
725
30
369
633
138
995
501
79
587
716
541
427
975
179
912
728
80
697
520
460
537
77
55
448
985
797
25
632
140
853
988
803
467
989
206
38
675
550
575
713
784
628
768
168
646
970
508
614
781
351
525
986
573
833
988
127
330
309
994
278
610
569
712
388
45
50
280
601
677
769
202
276
346
996
864
400
147
569
841
651
792
30
350
272
745
183
449
855
295
363
909
416
636
404
126
284
714
742
532
334
648
784
249
399
163
866
824
393
152
265
413
87
207
302
911
556
445
71
831
947
782
263
569
745
715
379
396
166
757
771
861
910
765
43
208
726
659
279
413
991
110
825
160
383
391
166
850
431
672
297
983
888
282
690
926
494
375
188
90
903
96
428
486
209
889
946
910
960
38
430
438
729
48
93
409
931
464
138
740
924
648
460
454
772
952
511
802
337
315
540
181
850
380
383
1
159
807
605
606
211
305
325
490
55
861
61
524
838
188
439
204
114
538
76
642
497
132
625
591
716
881
985
125
190
841
877
571
636
239
124
41
429
105
409
245
303
605
940
363
697
5
854
880
590
980
898
387
733
63
440
965
213
71
931
787
759
115
830
795
695
736
651
168
462
886
476
426
665
282
320
566
994
317
100
594
873
771
283
302
195
944
624
446
228
226
191
663
90
104
313
737
567
788
16
337
915
878
443
463
509
601
467
394
219
853
121
553
771
914
563
803
431
1
773
265
987
663
30
281
91
801
614
200
207
976
780
561
246
199
742
619
859
958
67
885
883
335
323
187
31
640
390
731
384
462
103
178
215
279
227
278
741
932
849
904
470
161
751
704
231
26
50
761
862
814
249
311
302
758
917
936
605
335
233
713
677
887
392
435
58
59
259
725
713
914
971
773
736
197
441
89
500
16
407
910
700
319
151
890
432
517
120
672
627
107
206
987
962
728
384
653
407
985
212
251
520
758
705
939
607
290
579
826
680
30
555
363
508
707
811
252
297
813
933
770
101
943
896
216
96
804
367
238
821
457
527
728
106
547
356
53
632
740
998
32
208
899
649
896
548
660
434
397
399
622
309
963
139
423
640
77
334
497
194
359
717
709
726
209
197
53
158
799
895
288
327
162
202
939
764
797
574
174
528
896
649
773
535
781
86
725
350
858
712
755
629
209
902
36
772
761
780
578
387
179
856
253
971
88
623
416
134
241
657
899
122
846
489
985
377
516
752
353
361
395
364
311
529
253
570
479
194
50
944
977
438
213
470
673
416
284
86
970
324
369
872
252
166
547
954
908
390
702
137
14
399
13
385
571
844
370
257
990
541
880
920
165
664
723
268
24
215
32
312
567
982
988
148
387
835
617
256
709
733
278
823
875
893
772
815
152
942
888
407
454
334
895
831
393
741
727
645
367
289
973
869
921
492
99
84
807
761
367
493
727
332
174
847
996
187
811
117
610
568
381
108
882
711
135
59
219
505
691
983
992
214
354
285
354
899
752
854
380
550
18
715
703
67
959
841
868
968
446
192
704
505
18
141
721
239
297
695
451
487
330
369
80
440
345
491
709
734
331
938
985
437
569
58
352
52
228
70
438
861
421
927
57
66
544
589
308
158
795
328
877
12
852
871
940
870
115
745
646
18
559
995
91
742
24
451
472
909
979
163
793
547
830
475
287
344
401
650
853
739
61
305
52
337
90
754
277
762
480
947
253
196
944
278
179
495
219
520
964
533
397
72
25
461
453
926
72
323
573
332
336
754
61
504
718
396
986
117
572
357
806
526
145
248
591
516
199
896
620
979
71
269
722
193
857
613
843
772
403
746
567
667
891
253
440
28
190
563
881
542
865
874
610
789
689
218
940
101
768
524
492
599
782
242
236
860
265
588
915
267
49
609
644
228
993
986
364
961
12
884
889
248
501
588
379
419
913
404
395
282
101
371
905
625
157
858
271
416
807
242
404
975
799
405
846
187
601
764
857
164
386
256
176
640
43
869
83
793
567
971
89
707
895
363
668
408
693
669
263
991
456
483
605
826
345
121
584
1
574
104
805
69
835
283
410
714
682
222
95
896
441
610
459
480
854
764
28
923
863
218
737
691
520
996
834
413
117
372
114
782
133
111
25
127
585
815
535
206
52
704
186
23
790
721
486
483
977
501
984
758
460
602
293
311
427
659
513
229
848
908
354
370
515
689
307
652
159
903
572
319
70
778
746
311
781
56
30
386
800
995
794
233
670
574
744
66
809
293
5
285
854
821
841
539
227
132
627
545
640
858
63
968
287
705
231
772
705
532
214
557
294
600
538
271
382
289
587
920
704
782
538
618
458
969
11
944
299
865
774
710
429
554
37
770
749
577
616
812
51
180
560
306
799
478
312
54
304
457
646
367
414
607
814
785
786
784
836
102
767
384
333
989
429
439
618
696
623
295
776
12
130
969
211
591
439
153
960
173
286
676
739
200
126
219
621
143
584
71
176
319
611
339
406
923
818
394
75
552
66
847
270
528
580
28
855
217
577
177
682
964
914
675
705
284
278
920
977
209
184
303
307
689
331
895
958
346
890
483
673
874
513
200
634
760
21
448
105
425
68
484
554
129
497
475
813
292
799
383
714
262
654
165
774
699
619
414
78
740
278
186
385
742
66
36
639
711
476
814
183
848
591
53
339
167
478
451
716
199
109
528
44
80
439
522
795
69
836
485
200
357
491
941
899
662
83
157
107
964
154
593
312
963
99
780
178
425
523
355
586
733
20
928
402
733
20
892
18
553
840
991
652
123
226
594
133
925
851
932
689
148
445
412
844
42
916
291
823
57
768
884
965
788
516
52
579
742
105
680
203
170
224
974
330
820
710
518
443
859
368
253
319
136
772
57
730
175
148
973
752
863
987
805
101
409
437
968
253
604
440
126
455
160
433
42
897
948
548
803
599
483
666
25
317
652
607
772
714
533
805
429
274
774
967
690
96
886
605
557
651
37
296
691
595
486
333
515
712
791
298
824
793
658
667
643
819
975
375
141
907
771
23
913
158
108
198
745
39
240
139
427
515
395
264
333
78
413
157
612
978
441
379
441
217
529
128
201
543
187
683
851
320
188
191
820
29
916
152
874
432
989
518
774
565
868
437
230
84
685
899
873
400
923
341
526
104
972
843
798
340
891
262
436
174
936
747
105
543
34
597
857
310
632
896
141
644
525
346
106
649
777
196
547
781
383
53
117
437
63
14
276
699
691
998
974
131
931
946
826
334
432
368
847
658
116
514
81
103
602
517
236
682
69
56
681
395
410
250
673
454
655
733
527
889
379
602
135
822
407
313
445
160
306
988
749
555
379
275
992
336
670
759
93
331
928
169
473
996
192
810
457
103
131
446
827
449
685
552
126
518
766
304
617
109
826
652
494
780
395
797
833
267
345
635
324
971
191
709
54
887
299
411
478
818
183
776
431
468
651
112
221
991
2
438
9
250
625
890
119
666
72
503
26
363
365
189
902
348
232
30
950
68
950
936
654
915
334
602
624
506
135
234
263
784
361
494
602
781
302
851
89
21
288
160
214
671
256
390
880
8
69
15
517
813
310
651
782
492
592
319
250
844
196
911
990
670
542
721
659
651
562
257
56
895
50
670
64
307
168
948
744
956
757
859
43
474
707
456
71
871
92
822
626
955
502
39
124
630
790
661
86
679
689
755
840
776
89
506
604
154
881
687
974
939
933
384
632
819
361
506
351
75
252
792
722
725
893
24
846
906
507
358
398
956
102
49
584
530
16
82
950
273
9
307
280
283
798
291
258
546
322
228
629
134
508
772
230
356
605
781
797
849
919
783
980
452
666
37
819
313
816
820
70
13
805
386
938
44
182
443
345
278
120
29
694
18
218
849
103
645
982
350
28
292
316
277
102
137
498
724
797
360
608
892
18
100
631
669
970
425
724
465
311
334
430
189
800
451
408
853
384
145
282
608
576
74
867
930
902
736
800
742
416
807
529
313
256
421
30
565
376
952
428
739
506
901
137
165
878
390
790
246
113
620
611
576
149
553
81
560
984
598
215
694
781
547
67
188
931
160
337
173
141
98
199
343
660
671
741
226
846
424
9
671
849
432
739
20
881
3
666
46
936
395
514
31
11
853
42
84
662
744
248
824
675
632
670
135
681
827
848
290
787
670
446
777
173
838
842
470
87
959
735
933
151
85
747
570
34
259
139
529
56
513
787
439
860
254
298
760
253
915
574
224
122
730
894
374
505
346
53
638
88
116
521
43
175
639
13
772
337
191
491
214
9
712
686
100
64
452
842
703
135
671
959
545
293
185
389
333
699
769
874
755
57
917
220
416
412
867
864
808
654
350
4
924
472
214
381
126
317
972
543
989
520
437
146
194
877
892
711
423
726
640
597
615
108
500
692
931
125
909
370
264
782
454
911
383
697
78
249
881
292
810
773
238
193
134
351
591
471
635
219
144
398
93
146
764
85
725
753
356
379
848
361
232
986
202
211
128
73
65
926
258
394
953
458
392
235
145
970
107
76
56
645
643
967
642
781
500
19
954
522
966
667
684
525
62
345
620
36
892
910
495
985
225
51
174
642
783
343
339
750
672
632
611
710
379
190
404
917
347
760
521
637
739
821
609
778
503
404
749
397
158
491
213
776
961
80
998
569
340
880
896
734
828
943
158
906
469
99
697
70
870
674
46
287
560
57
512
111
349
28
939
400
135
18
842
242
413
43
641
926
773
134
269
310
770
562
268
990
776
868
401
801
522
919
430
164
841
8
208
116
851
468
988
419
889
355
115
470
482
332
22
911
120
274
374
504
743
796
939
878
79
379
195
601
17
387
665
260
971
320
614
778
265
336
698
300
340
557
259
327
375
396
471
209
716
994
239
636
220
343
702
750
20
630
835
515
993
19
576
282
458
100
968
651
560
695
374
609
931
482
321
118
347
685
948
108
298
867
870
762
964
831
633
533
663
700
0
917
958
686
156
189
76
22
162
958
108
270
248
613
4
579
225
118
661
111
577
445
602
488
309
572
385
401
261
264
356
883
227
924
731
635
568
315
544
572
421
956
264
412
782
783
247
464
116
544
449
384
132
2
782
799
139
508
29
854
547
823
849
137
737
291
946
80
537
473
185
535
845
275
484
864
910
950
810
636
451
431
64
709
690
728
723
684
54
650
444
742
18
789
395
944
325
914
633
318
579
77
24
948
119
631
467
471
838
638
386
670
189
412
485
991
124
60
424
460
617
375
525
626
416
863
492
470
630
737
813
578
217
811
529
945
69
83
171
881
151
689
74
324
220
72
395
309
959
11
347
289
597
265
254
613
26
991
668
462
855
765
256
775
491
932
825
273
565
7
768
517
52
823
115
175
850
707
931
237
860
475
394
518
720
586
884
809
30
24
517
77
152
707
711
200
217
67
560
953
207
702
301
753
715
293
363
470
799
489
677
982
414
407
57
727
272
718
576
707
459
827
397
16
416
539
955
712
340
982
44
869
58
60
315
786
58
346
23
599
383
765
914
113
401
673
528
474
427
725
670
185
791
597
225
710
230
183
122
729
802
663
443
538
998
842
714
955
874
180
421
603
348
821
445
51
875
903
591
413
695
187
415
781
64
912
114
717
928
291
300
123
356
935
876
247
17
391
229
186
942
91
52
516
114
154
582
158
982
550
217
98
865
541
600
463
425
62
351
371
384
482
851
306
507
112
754
295
337
910
896
858
634
524
860
277
285
765
556
211
639
217
84
70
779
501
452
620
62
976
386
276
251
646
732
689
94
424
489
70
418
57
309
903
244
702
430
326
135
508
223
390
815
746
606
698
500
646
43
239
562
632
218
50
779
370
588
169
139
767
399
471
261
904
426
47
74
529
695
655
561
756
211
934
533
524
987
745
557
670
526
253
97
326
990
175
126
68
942
494
552
376
940
84
692
907
282
915
486
147
921
464
467
559
209
25
740
701
995
400
833
112
393
492
899
636
702
147
169
535
888
395
924
212
774
453
556
904
216
640
637
656
897
958
495
437
221
199
825
333
501
341
624
755
698
327
468
394
371
321
392
14
982
41
82
832
83
427
658
680
762
792
169
589
591
201
528
252
897
756
968
6
771
300
51
760
452
726
583
793
277
76
254
733
292
450
543
90
125
429
815
723
529
699
877
998
981
296
993
126
282
418
719
338
22
563
511
848
509
538
209
484
681
832
704
934
801
587
653
451
233
47
344
403
787
101
185
523
717
123
681
361
72
886
709
852
147
26
1
681
228
616
632
470
445
954
667
603
38
13
331
188
531
266
322
488
318
599
677
389
397
796
324
259
163
889
569
133
830
556
527
597
196
929
780
426
478
292
376
195
397
486
52
289
571
288
988
649
195
42
479
639
184
362
607
757
719
804
619
224
447
908
208
783
647
834
719
2
957
240
303
660
434
90
221
102
50
924
921
874
153
541
141
269
837
506
544
942
425
920
163
89
963
150
600
105
5
397
792
648
992
76
853
56
845
172
736
883
200
534
877
594
383
978
502
975
310
251
815
962
362
67
336
92
86
120
156
980
821
885
96
514
143
395
425
396
189
466
820
401
48
180
62
445
550
87
12
614
229
911
632
164
47
925
709
506
879
842
167
38
30
657
181
789
722
935
750
780
413
708
328
636
219
356
33
159
947
525
663
815
74
961
252
731
737
998
85
580
2
781
465
334
89
268
6
169
651
85
118
449
708
656
613
634
941
756
377
965
338
267
115
42
265
877
625
604
223
989
843
959
531
784
556
795
323
676
188
560
593
911
767
764
64
269
585
926
282
534
330
127
6
308
411
981
270
177
770
350
327
714
409
403
568
891
614
303
192
79
851
530
597
456
290
256
961
183
844
228
99
249
611
666
698
632
330
171
732
931
212
275
848
324
193
984
397
461
756
452
432
898
712
288
528
107
260
615
710
390
450
321
809
211
395
821
920
944
633
340
193
511
414
624
31
506
449
234
103
346
168
152
866
831
539
372
479
493
902
60
412
228
276
495
678
789
801
487
446
9
992
573
912
601
525
711
110
709
328
729
224
737
988
347
939
722
370
418
123
789
616
638
741
601
71
71
772
55
126
48
369
499
273
844
605
423
373
743
137
648
582
32
799
710
440
445
479
425
233
1
206
475
943
279
89
114
431
105
702
441
289
891
968
284
543
449
357
848
878
543
690
873
307
36
527
103
671
663
312
345
659
978
913
794
597
740
746
669
987
513
268
329
505
710
44
29
983
741
785
492
837
606
725
308
359
284
383
210
208
191
903
721
723
431
484
114
287
824
292
126
509
170
884
25
411
240
412
367
325
29
614
473
771
101
575
614
517
53
830
326
736
792
980
341
418
658
110
191
91
169
11
874
954
981
321
428
214
791
945
409
139
125
909
884
435
516
750
219
232
253
48
816
833
321
695
494
348
30
975
135
51
388
44
625
573
521
415
254
546
640
624
878
179
173
474
616
898
325
371
876
190
621
870
55
583
570
385
683
370
14
58
38
670
820
573
675
71
915
268
856
35
502
869
478
995
339
970
905
694
59
942
416
878
455
582
562
102
343
42
802
33
308
457
443
833
976
261
747
782
119
146
68
606
835
498
721
823
396
946
256
674
833
575
282
366
490
269
871
430
814
645
187
438
257
157
573
872
338
789
352
616
221
490
387
801
180
524
216
204
245
515
945
572
606
760
275
380
925
746
426
3
489
546
390
536
738
826
612
524
413
566
242
863
721
173
369
496
855
437
579
485
233
950
538
610
508
667
49
48
233
360
122
400
549
59
313
974
877
261
184
774
407
967
971
660
81
693
553
273
781
833
148
33
396
929
911
228
914
970
918
549
541
808
424
759
281
484
272
893
488
539
686
221
407
852
988
96
885
432
625
139
143
70
313
700
497
452
306
657
136
582
130
864
711
494
386
590
510
780
240
619
916
561
750
550
572
508
416
506
767
396
871
641
449
600
354
238
421
695
908
482
129
66
413
649
24
851
856
31
895
597
494
558
90
843
845
90
333
533
190
231
516
27
155
700
990
488
179
776
470
288
795
443
82
757
384
56
0
424
203
820
633
786
252
653
655
504
122
738
205
72
209
728
93
722
353
33
697
450
857
108
918
481
352
140
393
388
378
269
95
26
821
677
128
315
394
421
424
550
547
322
622
441
557
629
975
397
185
431
144
925
564
229
866
426
378
852
162
104
702
548
152
391
939
611
269
371
948
427
16
495
742
478
778
337
983
279
422
974
412
760
145
298
191
801
191
182
701
900
707
285
748
639
534
390
491
1
107
883
965
257
178
922
285
516
913
59
221
742
23
163
390
591
844
42
597
592
104
683
274
786
558
595
377
637
164
906
134
156
973
346
696
929
589
58
664
308
100
666
507
726
563
970
134
21
923
618
958
241
605
319
332
474
668
324
692
168
267
93
240
107
625
685
322
737
739
448
730
145
397
753
665
765
591
374
998
744
657
871
522
959
372
362
370
648
156
180
804
789
45
72
310
999
550
669
77
842
873
587
981
456
664
409
127
851
16
848
728
167
804
806
955
286
371
371
334
928
27
339
287
778
500
708
432
878
597
11
568
908
263
992
210
951
828
58
640
560
727
101
259
428
858
267
410
411
235
583
383
152
210
214
23
233
850
458
378
134
743
723
312
302
935
419
800
546
288
575
677
148
700
377
125
29
682
509
122
549
872
170
449
929
134
206
877
619
24
734
967
992
811
501
970
978
116
49
911
250
842
651
410
4
378
994
500
300
943
644
999
338
418
226
483
761
298
906
707
24
669
82
308
705
459
835
36
149
468
401
100
301
659
270
701
263
968
931
31
226
408
74
958
776
949
278
552
127
746
919
825
819
600
134
699
883
269
621
636
946
447
168
631
690
323
445
302
33
887
849
581
212
585
486
284
158
49
255
250
883
558
151
376
8
743
667
597
453
191
531
893
557
741
269
876
685
744
399
348
909
434
940
808
52
983
281
591
36
123
897
583
123
277
841
492
435
450
214
846
450
178
568
326
122
699
347
762
533
915
1000
413
448
415
341
619
89
218
964
15
712
282
568
424
333
387
423
823
901
949
242
775
937
627
189
169
838
412
123
983
550
779
720
361
502
379
588
888
260
881
855
748
116
386
101
744
512
629
321
565
988
132
223
666
183
593
232
575
802
442
121
804
657
552
326
107
620
21
459
851
901
667
998
584
3
252
111
433
889
344
818
100
181
902
526
830
291
803
576
25
281
648
20
431
771
882
234
104
638
297
326
934
734
810
975
634
347
821
457
993
397
872
529
720
269
491
728
631
141
34
973
545
633
937
80
339
152
128
951
140
234
99
151
802
72
464
169
540
242
992
278
927
42
383
660
671
778
562
270
586
402
890
771
827
608
16
792
781
982
788
682
508
532
83
536
360
834
659
39
995
328
451
38
569
300
52
240
81
658
548
242
504
796
573
364
66
62
264
574
100
573
34
492
885
65
433
79
185
324
443
594
398
171
171
571
175
413
940
361
510
279
624
546
472
329
327
240
714
547
732
409
646
633
640
912
124
358
598
731
61
317
354
461
131
857
863
856
325
196
830
216
35
237
717
210
261
956
868
862
217
320
892
217
153
804
667
700
229
122
546
290
184
960
241
849
195
772
685
8
477
435
239
377
871
259
727
405
80
775
116
248
518
483
773
133
900
638
216
15
503
396
980
442
973
279
438
92
528
904
439
691
73
118
255
452
877
306
689
629
541
79
459
203
962
778
335
316
82
990
813
189
468
596
855
954
722
344
656
831
159
591
406
437
496
221
96
971
818
153
330
937
452
124
213
875
579
590
500
734
718
681
571
289
762
158
574
802
859
423
490
371
218
809
102
8
633
201
33
464
559
576
28
529
589
452
928
803
760
402
711
529
646
235
396
99
305
820
610
484
185
325
117
128
232
77
453
299
619
449
836
399
337
578
869
752
554
786
57
733
460
283
505
188
751
442
120
992
906
669
791
593
416
103
747
486
153
913
89
631
659
20
324
76
261
771
147
391
6
968
179
562
733
841
619
255
36
419
719
426
995
517
772
332
190
843
894
153
293
221
746
88
183
158
858
948
22
491
922
194
958
395
380
549
313
539
265
862
521
91
686
561
807
927
150
55
180
711
712
866
327
868
351
754
59
56
815
947
851
0
797
593
914
756
665
896
143
128
82
162
265
556
881
282
99
514
670
633
742
963
906
821
410
479
68
718
57
226
194
575
631
570
245
589
56
194
740
755
61
527
507
897
315
421
151
410
161
144
11
371
26
231
899
95
72
588
48
680
815
802
248
388
368
937
495
836
557
698
432
301
472
323
250
764
515
253
155
56
837
388
312
940
679
946
936
328
566
612
266
432
893
527
260
773
448
95
806
704
255
452
778
917
164
909
978
214
750
156
266
634
514
964
422
559
785
816
721
598
46
5
867
941
401
195
489
116
441
784
45
799
173
92
843
95
298
523
52
732
559
497
115
206
574
636
425
161
583
576
714
151
556
330
878
187
546
305
210
923
336
838
897
300
13
468
700
41
333
706
801
652
335
432
340
134
52
439
975
376
708
4
711
983
192
243
661
606
520
43
182
443
397
128
971
333
843
719
721
171
863
483
298
508
773
611
579
603
745
430
909
953
362
99
790
831
662
969
117
62
97
589
22
646
61
640
453
180
448
505
582
415
797
343
370
86
646
104
491
519
223
869
214
875
444
47
700
798
578
784
68
6
606
139
126
741
643
822
651
193
79
396
138
431
386
771
999
491
770
890
967
649
133
360
488
202
618
675
990
902
365
175
346
556
548
976
9
639
667
322
577
896
602
994
640
764
468
375
435
472
535
576
209
474
183
24
987
814
814
471
412
360
135
637
874
590
74
687
905
472
354
601
110
978
888
956
737
51
795
474
432
753
820
152
131
751
87
545
833
455
67
128
80
330
780
110
664
867
789
748
405
693
608
121
926
872
280
994
425
891
971
627
334
855
333
716
919
991
805
96
907
190
285
828
456
85
143
175
174
87
825
585
935
613
657
657
906
171
344
341
441
885
4
369
811
111
539
940
619
867
519
346
565
110
26
661
420
234
573
280
108
943
490
339
91
850
260
402
663
598
198
351
608
899
333
972
769
802
520
284
131
899
569
390
338
868
324
78
240
717
34
419
704
73
724
261
883
12
697
388
31
127
708
444
665
909
294
222
344
851
193
993
425
399
558
825
703
449
717
254
732
291
904
489
509
683
979
222
824
713
73
779
577
779
97
650
249
128
377
887
833
44
997
480
894
826
20
604
411
674
21
377
800
440
458
654
346
293
52
713
781
751
221
879
477
770
616
809
325
770
705
964
723
984
922
660
787
627
46
36
335
791
879
851
580
126
107
234
760
833
555
850
541
990
522
715
149
643
131
585
610
816
40
429
79
253
647
806
154
262
869
149
408
457
267
262
243
444
448
452
944
614
662
740
301
814
440
408
323
296
561
193
19
229
601
235
700
593
510
99
472
423
95
978
116
518
813
54
352
985
422
388
979
414
991
876
505
705
799
681
176
417
926
475
940
926
261
143
392
894
365
425
445
597
989
676
11
438
385
248
985
728
584
357
880
14
985
854
86
528
369
595
213
650
434
485
477
390
434
186
908
17
319
880
117
113
892
650
30
610
771
236
924
473
916
804
306
663
875
706
38
305
786
221
420
190
11
619
459
877
301
635
967
516
247
178
991
451
519
72
556
371
6
578
610
11
163
465
734
816
640
869
328
597
367
259
995
865
682
433
96
972
699
762
824
600
321
695
655
664
37
112
655
150
109
205
354
502
975
834
294
529
27
389
847
291
152
624
660
504
215
974
364
719
283
672
744
313
860
722
858
153
591
625
91
248
898
519
734
655
135
980
473
588
217
69
671
365
145
556
352
558
825
116
293
850
502
125
937
572
529
834
456
792
770
751
166
292
362
963
713
320
232
346
547
914
250
760
533
409
551
16
3
914
520
18
265
430
233
934
613
59
985
391
265
592
757
759
888
808
28
593
514
676
760
796
152
581
263
705
663
558
451
118
652
289
608
842
117
451
601
363
680
546
817
989
68
317
751
614
826
110
317
269
371
585
165
412
524
258
999
131
881
733
360
804
469
246
374
313
660
347
361
524
836
582
808
758
15
814
893
136
239
602
655
559
240
994
488
168
155
930
978
792
485
13
475
434
512
739
105
889
680
766
267
555
508
22
836
200
208
110
962
137
110
189
940
311
251
656
794
811
767
867
341
701
394
148
721
772
448
615
601
315
219
239
892
835
58
117
22
346
298
530
155
212
412
102
733
587
597
94
115
205
319
744
688
486
826
564
33
110
151
71
973
909
907
603
776
85
37
405
692
113
409
953
409
522
827
474
154
516
728
401
595
708
173
124
337
978
533
98
700
515
53
609
591
372
920
647
922
801
252
194
606
921
927
855
297
288
310
604
841
218
872
726
242
845
403
480
50
176
939
496
311
729
234
409
349
193
831
198
318
901
593
683
710
140
377
65
151
457
289
203
617
413
451
622
449
950
268
920
736
175
979
904
623
407
870
251
249
622
42
73
979
562
508
845
66
230
663
419
938
671
418
744
593
585
263
759
708
596
996
986
280
938
121
838
321
68
224
97
166
645
624
693
176
942
181
687
107
610
510
731
695
136
862
39
358
51
128
278
295
913
128
919
2
715
74
403
483
716
699
512
283
135
483
917
82
546
713
596
763
261
168
452
702
22
653
726
2
869
24
266
300
379
433
189
620
272
440
228
327
454
201
776
772
35
472
150
176
68
989
19
480
738
915
600
574
583
384
203
890
539
25
49
712
151
289
198
455
119
890
762
450
416
763
698
496
670
215
725
523
474
37
44
31
127
115
562
613
370
373
905
775
536
757
416
21
432
812
716
32
75
137
443
714
171
349
93
777
534
565
0
382
124
505
752
122
832
7
312
880
506
533
791
146
814
507
67
707
917
395
837
230
577
264
485
450
657
162
601
417
760
81
435
309
774
510
188
94
575
942
646
221
377
112
958
852
966
101
228
727
613
398
377
914
453
704
460
692
897
625
978
747
724
176
68
977
383
708
574
150
320
604
730
76
185
929
687
219
766
765
277
587
278
277
595
82
617
379
623
676
301
596
867
224
329
747
222
853
293
48
940
992
87
161
717
771
518
70
910
362
45
107
268
583
673
604
222
313
273
692
601
489
611
641
202
288
137
184
250
302
328
263
28
673
936
721
279
351
24
572
974
735
784
517
405
108
160
708
747
773
346
831
103
548
209
101
398
721
511
645
5
953
151
985
215
284
820
545
381
147
705
181
400
137
321
243
885
475
707
765
167
965
861
54
613
71
772
371
103
311
528
765
131
367
172
626
339
519
33
682
937
12
200
858
143
813
712
865
653
190
981
661
581
805
938
295
11
333
734
734
192
450
646
379
804
628
684
317
410
759
464
882
630
675
836
479
960
183
684
246
738
778
303
315
216
893
142
281
556
761
786
586
182
463
475
805
10
382
505
114
768
976
582
890
737
480
837
647
796
50
610
483
844
602
509
419
63
261
811
330
463
331
861
549
988
343
63
597
619
523
612
400
743
582
752
668
736
521
744
897
753
386
168
788
828
568
986
845
421
779
49
153
259
75
959
395
25
688
163
512
197
666
743
488
27
829
980
338
585
520
979
372
36
726
950
738
567
153
160
232
495
909
272
556
632
115
279
20
178
293
391
849
52
624
121
576
18
613
991
403
527
938
93
477
673
453
540
515
206
519
748
81
1000
598
248
694
947
341
90
765
242
776
587
295
681
395
637
865
715
620
634
304
772
117
514
188
220
631
97
599
524
199
363
914
884
386
273
241
52
62
308
838
894
65
338
866
756
796
68
254
796
243
940
919
264
225
353
804
501
225
390
557
622
294
972
598
827
377
717
831
600
258
153
850
783
94
37
560
642
724
483
587
323
729
878
134
843
378
354
988
114
263
699
944
398
951
925
133
795
226
846
377
20
278
330
170
976
237
721
608
739
899
867
309
422
993
740
655
798
88
870
958
482
401
55
254
50
164
504
92
287
943
628
980
675
48
259
702
71
379
66
970
335
417
966
749
372
523
787
699
787
695
47
677
171
827
62
471
477
900
400
42
970
332
158
428
300
228
494
153
432
335
69
602
448
377
621
40
714
934
925
96
383
581
464
609
694
582
755
78
626
241
406
56
73
142
126
24
596
634
384
946
699
892
41
635
530
594
412
719
477
564
463
804
73
495
242
342
993
410
109
354
297
584
254
898
197
591
125
861
423
910
742
992
564
257
224
578
215
516
807
904
638
678
197
668
613
276
950
778
340
131
761
87
615
493
741
582
715
327
617
807
10
492
820
268
417
888
870
174
24
855
960
948
695
272
50
386
919
156
771
664
396
76
907
571
626
519
553
383
252
340
905
491
305
188
155
874
620
663
476
483
978
217
660
40
603
410
107
803
803
22
451
120
867
925
446
695
383
937
639
610
557
790
436
292
78
241
496
338
743
618
783
766
713
377
334
30
502
119
510
923
823
97
631
523
106
495
183
675
790
357
120
768
368
847
627
920
694
449
954
468
333
90
271
473
297
241
438
925
34
416
532
571
639
430
300
429
479
208
293
57
13
286
31
213
357
688
908
119
753
269
646
482
325
606
887
833
328
902
363
258
322
521
366
545
488
919
671
89
789
984
222
809
343
847
122
979
169
829
459
789
223
521
345
413
678
45
97
40
331
451
875
775
888
630
260
723
926
508
795
38
342
675
841
968
825
219
324
56
211
344
682
596
893
351
936
124
358
308
706
129
172
712
185
817
675
21
721
311
956
34
589
147
207
797
9
240
971
528
26
861
88
551
293
683
359
726
21
74
590
679
600
68
737
139
418
135
468
537
761
131
377
780
889
619
272
990
858
843
71
252
253
406
195
693
924
669
778
49
417
932
407
962
410
640
515
995
36
564
138
41
15
297
114
862
802
331
394
233
75
897
738
364
543
809
435
160
312
748
104
820
588
658
299
437
834
692
942
814
626
40
641
423
453
692
511
714
882
603
988
572
555
857
166
713
406
478
786
339
115
662
68
620
702
334
13
53
193
665
158
200
756
171
558
685
342
719
599
328
680
731
777
948
820
832
249
906
276
382
3
383
84
339
308
682
168
686
853
461
350
754
434
886
303
817
687
633
281
597
945
75
634
361
896
313
19
936
775
306
686
706
436
934
292
253
629
385
317
105
850
168
674
809
556
115
777
240
344
454
955
630
909
816
684
992
774
28
602
71
436
87
829
780
446
856
587
666
886
859
971
30
700
948
187
549
399
29
491
747
969
908
785
949
905
472
27
106
971
530
946
411
924
679
858
625
984
682
545
178
948
138
338
644
15
257
223
319
31
417
670
682
940
366
784
630
343
317
448
680
564
20
868
506
623
136
129
618
495
91
968
905
639
828
215
217
772
587
260
178
907
841
56
360
836
641
275
288
249
866
228
383
658
938
646
467
670
547
362
420
517
113
853
475
583
183
173
665
20
337
560
367
399
43
322
433
410
14
358
346
565
959
444
738
346
132
678
662
800
883
887
433
226
923
829
327
854
944
361
583
809
15
725
753
83
745
432
657
639
113
370
524
432
915
21
955
945
544
35
602
840
266
761
997
631
306
821
796
207
88
294
784
800
660
959
159
345
207
538
407
185
539
478
843
916
436
907
347
458
875
719
445
231
456
541
363
907
689
646
471
819
284
856
260
450
394
330
772
101
344
386
960
614
658
988
309
94
10
550
799
163
286
581
246
509
886
602
451
184
878
177
902
105
192
477
486
783
889
881
805
340
868
974
986
50
543
910
838
570
752
216
553
162
243
76
765
116
682
550
45
969
683
728
702
525
388
775
600
782
153
56
314
509
661
798
728
686
566
357
224
984
723
84
96
351
409
372
84
524
291
646
468
394
188
428
303
489
730
1
402
268
461
668
129
151
596
228
198
401
789
835
390
617
990
836
984
72
793
382
53
813
68
416
907
150
496
711
874
995
859
811
111
814
599
89
335
937
252
230
978
293
670
144
781
792
406
145
377
718
851
370
79
846
759
731
176
677
470
716
173
700
714
631
544
241
993
302
975
551
609
570
885
51
246
215
279
943
915
60
227
767
445
425
342
464
998
440
851
373
425
218
529
418
670
750
386
635
144
223
564
658
79
249
64
515
514
690
470
325
3
917
371
243
223
775
41
751
431
740
680
890
563
113
870
569
854
171
261
925
120
886
967
698
30
348
367
663
181
807
928
578
372
594
551
644
977
866
530
80
287
877
331
852
647
885
547
989
627
425
439
996
424
394
185
273
10
378
367
122
579
841
529
49
608
867
720
278
141
854
961
788
290
164
957
663
244
561
831
327
754
81
869
669
986
995
499
283
582
99
816
45
736
595
48
164
870
889
214
781
724
498
707
500
114
58
496
518
812
847
225
844
326
628
708
567
937
972
416
272
177
889
423
898
32
726
472
113
815
57
478
595
627
520
875
817
861
852
139
178
139
210
505
768
781
836
104
600
30
813
819
957
458
166
766
75
680
837
897
354
131
716
660
968
448
899
37
192
352
48
579
67
68
455
682
684
353
641
858
948
732
288
761
420
446
632
486
291
99
621
62
795
492
76
150
51
860
777
366
805
325
557
122
965
808
626
465
428
704
452
812
965
49
633
149
332
297
430
614
57
976
121
140
813
357
398
127
260
231
707
567
805
828
63
642
486
188
721
935
780
990
573
852
675
385
83
52
784
696
780
725
541
630
238
247
435
76
951
716
85
697
968
563
325
499
146
785
983
481
299
435
412
461
18
351
249
926
511
130
933
270
217
577
8
449
469
261
30
746
57
567
434
528
832
456
41
401
936
831
510
348
22
179
462
435
442
922
103
44
483
582
592
64
267
48
838
467
115
359
754
650
334
826
661
24
608
227
278
225
89
905
989
234
481
672
271
684
31
434
51
324
476
655
86
458
208
961
944
482
579
817
581
324
483
399
894
280
838
207
725
475
217
979
141
996
707
755
337
376
137
764
808
840
913
89
174
157
118
444
225
6
778
305
82
776
888
177
898
172
863
377
281
957
405
39
248
715
224
655
243
32
264
86
271
143
949
327
615
942
153
859
830
488
466
422
587
839
230
239
115
124
15
420
324
654
304
549
413
374
597
703
477
405
958
938
535
489
607
872
198
506
565
955
462
797
471
240
159
387
521
180
941
385
24
64
467
725
304
756
922
372
785
390
684
715
407
175
932
495
896
684
711
527
399
926
969
554
307
560
866
658
292
515
739
360
334
676
95
249
25
737
61
582
294
993
390
417
942
807
1
725
667
83
919
104
617
176
852
129
570
932
907
497
466
815
694
616
815
855
479
484
511
321
390
855
441
785
451
552
77
46
887
702
28
130
586
317
491
372
884
678
862
982
767
906
77
895
0
408
851
664
358
486
445
96
1
289
419
355
708
895
981
485
689
459
156
201
631
97
496
126
729
498
993
647
521
747
436
624
817
807
147
641
275
173
70
935
686
687
944
104
679
850
532
914
873
566
710
756
234
429
220
457
943
678
107
185
72
470
740
446
731
535
274
279
5
783
112
566
953
76
173
643
796
23
42
213
867
778
260
890
678
523
565
95
430
204
386
284
69
604
83
142
431
422
454
299
380
445
381
393
261
755
350
607
487
106
587
136
337
957
920
306
185
857
741
895
826
769
911
674
368
510
433
573
16
402
937
1000
888
906
178
817
548
345
26
9
956
275
165
88
457
324
74
705
492
588
497
201
264
921
579
791
309
42
710
205
432
94
747
509
687
356
27
576
825
987
444
124
165
145
10
199
116
699
331
606
840
558
48
303
118
193
993
391
181
407
729
468
347
746
394
739
156
575
84
279
157
421
165
92
676
643
321
178
401
366
569
908
2
622
289
337
862
346
844
305
198
635
145
783
539
228
122
71
849
630
592
412
746
819
541
409
669
936
540
914
429
301
184
588
510
939
865
440
809
196
731
28
47
294
831
56
79
712
184
314
105
123
666
133
202
61
223
152
886
617
40
857
962
139
6
411
255
383
846
958
990
810
614
99
11
65
743
62
358
94
370
514
927
208
53
607
359
882
572
1000
704
72
193
275
99
752
593
648
551
153
221
220
941
384
314
198
169
175
377
691
226
828
698
501
747
380
659
286
322
105
964
304
104
508
688
143
314
947
806
369
772
137
71
311
33
202
810
599
708
796
486
696
247
489
734
323
857
976
45
468
832
13
336
588
289
425
52
623
479
896
537
535
478
298
660
805
123
86
851
635
144
233
337
954
566
809
150
589
471
433
880
885
552
42
760
271
605
987
944
56
562
98
453
282
810
720
693
993
400
448
957
821
773
436
879
751
628
541
912
745
698
616
157
6
212
836
974
571
161
493
537
905
746
914
793
558
92
768
168
36
549
297
270
452
194
465
144
789
145
960
492
551
55
714
487
982
73
703
37
778
407
261
444
163
758
948
57
719
346
474
318
332
896
533
322
839
649
656
930
624
346
610
953
333
805
791
911
924
252
408
447
294
953
230
931
992
850
164
348
817
445
828
333
291
151
507
363
150
793
725
224
552
353
279
66
141
214
662
365
20
881
795
408
742
875
373
973
805
96
543
306
700
248
515
320
88
238
87
448
128
153
641
430
528
614
120
565
956
863
995
711
416
953
462
175
532
798
908
113
833
242
704
877
121
781
908
466
291
373
91
30
886
739
620
507
815
615
781
599
628
372
27
200
595
333
636
935
435
483
719
478
667
82
34
851
410
253
937
750
51
170
184
28
949
105
691
530
233
765
196
70
269
43
638
320
81
180
692
22
45
4
418
441
814
255
868
15
59
787
961
620
715
100
456
482
578
93
169
854
266
370
622
80
62
526
562
178
856
609
282
41
68
317
347
526
441
465
190
926
191
420
310
760
208
583
797
25
989
228
845
393
938
846
391
747
430
916
701
324
745
902
547
470
655
176
525
60
638
324
472
369
45
345
797
358
9
442
280
38
0
350
934
683
31
111
508
148
419
293
870
813
142
15
304
75
956
792
120
44
795
943
183
292
669
318
132
612
27
578
106
68
226
471
616
460
876
655
580
132
601
29
87
442
951
333
817
495
987
393
923
921
894
298
19
267
549
549
840
132
911
322
780
681
695
253
913
57
196
768
978
997
157
988
620
963
698
512
702
80
201
173
457
359
508
950
903
640
639
699
946
689
530
419
941
146
565
497
727
921
277
323
897
953
235
27
329
206
609
471
863
766
335
263
418
375
160
456
566
184
772
665
101
391
1000
135
407
681
243
97
499
264
899
903
226
505
513
670
479
890
444
709
310
159
826
582
139
561
482
212
516
374
414
324
652
946
30
8
163
315
781
706
252
66
853
47
464
82
161
825
530
469
465
233
373
24
146
391
883
323
935
117
265
261
867
115
864
584
487
796
302
654
364
903
918
163
37
311
190
494
586
746
875
961
649
798
939
21
747
390
264
455
114
244
567
524
14
739
515
588
692
684
280
301
990
586
983
287
683
295
667
478
204
84
121
815
494
882
466
459
830
830
261
76
302
429
605
882
139
893
610
713
152
314
807
802
547
329
414
710
209
625
359
514
35
746
350
783
285
582
648
790
891
608
192
552
428
697
22
996
674
737
278
37
990
66
701
709
30
13
934
821
942
311
212
333
417
209
629
380
384
988
314
45
793
695
579
955
505
19
150
713
865
703
837
911
26
423
834
830
834
705
821
937
385
474
790
527
130
145
583
591
912
636
211
915
948
723
560
504
205
672
130
924
99
245
637
199
296
989
288
120
329
767
564
832
550
292
408
882
870
634
911
943
386
681
712
977
851
205
172
140
293
627
223
199
515
507
303
577
982
549
196
639
41
702
695
360
558
94
791
970
766
527
793
974
407
586
930
22
717
296
623
592
938
852
196
282
906
690
986
527
527
269
910
614
52
142
20
163
517
908
413
418
597
503
201
822
194
616
791
64
563
252
942
699
929
977
251
110
70
288
43
653
790
185
972
188
894
555
305
241
201
93
5
322
141
148
68
581
262
325
913
52
208
101
318
213
17
450
391
332
167
737
757
177
871
448
397
924
737
285
840
470
515
417
266
396
645
107
93
527
393
555
609
712
166
418
379
881
362
234
133
16
891
942
265
111
225
582
270
190
945
477
315
657
963
426
148
302
743
332
63
571
834
730
218
653
334
581
899
797
815
71
936
36
814
710
122
388
955
996
113
532
30
795
327
312
940
567
501
618
411
716
173
811
381
393
921
982
689
95
329
70
894
21
980
375
653
869
593
258
213
426
9
927
43
348
470
402
70
881
693
148
620
458
152
607
187
722
766
67
870
366
556
111
409
603
20
281
426
418
902
751
32
893
598
298
456
470
774
566
225
699
179
659
381
66
151
214
192
702
31
802
441
20
239
766
705
688
346
925
498
960
769
576
399
167
828
649
724
400
859
489
94
386
581
342
736
480
924
9
39
135
192
748
911
880
175
995
299
816
496
534
595
71
943
930
112
390
799
546
45
14
997
327
361
507
7
834
618
946
745
314
856
292
191
324
329
376
168
465
307
607
163
165
709
843
881
835
146
613
827
979
299
148
604
469
644
976
325
826
40
268
42
483
188
315
262
279
916
320
190
179
292
108
781
272
505
885
824
268
517
813
879
22
118
869
181
362
828
666
721
95
298
329
651
359
856
151
554
930
581
147
599
896
20
129
661
88
883
408
390
921
158
425
960
301
259
248
250
460
268
555
85
129
218
317
791
36
358
922
851
287
47
648
536
717
179
631
963
444
159
838
614
726
286
672
982
219
491
350
801
527
964
901
24
249
425
569
532
55
18
630
832
863
512
685
134
786
561
432
778
621
726
504
502
758
523
968
428
195
665
536
314
1000
572
366
850
327
22
581
776
629
427
677
453
251
885
460
285
143
742
145
163
146
457
587
421
47
71
537
169
16
335
777
747
819
366
900
508
347
57
573
437
75
846
773
565
329
622
758
793
251
501
844
289
300
337
685
964
184
854
75
232
541
971
9
602
662
783
905
221
112
475
747
12
476
867
2
268
814
611
344
658
464
625
612
953
275
115
620
622
767
893
252
599
739
500
448
341
906
699
244
589
552
199
38
549
801
494
669
481
122
398
627
832
262
19
137
308
371
423
301
841
47
107
328
433
720
584
856
950
483
701
578
604
575
118
497
890
24
881
51
903
364
769
433
723
419
187
302
44
22
581
1000
831
234
53
799
25
398
918
285
932
684
21
884
408
89
419
553
178
713
747
828
28
354
324
911
941
356
909
724
645
11
944
372
732
184
666
245
563
851
935
972
656
434
579
533
231
446
151
877
248
882
719
301
878
246
765
398
667
420
548
491
566
869
669
435
190
300
550
411
914
405
100
673
185
64
278
361
942
233
618
856
410
490
85
723
618
914
298
115
300
675
329
911
614
546
98
704
698
393
911
319
704
591
398
85
539
328
391
982
9
523
53
986
303
419
361
794
414
259
585
884
579
632
719
751
546
322
841
700
787
427
300
116
738
97
770
157
292
250
326
930
658
247
155
856
655
122
972
681
972
563
114
522
344
377
584
624
416
280
206
880
678
757
634
646
675
783
651
838
561
866
126
50
322
821
109
843
248
623
617
243
618
13
572
325
977
108
180
312
687
365
340
550
612
579
220
551
891
456
381
559
806
425
459
575
954
299
42
469
981
332
190
174
951
403
245
958
977
309
881
235
913
354
722
140
458
223
288
405
183
931
395
990
310
970
692
611
472
228
750
510
333
470
58
986
212
75
50
824
455
473
398
719
799
184
482
950
512
621
1
683
471
74
686
238
320
305
613
914
111
809
352
867
132
557
737
688
471
268
505
832
427
63
61
910
103
393
475
573
981
733
131
139
657
377
108
850
630
822
190
134
58
69
337
249
885
490
577
208
612
25
813
737
115
560
733
668
180
368
0
194
838
264
439
708
828
768
335
978
412
522
111
290
996
738
398
805
521
417
882
95
331
975
326
350
515
862
71
941
883
187
38
285
81
238
515
876
460
992
318
651
968
223
185
356
148
620
959
718
652
700
337
10
777
923
880
237
21
10
784
187
894
757
534
274
180
115
958
411
189
996
990
319
472
852
679
487
839
675
943
279
92
134
773
25
630
732
50
575
524
707
990
409
864
471
961
560
277
818
771
138
78
996
931
510
308
519
144
542
836
941
775
755
672
491
282
468
945
92
341
160
795
568
672
510
397
943
991
393
12
183
681
416
303
579
386
135
145
908
125
243
351
772
575
118
123
977
239
440
382
268
201
4
209
424
38
534
402
509
294
918
763
732
765
494
73
507
312
560
157
251
217
431
943
670
4
514
595
759
958
176
304
120
20
602
155
476
81
380
44
90
740
922
864
535
721
70
790
979
0
574
425
310
285
280
989
575
771
320
31
203
340
962
386
136
458
657
920
730
172
894
906
18
864
410
402
287
817
148
618
343
233
757
307
769
150
51
300
572
215
848
905
253
757
233
336
752
327
609
78
406
583
598
9
134
150
955
360
302
83
202
237
12
530
472
222
677
971
438
643
529
120
456
334
370
368
896
534
927
113
234
535
109
562
583
370
523
494
937
526
948
128
922
394
855
991
111
504
695
404
806
84
581
884
712
95
204
971
170
169
948
582
192
280
940
597
813
785
736
694
9
503
980
912
296
306
434
555
698
122
377
347
730
343
857
152
783
594
789
771
302
333
239
779
308
749
339
811
969
354
274
21
571
334
778
122
521
968
779
976
324
570
304
700
692
130
330
158
105
465
308
746
533
140
643
394
38
156
11
755
734
647
777
279
929
152
294
752
149
506
731
471
921
122
30
337
727
240
734
191
911
192
431
465
159
716
801
333
516
480
803
250
889
434
818
619
565
577
758
789
528
230
704
826
170
338
699
852
260
423
274
70
959
165
993
857
123
395
120
648
890
302
363
295
760
285
392
984
924
358
119
532
188
687
388
59
216
685
674
25
517
771
573
207
885
87
391
855
267
424
87
808
854
152
258
923
779
483
558
582
988
95
953
513
782
750
616
721
69
631
433
944
75
175
208
376
525
642
276
356
684
340
15
868
176
994
125
544
24
168
720
196
686
863
920
237
698
805
342
442
488
193
865
952
116
917
511
498
801
63
525
900
552
99
822
756
633
738
482
105
761
326
376
507
914
906
525
139
294
400
223
753
631
794
679
667
162
508
513
858
804
724
665
149
337
286
383
792
78
830
706
683
25
874
691
730
9
358
919
374
920
405
277
98
246
30
418
891
963
926
835
147
20
73
830
43
180
737
56
427
48
673
379
487
429
677
371
122
110
408
423
367
121
454
56
94
160
594
899
262
899
843
802
170
915
546
545
564
981
757
54
626
78
169
302
655
208
921
110
599
283
868
677
816
249
905
201
80
777
172
492
796
666
718
9
243
546
675
815
924
349
113
765
274
759
825
162
274
615
956
465
915
241
871
417
662
235
511
350
972
80
859
934
505
127
113
317
452
874
568
436
524
618
380
987
56
133
927
672
792
558
188
707
478
555
532
775
123
654
879
915
337
259
487
877
766
403
777
989
116
31
164
309
358
427
936
211
354
606
879
514
5
349
326
206
831
670
419
701
32
938
567
598
274
464
129
827
190
369
502
335
700
764
103
902
203
324
917
347
983
162
933
910
399
612
790
274
994
694
45
820
773
722
4
44
880
296
757
16
823
238
34
656
409
687
475
412
939
921
560
603
844
36
717
841
462
885
82
77
554
778
432
473
709
454
267
858
227
690
956
773
100
155
466
284
631
527
119
250
128
111
220
743
43
274
62
194
54
56
316
192
341
934
565
618
251
969
904
712
33
826
965
481
51
671
857
620
358
770
532
248
807
14
932
803
107
166
338
784
576
658
309
899
317
967
623
364
744
678
314
169
961
923
338
228
214
566
875
6
819
901
758
957
905
934
441
31
783
140
946
833
79
777
477
164
774
481
678
696
843
108
590
209
488
28
490
985
573
961
690
853
36
195
662
729
157
728
628
859
166
961
946
903
166
668
237
7
367
957
298
170
349
717
188
364
499
717
836
695
806
643
864
922
809
160
292
982
103
748
706
402
896
116
880
419
808
514
897
886
901
158
801
428
175
481
439
726
600
475
315
611
494
98
337
377
840
485
669
919
974
198
657
923
651
267
798
549
998
51
927
583
189
702
43
703
301
684
351
644
448
300
415
282
694
607
836
57
398
727
644
913
52
651
914
881
380
381
819
108
664
969
254
119
833
344
696
283
4
202
80
245
407
464
723
918
273
900
546
631
732
33
218
327
918
254
142
289
485
15
137
754
136
373
92
847
898
621
114
915
424
912
129
386
298
561
942
621
513
519
299
887
814
357
251
777
618
327
26
223
416
222
996
577
480
187
551
784
244
61
541
588
432
857
114
757
238
420
771
279
126
834
532
354
142
881
741
267
583
212
340
189
342
144
633
412
444
336
32
183
341
528
892
388
509
101
318
24
790
573
325
506
220
402
467
253
581
670
84
967
739
840
95
475
196
594
176
781
253
387
498
795
421
724
256
336
729
372
39
186
908
95
454
855
743
927
759
18
432
34
350
675
293
747
714
574
204
825
88
47
914
163
380
30
208
593
509
972
198
289
317
135
9
427
518
710
178
857
605
25
946
386
855
53
902
131
986
578
831
868
846
764
1000
781
174
431
492
919
87
349
645
912
727
874
787
842
806
751
491
833
2
462
602
150
20
90
796
890
451
711
202
852
225
547
882
456
843
502
485
179
675
558
443
490
837
31
802
701
514
426
126
92
783
29
307
854
444
585
537
858
243
914
227
192
775
195
189
308
438
540
117
105
822
879
385
377
318
808
538
457
684
187
701
238
771
161
850
904
940
740
109
640
92
635
853
42
881
954
644
349
343
327
366
724
701
810
638
761
160
550
331
981
970
537
698
811
962
137
551
404
518
793
518
627
414
331
253
713
110
445
971
825
910
101
158
985
486
988
72
413
84
970
861
233
207
816
856
708
733
151
385
100
71
606
212
502
788
667
574
311
840
250
813
927
660
667
212
759
529
862
936
589
792
888
542
66
872
329
730
481
801
473
654
898
933
124
499
86
968
427
410
750
586
675
685
728
465
973
277
774
396
283
693
665
398
639
431
753
225
826
637
201
532
935
145
931
811
819
11
851
455
961
622
610
335
128
415
186
508
837
837
965
902
272
217
68
920
687
200
606
29
113
661
416
38
513
363
310
242
309
87
349
380
125
152
981
108
103
558
846
42
866
321
849
882
809
633
153
281
678
870
626
680
972
256
540
951
888
711
655
566
931
175
755
143
939
720
776
15
22
648
144
463
844
447
638
664
526
857
596
508
705
129
184
64
970
78
421
526
163
28
990
881
91
312
523
389
919
123
512
341
107
286
517
937
988
951
180
67
957
135
496
235
98
612
451
414
111
814
35
218
959
662
758
794
755
301
152
294
497
584
176
206
410
199
869
174
876
723
227
726
83
558
156
612
824
599
494
50
464
227
905
148
105
747
947
356
188
702
719
280
837
337
284
499
92
902
780
628
343
75
505
554
887
661
571
406
150
213
946
993
667
732
70
261
535
704
284
901
129
955
130
965
127
744
208
944
501
30
824
732
187
587
987
692
160
30
491
457
769
949
522
395
823
129
63
194
240
733
28
707
896
72
837
358
427
731
129
960
964
13
96
764
287
541
200
854
997
258
730
239
697
147
103
639
784
208
763
862
586
907
261
181
312
607
947
50
985
878
93
137
438
625
432
878
380
869
456
799
224
932
976
468
431
523
351
955
444
130
422
92
932
524
106
49
205
922
235
570
435
278
262
28
704
441
32
302
174
285
494
571
655
9
850
969
570
650
236
750
625
209
719
580
50
322
996
786
106
579
330
568
92
530
302
366
440
55
673
386
631
592
390
497
355
157
745
234
880
578
125
196
299
106
117
468
121
842
306
797
746
534
977
426
779
396
248
163
905
46
648
325
290
191
282
888
21
371
219
64
328
518
399
569
768
623
208
493
273
701
672
496
511
432
789
115
561
946
699
625
23
896
157
931
395
683
425
395
163
314
681
461
714
158
291
584
792
984
939
498
665
299
44
232
697
703
189
840
833
463
513
459
153
265
820
297
350
104
966
379
129
451
605
49
301
27
843
443
127
264
825
118
926
23
48
839
454
809
985
518
888
43
86
752
75
452
111
471
537
817
142
186
500
370
42
171
79
522
628
204
110
428
642
625
209
343
90
72
982
372
316
834
950
135
210
639
887
13
959
992
965
552
935
465
598
354
476
984
387
342
607
746
357
149
132
186
37
723
251
134
917
381
445
2
45
223
872
169
874
949
417
467
699
3
285
769
41
511
521
381
91
724
187
257
515
692
407
735
339
424
258
782
310
800
861
627
688
944
848
437
132
244
890
456
549
943
769
966
172
757
292
735
350
322
919
964
83
500
630
808
120
880
927
329
240
767
77
282
903
374
629
947
426
112
515
717
379
265
459
159
126
90
620
964
23
292
319
261
581
823
379
929
432
713
177
588
787
196
834
917
42
119
878
795
665
1000
282
938
322
141
989
548
958
27
940
963
737
240
547
382
750
821
322
18
97
247
251
359
899
652
978
821
142
710
34
782
921
344
749
748
638
878
111
281
75
474
862
549
236
971
127
140
272
527
278
616
431
880
710
706
832
102
880
895
930
300
319
394
913
986
285
309
762
541
444
275
268
754
532
328
56
51
423
896
426
993
640
105
121
847
367
261
439
789
142
218
472
518
434
550
922
330
108
706
189
971
947
120
177
557
566
947
945
484
17
74
359
42
262
861
730
694
466
116
340
797
152
177
513
730
486
727
331
132
743
504
647
459
837
534
926
69
871
888
224
221
121
117
326
200
798
470
791
867
692
310
741
515
950
321
562
395
926
846
715
776
968
665
759
153
810
163
969
255
110
291
372
178
15
41
488
916
999
447
243
330
61
146
340
667
862
174
879
486
223
152
222
235
53
973
265
583
194
467
352
611
209
241
866
323
393
847
207
652
925
101
447
589
103
24
847
879
389
383
229
778
576
461
448
98
473
987
737
131
881
543
470
463
368
894
934
606
664
612
21
256
333
634
671
429
463
326
474
438
219
7
420
893
245
849
19
473
306
236
467
136
147
923
288
366
316
470
566
59
427
971
610
399
236
137
441
328
367
58
548
796
895
426
629
384
655
446
118
159
617
84
384
834
994
565
951
869
788
654
761
140
9
34
248
327
329
258
932
176
548
302
929
174
904
512
128
452
534
179
346
171
781
440
569
110
201
619
671
952
753
53
772
702
199
412
974
103
570
139
645
872
376
835
819
94
333
608
361
459
243
776
318
579
377
261
32
805
834
604
685
859
491
424
174
240
35
865
224
105
268
763
865
67
261
139
530
100
747
120
302
574
703
731
246
299
240
922
675
37
840
856
660
475
555
680
122
543
935
324
804
781
653
701
318
298
474
352
826
347
426
2
282
790
378
868
189
365
390
412
408
244
777
853
581
695
989
655
711
772
266
364
454
218
267
475
824
524
126
4
88
368
856
711
239
129
795
147
764
894
490
689
716
711
219
328
596
624
23
569
471
742
241
277
178
888
157
430
118
602
660
339
960
468
997
512
453
727
858
549
298
663
500
871
733
28
191
763
976
103
92
616
480
406
392
934
632
59
429
451
96
415
567
451
782
876
232
911
781
64
1000
401
680
958
6
382
804
524
368
236
717
403
233
644
958
476
29
788
17
497
675
12
659
32
864
27
359
981
141
306
14
132
187
731
636
995
632
571
389
388
555
670
251
483
343
513
217
478
753
613
770
143
494
655
872
235
43
771
40
495
985
784
985
406
592
410
658
506
716
84
387
398
954
948
320
584
112
338
753
806
264
912
591
798
448
999
874
932
651
98
478
39
980
32
14
971
268
734
704
868
671
32
779
656
275
619
874
299
550
437
817
87
559
866
897
623
242
125
193
817
166
53
142
39
628
193
677
553
984
404
999
514
792
385
856
537
257
691
78
313
77
381
776
46
97
335
709
787
787
205
801
712
328
257
525
864
339
578
528
867
894
714
850
571
851
736
69
545
73
883
59
645
848
869
908
294
539
902
632
519
990
837
818
247
77
181
254
285
986
437
816
68
379
446
738
610
463
774
238
509
167
216
787
502
529
140
692
603
391
15
516
315
734
493
129
900
557
722
740
117
307
235
795
608
491
489
671
808
871
930
579
78
859
173
204
613
509
391
239
407
499
134
189
147
347
708
462
411
279
896
953
246
334
500
648
922
418
328
641
219
722
980
640
536
39
362
474
145
890
508
105
335
650
864
330
196
431
932
34
54
781
96
950
106
412
165
376
148
133
459
570
772
323
308
118
602
120
846
527
586
786
200
442
443
328
466
628
770
225
838
832
377
119
43
544
871
658
416
297
969
976
225
470
469
806
722
385
703
433
329
50
74
700
315
115
578
662
656
430
80
419
54
147
822
718
316
326
814
991
440
949
862
166
284
904
23
650
974
836
86
312
56
265
475
89
16
469
726
197
500
657
715
102
549
441
783
336
183
473
352
877
592
492
570
79
452
803
180
192
539
338
718
345
385
198
565
193
512
642
232
788
125
425
690
866
404
64
617
485
122
946
733
867
446
606
596
178
960
964
700
621
853
815
128
827
677
196
593
126
81
912
716
479
601
687
422
49
366
891
621
405
484
952
681
635
723
872
997
483
873
436
210
388
474
863
744
335
894
835
287
503
563
961
936
645
577
450
486
498
133
291
375
103
365
116
276
906
971
193
771
29
25
232
503
70
423
65
813
171
761
409
439
57
377
992
169
297
616
29
26
10
756
462
135
96
822
461
221
963
309
283
189
981
402
749
337
971
943
563
554
624
163
201
840
209
743
818
721
429
485
161
598
214
687
101
24
641
515
109
970
245
310
759
238
325
401
268
649
963
651
16
761
279
507
16
246
208
150
187
851
15
562
13
443
206
755
904
922
537
59
424
374
608
9
411
112
365
564
510
175
973
746
275
24
25
14
659
926
987
668
873
807
958
660
361
618
663
992
336
334
465
278
712
703
365
979
969
746
288
308
600
601
154
432
879
68
381
891
431
365
117
894
249
473
954
886
143
983
612
143
119
99
669
889
678
190
62
469
705
334
242
524
852
18
602
771
526
257
92
142
304
284
7
491
977
792
899
534
312
175
770
560
615
193
629
948
381
745
486
807
367
468
273
193
264
194
864
566
826
272
503
486
718
777
626
552
581
721
356
633
993
501
367
398
440
342
709
978
835
418
233
544
691
856
221
157
846
750
140
581
376
397
66
651
988
463
69
633
708
726
347
626
441
95
665
143
66
873
503
292
121
563
226
344
383
583
298
202
741
544
362
543
67
717
60
270
449
821
548
345
202
123
93
726
207
465
788
547
773
829
613
468
257
203
528
973
981
649
560
237
766
49
146
816
775
971
766
164
612
65
233
304
830
30
780
36
992
715
530
466
202
682
812
151
749
92
558
161
857
406
546
797
556
85
614
370
752
964
45
98
290
117
663
575
734
207
413
293
748
785
395
178
158
431
671
155
556
636
266
540
640
993
584
463
256
128
316
24
393
641
27
242
531
254
119
285
525
457
702
853
914
559
690
824
727
312
665
760
146
636
566
908
348
257
33
19
962
339
831
441
776
229
845
719
530
369
415
78
73
883
24
890
197
294
800
605
200
641
323
679
233
847
274
19
173
19
585
753
597
561
536
436
852
412
658
271
901
542
668
477
119
596
78
298
309
373
29
818
443
567
436
854
3
256
468
375
621
825
118
412
292
310
257
616
808
197
257
590
262
209
886
445
833
606
974
186
872
157
842
984
652
874
799
100
147
918
96
973
650
373
95
342
548
390
659
42
606
818
83
930
376
371
454
319
626
608
247
433
865
681
591
521
996
418
116
219
6
636
635
178
485
361
350
957
230
732
696
855
266
204
29
3
478
829
861
964
181
297
392
861
424
109
199
165
929
765
544
233
653
438
272
752
520
540
373
49
639
385
625
442
616
981
789
780
638
112
116
167
331
548
603
401
610
283
542
162
338
436
646
410
661
887
999
392
404
862
50
455
848
764
969
690
618
68
296
263
265
509
590
708
732
348
673
19
946
692
738
782
465
341
630
282
581
707
628
347
37
225
544
870
375
502
180
791
249
476
883
320
966
262
911
302
236
242
866
650
289
123
309
577
303
515
180
227
745
941
12
63
58
0
994
521
870
724
432
922
326
583
906
623
618
815
82
607
532
792
355
880
487
408
543
1000
107
114
401
992
546
390
310
397
777
322
899
92
506
233
861
131
762
677
96
320
791
384
598
491
150
485
205
742
328
743
805
581
526
890
925
582
375
32
576
407
109
393
106
975
841
215
876
79
305
252
8
960
948
67
506
616
568
984
629
131
728
52
681
936
237
971
256
15
881
611
34
386
408
716
281
161
730
607
926
502
63
635
860
922
794
586
553
405
906
852
345
968
975
551
100
67
506
175
338
734
648
951
838
809
271
791
737
532
997
795
845
463
219
220
924
579
643
175
833
551
390
515
588
367
18
361
268
634
287
913
776
465
347
384
514
775
888
467
230
185
99
535
894
643
85
46
790
939
253
511
222
86
334
611
326
917
581
786
13
448
113
2
210
780
598
856
105
107
917
511
140
250
168
394
461
145
892
33
767
35
429
455
237
651
527
250
820
636
774
534
648
677
102
664
376
303
172
727
970
464
233
747
24
856
453
761
370
79
727
403
993
799
282
411
241
97
747
88
357
417
652
403
559
555
952
90
145
51
569
443
376
832
904
815
810
979
465
380
717
903
863
843
904
405
177
608
721
621
511
915
209
770
712
586
970
159
729
900
680
835
114
24
983
518
687
189
398
156
917
703
683
44
314
493
23
971
414
949
180
562
845
235
45
968
743
267
172
565
210
324
752
475
2
513
681
761
713
940
197
861
146
934
461
163
441
98
101
883
748
325
304
931
513
201
90
43
576
232
217
861
8
703
233
740
158
857
55
736
446
47
120
585
425
466
7
178
724
48
421
865
871
310
176
922
734
591
545
417
593
800
932
557
325
789
442
146
710
995
988
942
995
398
553
811
168
518
266
29
976
248
421
235
867
394
71
361
205
756
936
146
514
863
161
344
4
354
60
182
457
565
836
881
435
733
200
328
435
24
498
58
94
623
768
805
143
392
434
348
574
270
175
656
179
347
24
411
285
113
901
529
250
303
158
691
746
875
839
596
305
158
542
706
931
636
771
395
833
351
225
515
337
131
837
339
17
196
555
752
31
668
765
547
578
113
223
427
81
97
924
179
213
21
178
858
902
1000
557
818
656
428
882
829
304
563
204
884
191
228
770
308
973
2
555
253
882
890
617
755
709
416
671
656
479
198
616
65
968
35
947
867
940
882
229
277
635
654
627
445
64
576
850
681
29
812
638
250
751
13
328
587
378
438
964
159
180
464
957
370
906
114
331
330
180
827
894
632
247
756
724
202
330
37
79
389
516
917
12
597
454
484
284
656
142
543
774
759
42
686
98
652
843
397
788
177
117
759
34
525
913
653
177
643
126
642
884
575
840
654
895
769
655
743
855
899
257
241
313
279
828
825
200
670
307
456
544
727
740
998
967
15
563
56
930
35
776
802
451
945
474
91
964
408
50
865
459
265
730
596
112
83
824
259
105
440
59
871
422
751
58
952
772
768
334
574
198
254
342
777
887
579
57
905
501
292
768
580
77
811
201
133
976
750
146
607
886
142
882
329
551
628
955
438
288
372
141
891
256
44
258
938
338
971
464
849
838
830
916
175
631
659
745
470
473
993
720
292
152
223
303
853
819
232
538
869
963
802
231
289
527
627
166
96
571
299
97
333
4
818
608
314
667
220
113
221
713
231
343
627
535
770
862
547
771
389
225
431
330
82
467
330
0
821
789
139
930
189
128
263
330
795
56
760
305
530
626
344
698
851
641
850
166
412
13
309
790
948
674
379
812
564
555
655
993
270
605
143
131
593
108
467
592
911
583
955
11
724
298
414
678
39
557
378
796
849
574
824
21
661
57
604
704
346
549
737
547
906
137
138
76
516
721
716
39
288
7
99
566
109
796
879
674
57
865
957
943
966
873
103
727
816
618
222
994
975
420
214
959
45
810
696
283
860
527
574
395
762
154
143
674
683
548
872
228
715
877
945
72
247
67
125
226
935
381
710
512
502
689
665
88
545
988
334
971
951
708
504
555
285
186
237
7
975
536
672
28
71
115
610
340
223
840
92
280
643
681
381
678
52
589
662
446
574
295
262
761
783
639
968
353
673
671
970
835
10
614
15
795
725
934
869
357
646
495
20
863
73
159
431
924
409
935
552
826
942
230
200
459
652
107
136
16
261
156
394
554
432
294
195
290
704
978
479
33
555
625
349
61
999
752
89
247
147
425
536
587
861
613
325
23
763
573
984
217
404
109
282
671
932
130
496
632
739
499
787
130
443
269
286
994
724
123
216
317
30
116
227
675
505
505
820
235
58
801
543
991
154
258
123
884
333
492
70
931
896
356
87
508
920
948
549
786
663
553
206
370
297
69
379
313
670
870
743
462
168
293
667
494
355
416
282
590
380
716
406
67
382
728
196
234
32
840
794
821
890
28
334
38
598
962
801
842
184
160
415
777
884
21
702
592
230
346
150
101
371
993
111
903
355
897
20
732
544
492
309
79
249
333
801
705
966
497
976
938
899
454
481
410
685
705
868
254
253
766
975
698
786
405
90
555
411
465
736
40
738
108
693
54
839
976
566
642
697
355
200
764
854
79
34
318
404
356
315
583
436
17
481
16
560
741
100
235
725
646
220
812
737
194
351
681
763
531
143
19
537
197
949
975
467
665
576
268
411
566
456
702
815
577
789
660
20
629
813
521
856
645
873
22
531
156
394
587
933
558
801
705
658
432
658
731
333
899
24
356
833
621
988
588
610
840
734
465
495
2
548
190
490
677
232
17
935
364
183
80
953
488
134
809
809
101
996
688
986
295
974
991
335
217
259
531
870
827
625
5
491
148
181
709
912
247
523
137
815
487
700
794
467
201
627
942
245
418
943
764
503
969
756
367
343
850
816
455
36
127
366
218
1
347
979
346
63
562
503
880
238
430
35
172
186
841
37
877
633
297
169
49
189
248
971
120
928
941
299
731
894
397
16
274
571
193
96
342
675
812
967
666
23
757
3
209
844
102
682
244
148
34
14
101
961
696
170
532
443
897
963
578
460
177
215
829
180
249
457
932
659
704
969
688
402
449
685
509
818
158
924
550
599
695
403
933
319
686
785
707
149
733
778
801
798
765
668
175
801
186
499
416
601
494
900
303
190
47
520
713
704
840
220
951
389
671
536
782
423
831
38
199
46
441
789
564
682
17
832
0
565
688
696
896
101
191
386
607
396
314
571
837
197
529
686
779
638
288
927
795
60
902
893
968
409
216
607
816
910
858
884
475
921
243
181
2
323
742
599
157
279
761
561
537
840
53
891
253
297
360
239
114
423
552
797
814
601
601
288
694
657
707
333
910
130
258
429
847
249
436
854
653
281
354
732
882
44
37
835
791
625
783
900
991
732
492
757
811
626
174
3
554
239
483
217
808
927
185
175
497
61
64
933
897
528
612
294
151
851
504
381
69
482
963
624
664
929
951
575
846
482
637
985
137
471
94
83
826
602
999
915
812
656
579
773
598
691
556
995
969
332
525
245
376
722
383
779
988
536
762
972
335
646
307
316
640
617
643
967
905
220
33
711
775
648
216
148
453
908
905
894
434
253
157
604
401
308
872
956
497
328
154
6
944
183
420
77
996
798
346
156
217
338
294
724
815
663
611
974
562
490
848
440
291
180
57
872
264
226
604
28
623
144
997
865
4
294
747
977
805
545
978
58
580
629
119
397
441
846
31
792
455
793
942
23
952
192
412
509
816
248
225
535
968
567
240
328
940
600
743
725
486
240
475
984
197
51
282
752
181
706
333
421
772
972
572
648
846
169
711
580
467
408
282
921
776
213
198
342
665
469
726
529
631
405
873
387
859
317
533
343
934
672
29
419
47
384
812
528
831
857
662
979
675
682
940
100
12
440
951
700
817
447
948
21
502
4
327
249
173
389
387
306
524
150
255
250
249
114
799
971
942
417
766
147
540
893
142
276
834
687
723
185
169
32
282
679
807
547
725
895
117
0
883
929
653
427
755
530
454
995
416
64
566
151
968
85
620
276
35
110
122
631
860
146
467
474
263
289
648
802
444
992
520
142
541
37
653
321
121
584
492
889
806
79
127
513
93
384
683
729
392
278
382
326
231
834
183
264
475
213
625
598
860
400
800
77
840
195
614
562
288
123
437
511
396
559
203
271
103
599
677
254
931
112
709
907
417
509
370
636
43
301
347
266
283
31
102
79
705
844
122
808
411
146
948
358
314
918
286
434
668
658
416
737
562
388
613
298
545
301
264
203
899
415
112
417
447
820
172
748
426
517
888
728
391
631
425
891
992
177
720
862
672
784
682
95
805
591
299
108
377
787
19
167
817
608
760
310
227
959
130
113
85
478
883
706
853
816
289
907
862
514
408
5
553
978
602
582
753
678
483
188
643
984
358
699
268
516
735
306
560
310
750
283
710
416
896
839
542
142
588
103
0
924
122
945
695
141
658
210
702
545
220
244
999
970
671
624
929
958
225
576
978
975
35
729
346
546
715
396
435
592
180
871
466
337
872
123
124
481
294
627
994
197
226
974
154
336
440
55
879
568
852
957
346
432
533
820
573
211
713
444
732
712
42
364
337
841
388
322
85
40
93
999
2
614
586
906
71
302
821
738
975
749
497
812
149
556
520
787
705
335
808
113
499
561
509
473
560
531
878
640
664
776
733
758
571
852
464
520
846
997
232
258
991
924
787
187
41
900
142
406
377
678
954
565
13
66
206
921
64
278
327
850
284
926
473
171
756
284
353
323
102
264
999
123
53
911
287
592
996
289
890
51
619
831
569
487
601
108
120
475
258
141
839
33
614
238
817
746
239
994
500
355
457
918
116
135
298
691
88
2
778
626
783
55
386
871
367
578
296
131
251
136
284
57
308
595
691
738
636
751
925
721
175
342
281
43
498
100
548
907
697
412
679
947
792
722
973
463
578
706
743
418
774
630
274
208
490
432
578
133
348
448
65
764
35
407
598
283
107
705
40
884
627
438
77
885
448
341
571
254
146
801
876
830
183
366
529
776
185
433
342
820
966
777
517
4
530
634
14
949
991
514
605
365
984
681
530
833
442
633
925
19
812
155
470
428
434
532
660
372
213
811
638
965
589
907
657
681
546
884
935
682
621
223
619
826
958
18
192
654
183
541
704
736
335
875
779
496
867
252
906
866
493
259
336
360
254
614
364
782
234
909
563
621
75
5
182
389
590
114
874
393
779
413
459
573
2
246
879
202
504
365
442
106
469
581
934
567
386
540
370
216
871
380
775
375
277
968
361
623
526
785
562
109
282
762
915
223
1
384
301
684
127
100
360
695
444
12
205
995
941
257
55
341
623
237
546
391
572
875
422
783
652
384
776
360
960
306
513
606
538
342
590
750
973
280
22
925
385
336
827
978
549
907
101
922
111
771
728
13
168
260
499
454
478
171
414
907
127
826
915
683
494
898
916
468
702
102
255
556
922
678
841
60
14
436
55
738
785
56
517
87
705
988
85
243
152
477
753
600
370
858
518
644
948
417
89
470
430
544
100
985
584
832
829
983
461
204
791
784
68
374
589
63
152
321
156
379
968
84
36
578
470
198
552
211
52
96
881
154
117
389
646
110
618
742
759
510
873
652
491
4
510
462
899
454
479
304
230
260
13
553
958
531
762
521
288
665
130
310
904
997
216
444
744
896
360
82
764
631
288
267
917
586
335
778
887
818
846
325
151
762
554
844
796
599
572
843
981
357
846
788
274
979
201
108
248
422
800
630
222
890
496
609
173
407
826
759
235
436
302
771
185
909
885
10
493
560
471
114
208
326
483
314
636
638
577
622
41
651
550
450
245
250
490
263
441
755
168
872
439
574
853
851
718
168
339
312
413
844
132
353
329
748
993
675
354
150
980
395
698
66
240
564
987
30
195
388
298
601
755
202
132
375
818
367
610
868
614
549
519
148
981
125
587
642
726
394
73
414
282
241
109
714
774
142
619
368
192
930
869
766
598
158
623
740
792
782
424
788
59
711
525
284
631
710
853
605
427
131
525
805
466
584
336
501
805
221
268
309
383
429
757
265
186
565
183
188
564
361
486
500
77
707
200
993
257
934
60
332
896
699
866
102
491
489
250
842
64
108
173
854
616
452
165
298
856
938
386
444
18
992
459
911
278
151
711
768
538
811
598
163
467
568
288
854
668
491
467
98
462
99
792
316
848
843
927
763
430
471
511
26
793
799
684
462
3
484
519
908
912
84
659
1000
334
734
252
477
741
983
533
666
559
466
478
171
530
749
438
277
593
487
741
620
912
756
484
230
248
798
116
425
541
762
385
955
880
750
366
874
748
574
1
169
11
926
902
562
517
586
496
172
619
344
178
484
545
126
372
59
636
877
20
961
305
366
914
941
742
946
89
584
856
887
328
563
447
166
837
722
965
908
562
83
839
444
455
932
701
867
622
409
197
325
740
949
519
178
696
431
253
978
506
688
378
131
44
795
386
778
552
500
872
211
642
470
23
453
309
121
843
370
73
3
242
591
648
714
288
646
757
42
379
941
390
703
598
163
332
1
271
625
68
484
637
943
837
221
68
771
935
550
862
269
652
544
301
152
126
773
703
52
915
640
687
579
21
436
941
171
589
328
356
467
5
63
361
49
608
402
882
859
979
115
456
469
276
27
343
693
715
838
517
697
670
519
909
239
466
262
870
83
561
984
397
252
397
791
43
346
538
683
506
343
864
485
222
139
186
808
27
652
990
734
403
527
429
223
632
213
625
795
358
669
131
268
9
597
225
426
234
73
108
818
664
373
790
500
189
634
835
938
292
188
377
459
451
583
343
536
468
357
578
537
612
339
444
90
923
271
944
601
925
225
509
246
126
72
745
948
302
899
325
765
671
985
632
276
696
594
426
291
391
304
117
249
255
87
0
128
281
892
498
699
466
853
166
319
197
893
158
559
218
506
113
298
480
137
864
588
404
315
759
130
688
846
36
130
880
210
407
518
323
275
730
986
329
697
964
372
692
243
401
961
570
439
598
697
368
392
149
626
73
552
630
766
612
790
734
520
181
617
617
497
671
846
407
163
985
942
963
426
15
459
903
727
980
686
155
0
737
148
921
923
762
171
899
594
689
200
253
528
963
518
511
979
244
396
224
932
496
104
944
862
469
603
812
815
708
838
883
562
304
642
861
206
950
385
985
690
955
588
997
357
61
596
72
359
40
808
3
511
517
223
220
863
242
508
913
883
255
636
245
272
301
884
838
870
180
544
740
103
452
498
851
585
775
931
810
813
751
516
102
903
496
760
410
174
767
183
622
299
20
298
582
47
791
971
281
359
4
721
922
797
732
850
150
814
206
871
893
181
197
705
131
525
741
841
215
280
803
419
874
445
304
67
574
809
131
643
190
234
50
31
64
66
466
74
952
766
634
299
561
606
909
746
533
295
517
311
953
993
84
702
393
47
166
225
782
548
963
953
62
457
103
308
984
756
389
915
939
193
157
714
851
647
224
60
860
729
123
427
981
1
603
870
240
792
883
928
111
726
593
128
549
772
748
773
520
293
99
462
222
685
842
13
229
684
9
47
39
219
777
961
937
407
708
576
593
585
768
625
216
203
352
181
853
944
323
349
911
951
318
227
563
359
785
74
565
163
392
289
776
150
336
800
909
183
6
469
949
668
569
100
920
907
980
844
352
755
187
428
141
389
122
754
653
912
798
804
979
142
521
586
554
260
308
415
467
169
758
302
396
501
540
491
861
2
671
675
600
720
690
493
418
283
463
409
105
496
951
776
507
932
915
450
979
298
921
461
713
569
631
315
182
708
91
308
837
69
698
669
231
687
881
275
110
323
986
308
355
293
526
597
906
497
123
830
234
130
561
758
212
42
654
169
477
341
297
394
43
661
357
931
807
57
193
281
969
774
48
820
514
473
52
153
957
947
6
165
119
640
291
904
161
636
882
733
892
193
967
958
184
165
1
512
124
122
409
348
257
771
768
859
415
119
875
915
596
467
874
55
270
940
28
203
283
631
495
745
217
74
410
247
803
558
413
497
997
823
372
316
867
911
633
146
782
677
901
255
73
291
939
577
75
123
260
487
676
472
806
303
2
132
601
175
204
479
980
534
284
966
699
664
113
115
576
777
910
714
808
485
999
847
483
361
497
280
929
276
394
463
726
964
274
379
900
510
809
993
115
755
132
272
859
230
60
94
214
986
371
114
92
169
596
390
849
626
310
69
705
32
799
248
384
498
85
684
721
84
366
388
131
954
412
78
27
143
940
793
5
884
906
909
143
36
924
668
811
784
477
358
486
604
25
498
392
600
362
832
119
586
221
712
279
83
462
589
526
276
868
788
757
888
780
747
760
4
567
959
9
63
342
625
777
418
970
542
182
844
509
405
387
170
550
116
905
122
955
712
126
230
643
487
325
992
346
838
148
498
327
60
314
463
118
412
263
764
63
388
516
325
981
571
211
239
15
252
680
864
889
285
209
718
246
771
894
480
457
739
906
861
621
69
901
368
995
768
477
941
235
357
759
471
405
17
64
754
210
553
858
854
378
237
411
148
176
534
560
370
548
43
633
56
469
219
982
99
848
936
409
623
795
152
358
612
181
989
799
967
334
557
294
42
265
678
940
541
464
559
869
470
122
514
928
674
524
371
524
538
347
588
107
268
737
315
301
786
465
448
695
114
227
409
344
86
602
910
368
425
451
755
566
280
375
615
290
545
726
603
105
974
55
385
579
534
990
892
694
184
962
122
988
723
341
958
302
75
513
354
18
220
985
0
152
134
9
813
338
784
346
19
172
317
52
569
228
120
589
943
791
682
437
148
888
129
136
547
353
913
39
856
132
579
206
513
994
214
114
461
486
671
435
89
777
771
878
579
918
121
812
637
448
556
339
183
152
839
138
266
332
934
619
864
461
267
277
15
388
917
152
647
333
740
256
556
91
477
184
782
944
699
18
700
389
756
257
127
184
622
221
314
464
236
957
546
954
643
204
893
374
43
665
468
502
512
692
528
479
943
986
697
499
47
745
720
459
483
853
205
125
114
754
283
121
737
258
850
721
754
530
489
558
205
943
973
363
960
929
23
69
885
785
266
358
421
186
889
682
135
588
781
474
866
723
494
482
645
395
83
1000
809
93
178
210
23
577
74
999
934
60
789
887
421
524
442
820
244
26
962
113
609
103
394
371
22
125
434
415
507
974
734
937
496
961
269
449
514
336
676
461
592
190
610
874
385
821
681
913
802
391
666
529
110
47
743
861
104
806
977
112
741
864
731
160
147
832
332
0
697
484
121
19
706
875
318
355
512
938
522
17
143
267
837
207
129
728
976
881
901
767
319
762
117
162
133
75
890
329
885
823
770
874
639
390
806
433
555
592
451
73
814
322
390
372
45
751
369
207
594
897
622
846
713
1
108
408
110
660
256
306
866
579
449
79
265
134
152
900
67
62
469
368
616
866
539
217
161
638
843
341
491
593
626
436
995
802
282
236
20
623
145
279
268
809
405
138
388
630
610
861
307
444
318
815
779
438
490
280
721
447
160
277
946
519
85
865
7
667
107
723
879
347
474
158
827
147
872
491
883
448
200
129
774
981
105
928
671
700
113
529
538
291
533
452
782
351
222
846
712
122
522
797
298
74
631
942
955
328
558
318
813
548
836
384
600
939
555
926
213
920
171
532
433
288
161
374
371
449
965
664
242
947
468
907
577
963
288
188
352
285
554
505
412
826
257
861
678
527
829
7
356
435
946
155
962
48
889
57
233
990
120
858
289
544
764
412
19
319
53
230
389
789
855
733
141
325
628
586
378
71
80
540
552
138
25
40
171
889
642
548
282
437
405
639
87
384
917
158
267
706
23
196
754
278
171
663
818
61
876
402
347
511
724
453
626
95
686
151
532
269
62
401
155
895
149
584
296
352
415
959
109
984
709
750
722
888
77
874
950
197
930
419
285
666
848
175
653
72
460
662
618
228
457
636
952
753
242
516
799
308
293
961
460
132
98
779
165
580
876
800
421
484
561
752
903
726
532
977
275
596
15
802
108
179
32
604
699
689
214
690
889
287
593
653
942
98
348
378
485
76
40
746
761
114
111
792
22
756
96
832
466
353
536
850
451
562
367
492
268
205
439
681
525
153
144
966
900
944
827
296
844
553
607
393
846
178
604
961
491
984
983
303
730
840
251
737
834
539
35
493
