796
842
529
335
530
678
878
42
520
76
29
354
553
67
144
33
486
520
657
541
962
623
724
240
602
234
536
307
811
336
666
777
570
938
256
309
127
910
156
612
216
514
86
975
815
244
473
963
889
322
516
365
125
266
762
243
991
947
563
470
34
347
497
652
868
40
114
406
908
98
782
827
615
427
220
189
622
8
666
337
854
579
363
55
286
223
535
412
615
23
502
600
532
97
897
658
346
142
788
643
303
920
565
235
735
573
733
731
166
488
280
139
915
452
940
328
271
164
229
926
924
919
864
175
296
493
77
597
97
408
567
664
44
210
810
522
854
308
92
651
151
575
932
110
166
0
725
238
352
480
488
575
682
90
318
643
493
994
58
605
217
175
808
803
189
312
955
209
328
2
197
251
956
228
892
702
915
84
296
746
344
93
265
367
984
239
507
217
299
229
646
640
146
849
617
82
984
170
905
567
879
211
41
829
992
102
973
359
562
161
983
606
971
317
538
636
882
271
352
550
447
265
537
354
112
722
169
404
469
506
926
991
351
417
819
69
64
26
83
372
711
11
167
516
862
293
654
378
381
244
420
979
934
138
956
513
622
952
684
715
756
400
306
765
436
806
12
349
810
134
711
348
733
540
992
769
3
843
471
439
791
935
395
486
700
371
415
750
45
391
878
846
516
124
172
66
354
806
156
554
217
463
649
420
523
588
565
250
204
923
998
251
875
404
321
599
762
619
434
322
795
590
220
319
790
449
646
514
738
883
951
187
564
310
490
247
160
16
330
921
228
988
930
764
854
334
878
999
94
837
526
221
486
568
633
560
785
973
323
141
175
289
748
853
1000
968
277
811
827
406
29
614
864
243
812
28
153
346
354
232
866
84
727
92
401
526
891
911
724
636
791
602
170
791
421
219
765
623
583
539
707
114
758
705
393
246
968
134
651
823
317
233
40
996
863
628
584
711
308
406
681
177
278
122
929
948
452
210
361
139
682
321
52
83
450
734
873
423
761
63
649
52
417
205
683
184
201
870
472
659
234
187
391
519
329
281
279
992
56
411
95
339
902
893
112
367
992
134
92
160
964
781
179
59
955
639
124
764
425
569
467
664
919
552
358
146
931
964
67
731
932
110
719
889
925
312
590
235
910
880
171
999
628
847
797
610
353
974
144
764
665
663
629
669
963
251
615
450
74
711
480
521
298
617
386
602
223
475
865
101
628
559
910
824
534
790
901
245
792
532
375
768
926
301
244
583
203
549
383
456
858
368
455
145
245
255
178
867
825
75
625
530
110
612
853
597
699
340
980
1
508
827
922
973
874
183
856
155
165
909
159
237
914
98
388
967
488
472
311
295
217
456
100
116
375
830
882
587
63
494
518
192
976
334
860
220
218
220
353
79
67
133
942
632
350
604
506
165
727
435
194
993
401
469
818
795
585
481
95
303
747
765
398
483
719
522
104
762
55
312
37
379
498
434
691
869
744
514
330
514
747
402
472
142
925
908
820
899
746
92
228
776
552
283
681
44
18
979
176
254
138
89
310
236
833
47
23
866
922
474
558
394
303
440
75
629
662
874
423
907
379
284
25
403
177
497
493
653
222
45
846
762
778
179
703
750
95
193
192
166
248
33
347
73
138
642
259
189
306
226
950
75
708
31
344
508
74
890
925
422
280
666
684
941
520
48
370
215
333
687
16
504
347
438
511
650
695
549
792
317
991
839
325
320
246
751
559
651
41
178
97
881
611
178
585
685
730
836
703
358
226
223
238
661
204
889
909
707
244
595
71
331
494
790
336
689
737
381
146
229
267
278
711
900
262
683
889
950
352
536
35
743
506
650
391
221
321
849
878
402
493
493
984
393
396
706
985
395
476
562
557
688
275
852
686
581
896
809
898
643
473
149
939
605
477
186
152
498
973
439
427
6
725
650
903
872
568
209
647
736
956
264
99
963
733
950
229
890
472
537
9
641
715
304
365
272
619
433
714
914
622
995
457
676
336
594
397
226
998
549
540
784
301
12
54
424
13
804
35
491
635
419
208
6
193
229
2
905
966
275
637
724
901
108
468
278
461
707
8
624
104
903
482
142
635
701
627
902
904
85
436
607
154
278
418
889
542
94
81
58
116
548
32
574
355
90
500
79
599
345
210
479
919
915
791
559
193
653
193
656
976
534
354
840
168
839
88
213
796
319
278
393
519
676
319
282
378
897
146
531
691
997
424
13
839
258
228
391
633
600
947
982
218
57
471
760
799
796
81
733
31
528
524
267
398
272
324
221
676
505
303
92
912
17
885
389
714
609
117
238
528
78
987
680
712
629
467
58
940
420
986
915
526
682
562
899
303
838
857
556
732
371
300
54
234
219
575
935
218
304
678
101
507
972
658
329
613
330
185
520
259
440
980
761
155
156
534
488
674
424
3
999
744
744
80
181
763
850
752
144
833
3
369
827
693
648
228
622
441
498
476
488
548
918
890
66
757
927
529
972
547
270
924
524
739
804
262
170
715
8
301
368
194
887
267
532
438
16
369
191
34
203
322
653
208
583
864
872
721
862
844
387
496
733
544
587
862
200
715
860
76
275
445
794
152
713
714
529
706
808
104
102
107
720
157
419
943
701
929
56
892
333
95
550
594
894
431
490
589
530
775
29
31
220
410
938
1000
882
559
419
864
182
173
860
313
239
847
233
708
564
695
182
183
478
455
133
296
277
563
385
548
428
402
23
37
546
76
807
312
782
156
655
39
112
77
70
320
529
718
244
150
176
633
727
598
154
880
319
343
648
405
636
820
940
166
483
734
779
818
851
198
575
429
533
947
814
178
247
46
507
522
837
355
644
251
693
995
236
236
122
924
895
321
293
132
182
802
374
76
59
208
576
478
517
983
317
127
546
536
221
515
763
545
218
637
809
149
665
811
82
865
552
708
704
315
766
319
641
205
275
634
439
291
665
195
659
298
275
210
559
444
183
269
866
236
713
115
576
816
531
450
486
432
666
49
479
655
236
844
718
963
706
378
223
732
990
971
534
965
758
93
356
769
740
134
650
272
646
488
102
385
87
787
453
701
356
594
994
169
557
493
222
140
493
903
152
714
100
263
362
446
702
23
368
220
470
195
154
6
148
44
929
601
130
722
927
545
919
657
362
792
486
748
307
342
561
445
415
972
490
338
60
254
324
122
23
64
569
473
703
83
481
320
497
1
15
974
708
922
917
708
205
629
570
634
868
322
521
475
852
624
326
296
219
829
270
119
592
347
852
857
747
816
749
476
313
531
101
87
43
341
891
818
725
273
891
724
204
651
126
628
201
571
426
119
188
678
931
181
807
383
919
485
643
1
297
950
504
913
795
538
536
67
963
111
312
947
617
575
194
842
976
303
900
399
322
390
276
872
966
492
719
320
76
440
692
414
435
180
976
187
810
407
280
47
248
1
174
264
683
777
390
331
480
310
772
626
931
224
701
967
505
64
141
358
810
557
483
998
394
995
309
172
650
62
444
861
840
929
34
369
743
268
808
363
133
263
908
720
603
38
418
50
979
853
235
410
613
186
177
207
993
904
809
727
134
734
297
263
440
964
690
276
775
326
15
526
197
536
959
926
377
50
162
655
397
475
699
417
460
93
102
134
731
133
857
843
340
147
992
43
921
162
355
711
576
158
788
255
253
347
727
286
227
238
542
165
6
953
398
239
938
262
662
294
830
449
603
989
715
751
744
474
46
68
131
618
264
586
606
456
915
784
535
137
470
575
967
988
53
494
665
665
744
454
167
379
634
634
248
428
128
888
805
244
561
312
64
270
66
417
561
16
80
308
426
666
919
206
114
323
572
604
513
154
790
72
120
238
831
871
70
217
830
416
486
780
893
102
561
712
406
483
745
685
578
878
476
251
745
984
761
708
122
490
871
117
854
298
390
981
891
10
811
742
277
774
575
125
334
414
92
650
840
750
144
300
270
202
957
199
267
54
327
753
198
379
913
256
568
325
253
318
149
395
345
137
94
365
354
930
11
755
840
927
184
43
257
326
77
370
479
399
838
908
335
155
543
30
581
944
164
442
592
471
858
876
749
545
974
357
651
418
289
684
123
717
185
706
893
836
920
38
916
660
31
417
138
243
404
440
951
96
223
233
430
431
760
625
942
915
433
687
438
448
538
576
124
676
967
233
955
949
455
155
873
940
150
567
458
898
871
484
126
625
5
785
770
297
282
972
266
406
765
829
305
888
305
142
240
534
93
801
145
515
36
970
152
99
564
747
16
51
527
583
784
557
949
495
18
404
331
123
258
753
307
561
868
779
378
799
530
927
326
694
228
66
84
753
552
123
28
971
353
747
401
677
973
513
722
292
984
78
869
737
356
65
708
503
5
360
947
971
52
105
741
644
642
672
195
902
774
973
542
49
36
40
593
739
821
702
54
127
771
141
810
133
749
115
654
922
797
391
979
981
917
433
937
230
372
152
858
934
393
997
789
618
661
343
437
798
949
775
364
283
372
806
138
210
932
454
635
747
526
355
564
758
629
136
465
481
299
184
751
390
415
592
712
343
848
