341
118
13
379
974
479
471
229
136
290
466
345
987
184
748
624
954
321
826
326
285
420
747
630
155
188
363
664
288
858
576
539
559
978
516
86
817
615
189
488
763
13
940
331
267
363
233
791
208
46
611
548
132
668
705
825
614
661
352
47
590
971
670
450
465
194
267
257
112
643
49
684
299
334
514
723
705
628
828
550
777
916
588
156
254
191
754
319
708
687
6
226
137
841
757
724
701
552
925
18
152
140
377
700
535
912
116
748
484
375
256
27
959
787
563
27
910
335
771
133
660
392
525
771
759
160
415
858
543
338
584
947
70
319
596
966
596
727
819
785
339
561
641
58
915
94
42
573
987
952
479
320
775
343
257
811
294
815
842
650
575
61
386
577
181
753
537
62
890
900
397
996
341
949
276
851
265
441
725
741
578
758
62
219
210
123
754
607
283
41
189
70
537
574
595
139
350
597
26
641
702
355
143
282
739
611
572
978
403
38
528
780
550
505
980
705
708
325
266
823
351
335
83
549
858
770
768
322
730
889
283
849
300
708
67
219
541
193
962
482
451
718
991
850
527
734
519
172
282
840
762
89
978
255
490
914
161
388
611
376
492
467
467
734
447
633
981
882
333
253
414
242
33
103
8
357
429
588
796
705
194
680
767
263
528
619
2
148
823
81
541
310
286
469
56
995
201
283
729
214
917
370
49
981
678
513
409
56
117
756
496
619
98
318
499
196
605
137
202
947
344
757
277
633
842
387
770
431
906
625
131
268
48
60
47
959
276
223
752
433
55
380
502
242
195
867
194
545
517
809
981
785
426
834
585
337
203
798
239
344
221
205
278
305
768
762
877
551
587
993
481
640
560
74
458
323
916
968
420
700
752
619
330
810
624
332
102
4
277
854
428
645
90
219
469
393
574
6
497
724
82
665
791
418
995
809
680
577
181
643
907
991
55
222
659
215
104
308
649
894
422
615
635
547
116
334
207
526
817
32
247
841
571
857
213
643
676
932
644
931
508
29
799
446
639
597
284
675
740
499
412
86
76
965
991
873
281
95
590
727
395
372
96
137
646
329
266
127
48
16
980
794
828
214
28
160
743
365
392
670
113
246
435
888
825
867
703
697
506
930
781
330
958
75
613
509
919
496
886
678
871
441
622
45
94
818
249
941
766
165
37
507
287
179
410
19
556
578
544
632
285
531
518
221
23
282
979
926
597
683
177
254
33
789
980
662
98
973
827
64
160
587
520
467
43
9
162
551
369
472
316
455
865
543
959
231
541
636
350
826
646
747
931
875
992
475
644
385
852
229
480
324
842
422
28
128
746
890
752
830
149
673
422
118
704
106
150
115
163
990
64
538
779
713
441
332
754
660
437
821
208
348
641
163
597
971
598
2
557
492
979
828
228
831
851
854
796
501
231
897
498
288
202
783
278
596
646
628
242
519
504
131
276
832
593
961
791
454
458
550
410
789
597
555
850
225
401
721
985
412
514
215
413
533
282
710
976
762
447
162
698
402
317
330
860
799
874
372
494
202
51
44
134
919
923
875
920
486
634
823
416
597
979
457
214
694
33
921
991
110
596
591
103
852
235
684
463
980
193
92
643
147
541
658
287
466
901
346
245
132
557
513
692
0
414
421
35
179
955
204
165
182
200
864
437
170
488
58
422
181
102
982
275
6
839
563
972
536
161
738
251
578
529
289
604
922
600
669
527
736
999
42
617
739
482
433
492
504
747
4
871
584
410
601
239
127
865
785
649
31
641
868
592
563
423
216
105
80
549
600
482
361
585
885
661
958
679
792
460
387
428
454
63
345
517
632
352
353
780
263
503
344
214
738
771
35
447
500
915
127
390
656
592
85
196
518
445
439
93
298
327
169
74
950
105
995
813
446
256
943
29
823
118
235
404
440
577
200
535
874
430
386
798
45
425
84
642
948
595
558
120
429
436
881
347
51
129
239
180
60
664
204
905
860
310
202
741
595
311
815
977
767
899
750
958
770
564
576
780
817
401
955
216
561
885
808
821
35
729
232
639
251
215
905
62
602
129
875
693
20
724
410
585
774
941
339
96
542
551
631
203
467
394
267
919
235
483
769
648
421
602
312
683
969
858
350
654
556
233
470
110
912
68
245
198
269
377
912
717
823
424
765
568
491
291
480
915
849
840
229
887
378
896
418
213
437
416
657
391
610
691
681
687
393
170
463
679
40
630
449
572
575
232
12
102
337
624
400
456
694
386
512
871
937
677
227
494
288
963
823
497
582
425
333
315
722
850
878
681
268
547
527
510
359
151
770
693
513
687
183
520
341
896
564
625
525
891
163
200
639
880
889
247
610
446
768
820
482
781
765
366
195
950
920
819
448
824
910
738
136
728
207
754
728
515
157
281
376
500
116
19
461
90
105
895
264
372
492
4
623
19
173
789
275
877
52
285
358
596
140
246
326
884
231
294
852
655
136
922
36
831
89
792
591
463
366
823
608
892
919
119
628
763
155
355
416
121
338
917
309
983
199
893
410
863
75
532
59
796
187
328
684
163
842
532
792
577
89
24
239
121
667
50
612
875
983
764
339
946
264
990
614
70
874
748
151
432
364
265
691
278
270
679
533
698
805
549
275
144
263
800
446
62
974
171
765
775
385
757
597
573
219
107
165
800
156
346
518
390
837
949
428
923
54
102
921
71
700
576
167
96
335
916
440
782
952
181
976
102
610
765
699
16
309
209
693
438
469
27
271
785
146
926
18
919
350
173
571
671
811
741
506
843
761
1
976
160
775
935
57
131
584
583
281
645
426
959
848
119
191
53
732
925
631
901
559
870
305
637
775
248
756
752
267
116
370
604
164
269
697
143
560
572
911
302
931
428
339
580
769
868
826
304
805
938
211
914
730
733
345
368
592
77
633
214
803
924
127
128
585
484
609
12
500
195
316
267
865
401
257
274
925
786
894
85
311
565
21
71
102
783
608
539
233
366
326
240
18
529
930
623
938
676
924
196
688
330
744
78
427
448
728
911
168
791
372
989
978
346
615
526
39
836
163
241
100
181
703
917
972
866
998
928
399
839
784
275
485
21
183
24
900
812
561
658
989
196
99
688
585
741
868
588
40
239
825
970
264
695
834
567
976
179
869
253
634
528
761
766
952
404
270
884
336
235
612
459
542
134
597
763
503
290
435
825
234
655
597
747
807
667
832
383
204
228
725
995
178
665
514
518
704
725
234
498
656
938
517
218
99
724
441
862
515
418
583
365
780
155
868
32
364
29
344
203
309
985
25
330
967
738
952
706
361
273
606
35
734
55
878
757
549
857
480
674
554
752
634
793
495
617
28
547
729
842
391
956
475
577
857
419
93
557
448
229
509
196
902
15
710
1000
283
590
423
311
516
441
899
889
32
896
584
23
459
346
53
108
481
677
366
954
37
891
597
371
610
102
336
127
263
844
68
421
698
173
829
885
355
428
371
813
289
298
371
62
865
699
156
649
658
761
201
836
119
707
661
525
981
99
718
869
469
61
906
86
781
312
402
370
170
67
137
505
181
614
716
559
234
780
279
417
450
827
65
246
963
930
803
923
277
163
431
248
699
248
513
964
188
359
345
75
37
878
954
109
811
626
572
368
817
499
706
273
706
269
929
880
658
70
151
794
526
17
657
365
236
564
162
982
453
506
674
233
656
706
537
127
734
454
63
336
250
437
372
747
776
849
926
502
106
573
941
226
91
732
705
801
562
948
280
721
424
336
6
623
357
746
678
725
953
605
781
763
966
85
152
560
488
675
103
197
632
132
43
497
670
464
650
805
145
428
452
142
63
114
809
555
262
490
279
648
453
444
941
811
733
579
389
556
599
3
597
788
969
202
729
536
973
654
93
95
643
778
647
518
5
461
145
295
58
328
350
174
613
984
149
995
854
689
73
430
146
438
392
664
429
123
647
725
951
987
327
258
812
448
508
775
484
375
169
494
219
162
945
170
22
21
520
260
40
744
598
914
74
198
320
218
138
530
499
109
370
862
555
121
406
827
432
72
666
929
510
420
350
553
905
797
9
537
673
573
957
336
323
713
698
122
376
934
491
693
957
757
578
724
282
970
921
80
635
822
994
293
597
583
668
980
689
338
909
152
639
555
546
521
691
0
710
623
687
895
271
471
442
551
902
292
601
618
224
653
389
987
553
802
434
763
24
52
238
153
31
408
545
342
965
222
61
840
115
841
558
207
865
906
532
277
345
288
646
909
159
281
823
664
594
264
811
344
420
866
761
467
654
928
829
22
66
447
772
610
500
751
467
738
785
58
766
75
506
6
178
106
335
851
943
411
936
805
428
374
387
132
732
198
969
305
724
781
97
1
30
571
139
336
71
938
957
749
150
664
880
883
879
16
642
704
59
79
232
307
779
176
994
448
804
227
796
709
130
750
246
656
715
530
64
670
31
999
801
265
625
758
78
702
23
261
403
655
824
748
313
642
664
554
110
408
729
287
693
371
620
871
662
743
1000
527
594
251
85
704
216
744
107
686
465
534
656
301
840
708
625
588
272
967
385
164
541
669
391
363
349
189
646
118
29
885
352
851
285
691
753
340
693
880
842
492
548
551
619
989
960
113
493
566
60
180
206
480
660
359
839
861
923
280
285
72
298
808
207
453
223
924
198
463
186
28
306
882
388
511
397
633
164
715
411
344
354
512
108
410
605
324
12
880
884
379
967
776
907
308
758
626
995
481
198
654
117
930
132
151
262
458
808
135
695
953
568
590
492
200
367
9
35
888
421
132
287
705
636
537
534
791
733
285
77
173
689
363
396
634
583
93
299
580
680
571
739
72
219
424
620
604
476
852
207
542
559
186
502
184
899
327
460
767
193
411
845
698
538
425
372
654
983
494
870
6
795
309
428
545
15
778
613
682
708
564
590
109
275
848
15
53
932
998
932
655
137
387
806
920
627
870
797
894
984
387
133
18
277
753
82
127
350
494
390
691
549
461
592
359
213
1000
95
722
516
130
685
608
908
575
622
449
996
411
620
678
651
134
178
383
607
286
223
565
272
490
819
486
981
386
359
608
980
484
837
394
603
246
168
645
539
964
864
748
928
511
295
199
229
116
995
426
724
958
942
394
11
541
33
907
917
512
230
943
246
855
318
707
103
236
629
12
183
788
226
772
556
309
900
231
97
315
415
52
749
272
701
286
797
805
58
889
977
962
671
787
858
749
872
67
453
893
261
800
950
546
837
120
443
759
725
416
369
392
394
522
872
551
338
544
731
461
786
262
893
380
439
830
694
325
348
478
813
802
449
682
416
328
679
138
730
717
340
743
793
975
485
341
751
403
907
316
680
333
774
229
916
734
468
615
760
771
725
259
74
144
651
840
142
899
500
135
912
863
848
766
217
494
619
543
276
803
479
246
267
492
575
582
696
81
640
341
237
98
457
200
933
961
425
378
986
509
302
689
773
790
142
500
560
73
600
104
793
499
197
400
990
347
136
565
188
664
734
651
562
33
154
75
395
773
568
545
624
710
445
321
26
21
691
9
243
21
688
683
842
617
212
109
838
760
253
107
947
956
414
474
174
539
737
99
42
744
429
151
421
1
436
877
405
331
568
601
740
688
191
224
804
501
99
562
464
603
262
837
423
65
901
478
872
176
194
726
552
748
567
991
954
644
823
625
393
396
479
422
152
518
509
286
141
913
477
338
301
570
715
246
689
329
376
795
404
202
851
75
986
117
393
464
440
587
599
567
340
11
508
839
591
811
817
425
737
420
558
749
195
881
998
861
90
133
660
859
546
324
166
677
620
214
353
380
15
169
733
330
921
543
22
90
730
618
19
336
511
108
555
619
632
85
546
714
721
912
195
278
765
163
536
422
421
933
744
717
62
905
557
129
818
13
915
644
614
877
900
590
636
226
781
556
774
377
593
486
995
707
815
113
729
636
937
878
147
948
204
560
266
738
430
349
578
714
396
468
346
117
684
674
195
927
928
711
16
58
740
523
510
232
460
642
615
887
142
296
997
895
93
552
374
738
298
368
64
826
294
898
588
133
517
775
52
828
217
997
167
473
813
899
143
653
658
343
981
469
794
927
454
969
849
770
324
480
590
321
972
246
936
893
690
48
330
39
938
968
338
496
469
967
240
922
635
150
938
311
166
29
613
238
691
688
278
969
925
872
100
679
14
338
803
225
752
245
828
142
501
659
931
758
819
862
309
30
585
125
485
799
474
36
998
779
883
867
236
826
810
251
422
905
826
505
532
312
167
386
706
889
622
657
558
463
522
479
848
102
330
858
520
924
19
989
329
398
452
988
876
294
413
96
370
602
746
761
231
731
465
822
814
26
715
268
998
811
182
540
411
858
748
778
27
66
102
960
449
496
652
18
25
627
340
949
157
478
289
486
488
36
338
914
743
343
693
310
748
722
722
54
468
324
132
55
87
39
625
791
803
798
120
234
687
809
750
87
264
517
744
356
17
947
564
600
680
302
852
477
529
524
753
118
373
22
894
762
248
186
679
503
433
821
924
158
813
440
660
741
401
288
421
123
42
556
231
786
454
918
426
308
58
679
100
478
184
462
861
108
704
780
173
120
104
538
90
234
489
212
942
337
590
221
177
497
375
441
528
748
406
284
346
56
121
866
684
633
613
487
438
171
140
916
267
490
911
767
874
141
120
774
116
793
980
981
543
484
172
239
144
218
12
462
439
231
16
396
613
665
198
311
901
50
23
577
650
200
164
613
360
898
797
390
742
502
500
117
778
654
39
231
966
759
122
542
464
54
649
514
366
384
190
63
450
142
603
743
706
955
64
93
595
679
228
465
802
429
59
436
453
400
516
995
278
257
609
285
993
372
488
290
254
871
418
530
31
441
473
88
756
672
956
400
875
132
58
120
974
667
713
135
21
484
284
811
364
23
176
210
82
354
395
99
92
791
30
694
657
451
574
415
921
761
160
940
265
582
809
147
38
574
913
986
873
114
338
97
295
476
374
718
512
396
454
925
136
105
732
761
996
489
581
955
331
513
866
368
789
486
205
578
417
631
988
522
622
935
781
803
811
788
180
165
142
252
556
629
421
9
420
606
670
957
688
226
31
119
498
53
658
286
463
344
528
500
15
133
482
255
90
878
403
570
604
565
409
237
666
616
827
917
816
800
404
513
39
218
120
535
414
316
42
427
147
279
517
335
622
395
972
920
681
976
171
35
325
956
642
519
557
883
571
621
942
159
121
517
777
239
790
66
558
567
82
565
651
538
503
424
445
284
368
332
985
363
635
154
880
305
755
989
313
710
535
806
77
725
754
812
956
454
461
393
161
859
0
996
666
368
936
877
242
729
777
726
7
129
122
588
725
634
889
788
628
333
451
554
982
145
942
292
313
550
287
725
686
939
527
76
922
400
900
160
227
27
833
605
155
299
365
838
658
405
826
454
184
794
987
477
605
203
833
883
660
102
324
238
754
103
628
661
595
852
566
755
376
359
58
310
972
170
389
592
327
315
657
878
517
300
250
18
786
119
128
251
138
55
812
460
729
428
705
67
78
330
850
731
113
241
126
948
547
36
99
711
961
975
819
393
549
649
549
853
647
841
707
464
269
776
189
640
282
605
927
673
155
622
392
431
747
256
107
343
418
35
804
661
832
178
393
75
999
609
389
59
236
244
413
367
221
998
628
105
21
133
304
105
740
674
373
105
837
888
200
7
449
28
325
623
858
579
539
402
798
697
331
133
213
736
1
77
460
763
516
520
586
968
497
364
100
689
592
264
906
178
195
294
465
190
328
961
788
25
911
962
813
439
504
516
187
77
964
777
493
775
198
853
713
467
398
883
779
81
813
761
432
44
834
73
826
785
208
307
180
599
435
162
282
927
655
708
379
138
78
191
261
830
792
497
890
758
494
443
252
688
278
821
471
180
637
907
139
579
890
907
385
704
950
232
795
559
606
695
343
530
815
959
809
450
334
718
52
353
435
319
918
249
113
259
757
922
62
686
13
9
112
641
761
82
464
493
687
463
401
109
461
681
325
546
449
680
478
823
22
510
541
805
133
81
876
903
670
272
118
109
816
745
600
728
712
1000
988
429
728
712
344
175
103
183
940
915
448
625
437
890
949
78
6
469
417
838
731
396
826
276
302
395
948
58
216
389
304
644
887
190
967
404
839
244
899
7
604
789
841
703
924
863
311
666
709
260
839
739
780
228
178
980
145
609
231
816
528
969
909
960
679
269
818
584
382
150
220
983
95
736
946
839
655
846
43
515
614
942
679
243
25
317
987
822
353
788
430
755
433
392
135
478
27
16
719
523
203
483
472
417
713
132
389
565
45
314
785
272
306
279
436
656
315
101
998
182
183
591
264
234
982
173
664
252
631
612
27
59
433
72
270
452
426
231
549
3
299
508
164
454
609
239
178
907
496
524
150
354
90
610
280
484
497
243
949
978
127
728
840
626
279
102
604
988
397
777
577
223
556
875
447
456
3
400
465
931
358
425
479
278
601
592
323
742
317
915
815
666
610
73
732
527
863
340
503
840
81
536
38
643
339
916
421
710
400
352
283
70
376
177
541
472
903
469
525
802
267
132
570
728
283
786
717
468
504
264
619
972
501
944
10
2
136
847
317
926
644
629
599
228
272
122
469
602
721
349
721
144
284
594
905
99
656
563
612
324
842
913
862
817
653
643
11
830
402
305
784
559
271
992
271
883
209
52
717
330
747
73
721
837
136
711
551
141
407
78
377
347
403
0
998
514
439
681
858
654
487
995
223
30
649
963
712
519
854
779
101
477
525
992
507
439
103
504
545
127
182
634
919
705
154
730
441
738
886
186
768
458
374
757
349
252
423
660
424
545
49
73
124
890
319
373
986
461
94
175
588
72
407
709
896
802
277
702
796
361
629
264
917
82
334
918
48
229
579
386
640
692
327
418
90
201
50
597
887
305
770
871
725
513
553
414
438
47
802
907
154
146
303
944
534
200
173
297
585
561
949
151
314
144
106
967
118
60
503
31
254
917
78
398
558
806
849
934
278
808
455
989
193
504
56
545
48
899
568
452
463
974
466
976
383
133
37
741
232
127
103
149
160
287
678
574
621
54
290
343
81
213
197
563
638
245
791
305
597
777
971
331
895
144
131
928
548
508
326
522
920
821
945
556
770
295
715
648
235
813
419
359
132
211
114
249
769
890
158
262
337
47
491
759
705
851
134
178
209
53
860
650
964
616
380
178
735
304
653
955
435
267
883
617
687
377
550
855
447
994
828
825
29
644
742
537
435
215
354
814
510
139
899
960
874
604
379
685
304
191
919
778
906
929
799
30
527
958
632
270
51
178
819
998
30
214
742
662
68
309
571
427
898
489
14
396
342
670
297
712
663
426
124
314
326
475
223
39
988
773
755
319
147
208
65
848
371
365
233
339
637
439
804
872
428
528
99
617
642
733
596
65
42
695
85
230
894
743
746
25
922
1
259
74
401
491
550
639
666
39
110
472
967
24
288
403
123
239
420
37
818
49
195
600
8
108
657
347
348
739
878
532
508
551
379
674
377
639
995
766
618
156
225
372
637
405
86
506
881
142
178
757
223
503
186
940
867
635
243
830
914
548
649
570
216
24
0
594
416
462
711
304
13
570
595
362
467
334
863
540
580
107
564
996
461
771
476
356
914
366
799
882
829
438
125
401
946
892
144
991
933
852
362
714
168
442
499
467
583
537
790
521
953
568
85
687
295
912
451
830
551
878
359
126
77
50
107
766
421
647
554
203
206
817
494
988
228
377
157
677
547
983
163
585
748
390
726
510
278
286
703
186
835
766
579
257
340
805
514
46
14
524
900
370
473
777
20
304
162
666
908
953
364
154
854
273
750
124
61
813
416
421
242
158
785
738
984
312
711
55
365
886
548
405
262
167
574
886
416
767
744
34
612
312
142
943
426
830
111
64
835
260
478
582
78
725
541
294
237
25
432
310
280
829
410
684
859
435
313
565
849
74
103
714
757
980
262
365
900
132
370
274
410
917
206
305
257
448
171
967
860
433
470
968
527
858
475
470
0
808
463
663
202
682
517
270
225
916
482
336
695
184
970
464
934
497
405
876
105
505
555
923
935
889
164
816
540
477
221
842
673
699
570
532
657
369
560
551
326
783
829
145
662
806
440
729
423
365
247
30
975
150
39
319
979
279
614
989
849
950
336
303
549
491
410
547
564
431
52
883
177
848
102
285
595
32
161
337
143
937
265
306
300
245
744
375
307
190
519
325
848
466
591
991
714
660
209
572
918
277
690
711
217
842
617
924
501
270
177
722
807
549
448
620
931
316
470
986
783
118
596
953
216
989
407
311
466
268
285
893
429
98
697
942
969
254
923
235
883
241
781
337
426
905
903
393
852
769
0
783
575
326
339
263
219
283
771
453
637
900
515
20
526
717
584
870
484
453
570
542
401
764
140
937
949
813
521
203
892
427
779
275
285
499
455
914
970
131
698
167
16
561
210
938
817
25
136
17
746
607
439
281
964
669
192
857
205
873
709
227
10
663
670
891
546
87
886
474
465
709
237
537
425
514
427
305
979
936
501
258
268
85
659
519
488
177
140
421
926
545
950
716
813
261
570
628
401
552
774
420
922
961
193
175
664
989
326
908
977
724
918
821
586
634
321
916
944
441
75
769
34
594
352
523
270
612
917
651
365
397
11
422
461
410
7
870
149
847
830
961
420
926
681
659
906
887
295
865
375
993
465
879
510
54
526
287
755
143
507
233
926
738
858
849
510
742
473
333
691
219
166
503
322
775
648
390
219
93
660
18
626
887
131
750
683
185
401
355
439
929
237
186
935
820
61
571
394
842
599
177
913
932
723
474
152
663
666
133
759
282
775
800
536
275
596
831
83
805
413
90
173
955
968
242
915
925
174
394
67
107
503
659
78
535
64
954
652
534
652
28
68
856
914
23
992
890
747
65
798
633
748
191
408
733
753
350
430
933
725
445
997
412
401
217
169
606
453
521
823
451
252
190
570
494
465
299
57
264
402
788
368
675
479
703
377
262
493
96
570
795
188
814
878
983
847
946
976
797
997
155
444
487
186
47
328
850
773
645
977
674
114
341
643
395
100
879
897
269
479
445
160
716
805
708
299
246
562
280
759
627
637
27
59
525
915
869
356
834
951
711
959
410
851
578
544
935
998
345
938
562
252
37
43
393
277
578
199
701
673
703
583
538
729
367
642
424
417
77
192
745
874
648
48
617
97
160
458
935
823
400
829
742
783
306
810
428
517
899
52
595
540
619
708
144
447
486
340
475
713
423
722
863
246
167
866
434
706
856
85
438
899
471
292
270
516
256
36
553
282
282
717
686
947
483
808
40
766
597
212
680
480
134
627
828
750
411
954
978
758
239
107
483
759
502
357
78
290
754
18
618
440
531
492
392
908
651
568
332
139
833
170
203
32
219
755
884
435
688
538
786
12
550
143
640
239
879
711
424
607
483
681
994
949
845
621
237
862
411
548
188
949
985
462
215
67
366
714
319
734
673
22
898
848
245
177
864
78
172
545
480
995
695
241
610
874
27
102
104
330
135
786
784
812
672
985
902
743
810
898
322
710
686
976
73
520
94
50
187
334
618
506
367
831
513
899
265
886
353
135
851
443
382
41
756
464
467
0
468
94
151
95
930
810
96
691
60
724
15
755
396
378
419
273
655
176
256
386
186
113
126
297
691
337
397
173
476
473
629
617
885
960
850
861
539
835
1000
480
394
42
268
127
752
929
954
794
39
47
222
852
681
308
103
176
893
669
121
576
494
552
505
299
467
676
412
882
786
236
836
350
167
178
476
809
716
173
18
273
607
594
267
264
114
305
795
434
142
502
505
678
10
522
713
863
349
351
604
622
360
404
276
551
489
951
862
811
702
352
129
539
959
934
935
736
367
549
580
265
790
321
866
725
921
371
323
934
461
885
419
232
90
518
168
313
921
599
917
1000
96
539
372
673
932
657
621
540
8
592
772
490
289
683
325
292
250
810
640
213
691
832
370
183
526
673
131
254
537
287
565
209
623
609
598
499
473
45
994
894
139
535
227
101
103
723
614
741
585
145
94
734
250
86
209
444
274
819
437
333
17
960
412
957
756
483
962
335
625
91
980
742
745
6
298
677
967
261
822
529
293
771
557
881
242
809
93
802
498
359
609
824
650
829
478
292
996
639
87
820
550
754
43
0
221
626
408
887
554
144
984
828
102
135
962
766
214
993
444
245
538
61
2
987
63
976
376
606
769
189
45
889
380
54
260
469
484
227
412
426
997
518
731
953
710
275
261
406
575
922
460
969
918
246
378
930
348
916
54
29
864
464
225
934
10
457
267
711
246
298
224
625
646
422
795
906
783
75
57
24
501
128
929
164
17
856
339
541
148
318
658
657
371
887
560
759
981
900
342
927
555
431
439
654
269
949
858
762
431
762
123
80
57
164
694
990
896
864
507
826
272
235
639
315
26
833
464
410
544
725
928
708
404
147
454
934
759
938
832
958
160
905
41
195
242
64
64
11
990
748
783
778
11
701
912
408
194
788
909
275
75
70
610
375
849
78
875
281
651
512
143
825
82
904
453
392
333
799
328
152
565
57
999
101
849
624
710
981
602
84
779
277
963
40
445
491
652
555
553
190
762
781
244
337
471
736
59
469
574
537
143
366
506
631
238
445
302
633
193
989
556
237
114
909
972
63
234
367
311
801
404
236
558
519
816
646
728
556
190
267
742
862
598
947
830
485
743
414
318
141
116
206
858
230
253
735
449
268
815
839
194
326
753
314
337
550
606
349
472
90
763
246
514
842
421
323
691
499
409
567
809
336
778
639
329
913
998
235
753
332
455
112
308
557
864
377
44
512
260
598
402
854
585
269
704
721
842
15
427
913
504
145
380
163
807
209
327
38
56
286
778
856
846
262
916
977
636
860
618
868
639
155
874
758
838
762
196
327
883
189
94
102
142
52
629
104
636
439
145
492
421
371
80
287
228
239
2
622
629
509
554
813
591
822
77
53
18
994
721
519
910
276
229
654
493
538
878
837
778
417
189
996
283
631
952
287
132
696
117
581
488
56
12
354
796
506
218
938
332
730
943
992
762
30
775
6
754
206
603
246
898
62
966
72
389
157
759
800
474
620
939
609
268
433
946
401
897
22
599
578
989
207
338
27
922
92
279
45
76
901
304
876
389
205
286
530
558
836
896
336
712
371
585
106
819
775
404
655
600
571
807
321
704
668
438
685
990
478
708
645
248
746
406
987
265
986
646
768
668
501
506
243
428
742
755
60
365
367
819
276
298
969
351
869
982
71
696
546
503
382
665
802
394
558
239
482
482
796
247
787
104
4
580
800
261
12
188
346
176
678
97
944
495
156
216
203
223
17
491
507
165
344
776
935
919
427
900
410
985
928
74
889
584
652
265
766
943
706
711
297
728
779
490
784
701
912
609
755
536
218
357
399
198
397
396
39
678
424
612
811
342
757
454
98
947
447
330
646
648
235
645
657
48
825
942
98
493
891
676
688
622
108
167
223
912
98
633
256
823
476
670
123
232
964
549
663
731
966
959
696
506
498
169
729
453
801
557
771
101
894
82
811
744
318
10
966
286
333
378
140
559
218
390
61
562
966
12
710
161
792
566
155
244
956
16
338
226
12
445
182
552
745
831
827
479
487
910
337
432
799
88
565
265
619
959
6
791
694
801
951
853
421
903
893
661
464
539
384
58
261
353
85
898
60
178
746
800
834
497
818
660
345
475
214
992
135
572
575
796
355
151
58
368
562
987
983
174
486
611
401
662
235
299
369
928
231
928
48
766
199
962
808
228
213
868
108
157
261
550
776
40
771
709
31
547
701
721
484
600
640
987
26
531
754
188
567
895
825
6
575
974
182
530
336
48
610
817
860
103
719
343
369
883
999
91
91
374
122
442
334
802
20
841
818
895
451
684
786
777
90
613
499
887
872
891
415
210
984
711
17
396
803
892
878
239
826
776
67
299
847
458
900
215
966
262
789
303
358
720
730
648
228
937
557
255
152
400
186
21
16
198
372
244
217
247
160
597
126
610
970
39
183
5
588
117
590
767
654
468
474
94
282
139
805
658
250
620
722
519
18
376
116
62
870
152
790
40
280
150
179
189
443
358
779
226
535
464
737
497
544
440
163
266
769
823
902
640
39
336
120
17
427
365
382
556
859
358
65
662
97
427
404
497
411
636
915
859
533
389
228
585
232
175
672
554
502
727
879
603
240
947
376
651
564
472
409
772
701
685
608
258
519
895
344
570
380
829
532
67
479
102
254
894
537
54
883
547
651
577
818
487
181
687
551
380
826
728
143
728
206
552
715
728
215
917
259
961
307
534
264
1000
76
890
424
829
373
834
462
769
62
333
719
858
328
992
404
939
495
736
911
593
514
117
791
930
777
949
743
55
990
365
604
685
48
395
87
430
684
270
252
256
182
941
168
913
470
39
369
109
788
709
504
336
545
529
337
783
917
424
668
181
626
707
804
206
515
775
914
273
843
58
352
703
19
101
103
94
284
200
761
189
374
34
206
906
571
740
304
25
422
865
416
997
272
75
506
392
803
61
459
270
34
437
30
824
559
743
992
403
678
403
994
477
588
387
425
480
893
419
170
37
514
770
206
760
441
316
741
619
600
720
231
896
777
985
503
180
293
608
151
533
451
174
573
62
23
484
270
574
584
523
793
116
399
449
795
193
331
874
478
196
40
203
279
491
469
878
407
829
371
960
607
584
401
481
687
398
626
786
147
978
451
760
617
36
728
97
454
234
543
319
448
639
619
182
835
560
853
882
517
817
683
692
338
22
859
625
867
514
351
936
635
941
654
270
908
347
773
270
306
153
488
315
487
925
488
622
444
729
734
717
941
206
648
957
974
903
985
722
851
92
934
904
595
66
775
327
600
943
333
759
599
752
505
658
592
746
728
458
566
551
793
939
464
157
633
975
681
972
78
44
677
960
395
782
729
532
189
659
34
47
687
990
595
45
784
738
414
498
191
272
417
72
11
964
846
706
520
27
673
35
681
246
453
250
19
678
847
941
634
648
166
595
737
259
997
122
144
101
88
259
897
847
237
43
760
104
573
798
823
267
140
775
321
264
698
16
408
165
920
478
768
832
64
940
622
435
158
875
659
357
667
498
309
914
95
906
695
125
207
688
993
287
456
268
375
40
764
968
663
394
361
672
838
677
915
894
313
114
556
872
158
305
873
323
840
843
269
650
388
637
700
358
883
741
32
887
24
228
803
52
534
581
249
338
588
294
984
74
113
250
358
125
769
333
7
549
906
581
224
45
597
762
427
907
835
672
34
141
98
327
927
350
143
796
518
121
552
663
864
682
387
823
345
929
316
868
139
916
174
993
942
952
700
521
944
189
719
929
452
267
306
906
771
711
833
709
591
562
262
178
833
746
660
527
517
659
148
566
563
634
140
92
915
919
934
625
28
679
637
112
635
454
91
500
583
721
546
786
933
511
702
327
992
320
418
896
139
965
509
270
943
617
916
858
442
511
6
445
872
75
156
752
467
162
270
294
918
201
798
348
37
336
433
689
429
691
203
693
519
608
517
621
953
1000
77
475
299
158
952
852
755
60
159
278
435
31
934
406
735
492
824
471
8
204
111
234
882
107
570
626
747
601
573
532
578
524
935
700
12
6
655
776
758
252
876
645
140
930
622
824
38
342
810
343
839
794
855
882
136
181
233
177
111
277
662
973
512
553
76
648
650
34
881
108
926
554
696
109
697
510
511
781
871
846
200
247
782
45
219
414
907
457
548
951
255
691
658
13
21
45
603
803
127
204
378
311
49
259
725
775
672
165
507
421
144
743
196
360
662
281
607
27
765
14
474
736
302
60
463
391
880
507
534
744
681
446
544
122
183
400
956
649
422
96
522
1
914
407
856
800
171
769
577
214
973
710
398
394
371
454
775
613
639
625
106
845
743
392
927
661
511
390
644
590
488
207
962
503
236
437
235
377
361
750
235
211
383
110
349
627
920
860
595
682
601
517
52
948
535
616
568
457
800
888
502
295
886
843
647
425
47
63
978
254
218
15
165
433
754
251
778
899
372
556
925
549
7
5
397
788
239
224
943
122
562
661
596
686
99
696
310
5
2
647
130
174
62
536
206
495
893
237
609
726
131
818
266
554
440
596
86
239
111
729
185
720
553
995
538
130
114
391
169
594
624
467
876
546
48
62
316
449
40
362
415
28
872
194
770
109
318
636
975
944
119
571
914
62
630
644
473
428
522
947
758
190
8
904
71
161
693
809
619
151
40
635
30
72
203
475
947
393
468
428
382
575
740
689
26
826
164
552
563
395
624
935
293
657
266
467
365
976
472
503
525
151
535
386
31
883
415
197
926
902
796
298
725
160
719
893
349
453
431
943
49
160
747
585
683
296
680
438
436
658
405
13
637
337
350
83
469
70
283
472
21
110
645
0
646
347
838
460
768
266
306
955
674
1
609
382
302
370
401
329
555
602
526
878
23
528
545
759
30
823
204
814
233
726
713
887
309
444
159
17
92
418
69
559
967
552
292
204
772
782
834
67
313
617
862
769
797
792
940
32
865
682
984
606
967
718
77
492
664
724
318
637
275
259
935
983
127
900
423
444
31
642
505
177
536
416
301
821
101
308
58
885
689
510
767
629
976
677
871
586
638
68
634
885
15
734
194
247
557
240
589
450
896
219
649
7
452
564
497
572
49
676
104
49
884
582
875
588
906
371
39
637
206
23
295
596
970
334
568
645
407
955
851
276
626
689
333
315
240
734
663
980
420
303
88
901
986
363
285
49
676
5
524
177
717
247
965
91
742
901
623
696
358
828
33
598
905
94
941
291
785
804
836
603
560
733
65
639
128
376
342
392
355
212
500
233
913
580
119
963
899
461
106
579
899
451
676
330
234
1000
611
238
690
847
440
971
503
158
86
392
771
304
761
529
258
73
459
422
314
850
924
2
504
602
994
460
682
156
116
699
14
725
686
329
992
213
424
859
806
402
462
429
912
506
481
805
235
168
821
98
494
404
104
25
872
734
239
509
248
223
188
396
175
611
592
432
639
603
117
181
386
877
150
419
163
212
108
703
828
963
470
432
366
950
241
107
356
233
637
854
808
24
130
247
816
657
771
442
582
982
518
238
508
410
439
634
987
948
479
769
747
521
308
193
945
621
691
113
756
321
270
850
927
113
869
805
668
701
270
162
859
849
736
91
665
496
319
147
994
80
464
732
924
150
685
90
773
143
458
271
84
539
487
593
493
49
882
406
365
957
809
342
750
286
319
585
573
792
37
195
819
828
609
591
298
182
714
125
645
870
437
411
511
184
858
876
250
560
601
422
377
795
490
946
510
500
919
836
414
709
153
535
522
15
364
115
386
783
132
30
424
865
670
609
14
31
431
567
951
249
686
921
363
559
41
430
304
43
687
343
349
605
762
873
600
958
72
790
338
13
258
342
184
877
479
218
683
132
66
930
404
391
200
723
107
291
884
759
941
656
228
336
886
960
200
295
9
337
733
414
71
749
171
408
473
524
638
74
1
791
446
228
569
135
202
772
596
256
685
736
464
926
892
101
304
774
320
82
191
14
277
506
113
169
359
810
558
331
829
190
939
845
673
402
982
193
767
171
239
546
474
229
126
699
843
119
203
783
672
612
122
199
913
449
340
225
473
289
122
245
610
136
539
175
792
30
536
210
807
624
530
30
859
854
601
696
245
340
217
401
725
833
673
309
40
821
747
644
327
212
407
174
524
904
30
293
828
377
318
574
756
67
596
252
195
841
136
239
323
619
464
811
373
84
925
904
287
486
688
74
533
17
527
821
86
345
330
201
35
91
688
574
674
514
127
817
908
957
226
155
864
415
500
165
466
312
426
336
414
304
382
424
875
455
133
119
423
81
154
660
377
272
845
480
653
543
745
409
450
124
678
203
413
546
942
848
671
955
226
178
613
776
743
17
861
811
456
223
995
361
915
531
470
144
39
55
204
338
467
508
497
907
533
594
841
286
26
820
391
237
884
438
718
215
998
715
832
384
201
517
995
650
47
448
992
100
968
754
624
640
307
30
877
36
902
594
169
960
304
49
0
417
967
112
49
918
260
238
221
218
550
646
332
115
643
519
765
555
872
706
535
804
448
103
543
317
981
392
665
708
231
629
351
598
261
741
699
761
455
544
20
175
242
466
581
288
300
636
777
228
980
826
170
517
307
723
643
955
573
826
591
981
502
326
450
149
463
415
427
996
438
257
950
573
592
200
349
296
726
47
904
689
120
560
578
774
527
698
586
474
666
533
706
850
23
33
906
711
341
77
555
310
580
454
924
217
783
835
349
501
261
295
524
295
696
66
348
969
770
972
765
77
35
824
284
720
278
235
248
252
717
160
119
440
367
73
449
994
676
318
858
595
479
864
189
799
827
921
392
735
880
375
997
889
19
428
945
1
124
959
469
127
891
965
499
324
425
412
459
32
792
861
845
788
958
806
702
397
347
17
930
162
697
20
115
747
653
949
228
623
449
114
710
557
428
188
398
286
785
854
754
200
487
538
216
707
63
629
819
35
251
642
512
230
117
746
803
11
329
813
492
796
886
214
621
425
292
661
20
2
645
14
373
259
677
810
380
311
4
945
639
764
2
571
238
158
947
194
320
329
242
166
142
248
507
19
764
135
292
754
328
372
27
201
429
295
189
252
390
384
563
186
800
502
35
363
236
967
321
501
174
267
946
820
29
73
274
512
149
527
989
678
759
607
368
978
781
415
72
887
96
76
127
181
430
736
957
969
832
579
703
97
570
869
155
281
197
195
518
672
797
348
105
625
842
579
619
868
681
23
911
903
409
91
425
418
329
365
374
262
23
633
145
731
434
506
78
829
794
479
827
510
207
89
637
895
965
549
992
21
107
396
710
648
466
946
412
853
980
854
459
349
775
263
335
508
466
351
348
159
447
484
472
170
346
177
148
847
321
719
944
792
186
245
497
681
104
67
210
982
158
751
576
105
239
748
110
326
294
575
953
766
318
940
755
376
742
585
534
442
30
690
201
690
951
787
330
563
523
401
620
893
603
783
728
111
84
771
142
616
768
481
98
860
320
619
367
281
382
862
391
794
424
618
23
405
88
900
184
331
521
364
695
508
795
191
897
973
233
902
809
626
704
769
678
435
694
682
412
753
881
131
390
545
303
177
269
508
204
587
788
407
749
91
952
982
828
99
536
820
139
682
369
216
397
846
881
59
231
381
574
734
26
138
936
402
183
107
450
2
427
899
371
925
10
281
759
415
869
965
175
920
717
190
141
443
364
512
493
453
697
831
526
308
439
736
878
935
569
848
792
987
891
5
75
50
493
340
335
449
186
92
229
871
25
562
305
220
71
681
479
8
498
126
28
920
232
81
546
807
47
473
368
96
564
263
237
902
301
552
782
101
929
417
222
332
865
453
209
486
51
291
46
929
275
916
693
62
507
475
946
844
561
133
43
783
891
444
992
539
947
939
350
355
349
451
381
359
397
342
713
503
462
32
303
254
500
216
394
767
137
150
824
216
345
729
944
327
637
629
375
804
682
133
936
615
346
742
236
636
842
491
13
165
566
88
421
803
981
472
595
684
363
359
634
742
153
635
426
340
461
819
572
411
806
295
796
895
566
688
446
879
187
175
393
207
695
310
365
929
900
350
384
92
333
185
812
250
382
417
903
60
183
484
200
705
15
461
222
94
219
911
225
535
259
36
90
75
536
85
186
853
436
60
138
903
430
556
49
308
601
932
103
509
694
329
309
334
207
333
258
167
742
29
523
331
51
661
613
836
773
225
142
397
212
969
431
44
751
344
904
616
859
1
47
614
270
628
637
321
561
430
52
555
682
500
363
690
703
42
383
480
528
411
502
363
667
162
186
440
828
196
296
130
633
505
345
574
625
81
456
316
652
30
328
122
69
899
856
392
716
325
94
778
368
749
417
129
647
434
861
46
583
68
605
351
751
174
770
37
157
15
195
345
462
573
782
904
761
64
303
59
335
315
954
870
65
202
505
991
877
583
491
985
979
494
496
315
588
392
957
387
129
909
800
725
259
640
432
390
12
70
973
748
301
723
789
873
149
147
656
518
206
133
224
80
486
999
491
822
401
762
617
317
407
163
639
175
323
561
692
297
208
192
105
66
241
470
781
322
270
487
248
558
480
640
317
15
364
971
726
614
663
148
864
485
815
431
962
81
120
466
556
842
234
201
650
961
804
938
645
985
744
669
502
677
321
980
865
187
935
806
323
491
604
198
872
916
402
963
901
155
870
828
23
182
479
468
736
513
998
782
508
65
908
520
612
806
921
748
500
368
192
903
521
471
978
70
190
227
700
413
960
446
127
537
242
393
894
569
797
710
13
217
50
452
221
536
896
737
348
88
779
66
370
216
728
399
959
247
175
928
108
270
159
729
546
878
412
670
329
209
648
992
666
853
486
626
625
897
459
989
486
559
578
469
521
890
44
429
190
506
2
258
602
942
793
488
177
550
158
680
117
481
181
568
190
566
875
928
305
693
258
906
758
67
78
196
637
908
730
569
666
396
858
480
647
62
179
769
617
954
257
170
622
223
643
830
143
138
577
353
616
547
343
773
24
283
262
379
489
388
28
459
308
34
593
699
883
692
626
868
848
36
976
891
511
777
497
229
989
219
616
221
728
97
462
431
760
498
558
793
392
678
702
0
404
753
949
565
554
59
493
633
147
536
501
695
85
550
298
39
925
315
485
901
411
390
444
537
164
176
261
919
202
383
707
261
286
343
889
918
788
921
467
968
898
892
395
518
317
848
943
174
858
690
964
904
952
42
966
356
744
229
136
280
119
508
979
964
624
171
5
593
974
266
88
742
633
155
46
119
832
864
132
193
648
752
72
770
843
383
32
388
691
453
664
529
935
437
88
938
373
827
90
580
43
351
862
544
994
742
838
723
16
187
517
41
734
940
960
808
10
274
922
970
943
164
539
703
428
331
579
758
585
58
604
970
486
295
748
521
347
649
721
44
512
729
427
410
737
522
355
638
196
310
717
690
83
554
927
482
478
902
363
881
193
871
529
276
500
156
17
41
943
706
539
987
717
133
347
932
130
956
461
252
358
973
364
412
834
524
843
994
163
403
607
415
325
767
186
678
338
837
51
793
58
102
890
93
22
147
358
787
74
75
610
234
833
581
746
612
288
347
550
566
392
292
442
169
224
517
686
633
904
498
198
283
157
243
993
357
713
177
476
930
781
648
549
553
233
72
487
247
678
693
533
22
751
194
165
725
227
102
912
927
180
566
775
325
350
469
657
410
82
397
174
307
554
565
296
167
375
471
297
206
500
802
348
650
827
766
152
468
349
847
855
877
414
55
685
72
746
659
705
970
14
835
858
833
633
545
641
996
14
803
54
715
997
807
719
134
67
941
202
432
786
384
152
974
556
457
795
621
632
177
523
888
763
74
580
655
655
241
836
322
406
586
843
768
405
402
221
343
700
665
322
713
601
143
901
364
182
60
985
490
575
859
12
167
487
97
516
140
837
185
72
727
681
752
634
176
981
2
845
872
292
745
363
560
557
475
547
564
130
949
770
454
31
26
77
199
498
80
441
389
57
593
935
571
438
984
380
151
837
753
52
895
932
943
37
144
765
666
129
156
749
774
553
388
192
244
232
572
65
289
202
428
979
107
963
471
179
743
741
805
838
109
712
54
317
855
621
423
773
664
927
391
524
712
872
54
886
350
88
744
803
982
739
650
968
902
965
40
670
504
480
656
443
604
468
482
504
511
441
188
28
405
351
190
109
293
396
498
273
8
783
274
720
645
865
935
826
641
683
78
617
513
823
192
246
427
665
703
369
887
38
377
976
343
122
778
993
347
486
945
309
996
801
174
433
558
192
980
430
148
206
199
556
99
536
803
206
198
118
529
129
890
329
156
679
828
112
859
675
37
325
204
932
470
410
756
964
3
761
505
955
454
589
297
856
921
394
317
7
512
302
416
600
787
362
876
579
836
967
25
373
243
774
317
67
734
860
74
555
243
788
878
155
327
766
61
934
988
348
400
788
342
673
554
618
587
760
991
745
194
137
803
197
846
277
62
600
311
762
437
215
336
564
63
490
551
568
842
311
782
465
793
209
232
800
878
617
409
937
947
936
693
244
56
674
603
775
91
442
298
194
820
273
851
233
367
360
206
855
68
970
991
646
455
226
546
917
516
67
206
461
475
455
258
883
427
287
813
738
56
725
72
95
657
940
579
858
918
995
442
809
53
452
301
433
272
35
989
458
55
271
638
2
380
136
277
647
422
486
852
724
554
851
150
42
723
499
740
755
289
796
260
430
504
87
520
441
919
285
192
360
510
74
206
176
122
256
716
454
460
837
718
803
258
264
76
169
490
108
308
389
651
771
574
9
253
644
573
720
164
462
723
458
383
371
266
605
775
608
191
660
505
643
358
85
316
36
259
53
350
590
386
327
451
104
931
406
406
338
722
981
43
845
583
38
629
543
45
480
23
354
593
679
761
111
13
64
197
831
255
129
229
689
119
241
701
382
300
262
67
41
935
857
36
866
23
16
760
5
434
163
787
781
670
601
585
206
907
43
99
366
817
42
886
613
269
754
576
696
718
102
775
398
874
684
908
841
937
189
679
673
158
976
401
519
675
987
230
831
403
365
63
805
998
161
305
592
262
443
597
266
89
869
876
285
308
62
411
732
549
860
617
446
124
879
408
276
770
669
433
969
428
416
832
589
470
334
397
559
519
701
594
438
212
77
238
22
245
488
332
895
796
996
824
254
955
563
668
954
784
479
823
396
901
5
82
116
119
39
428
217
383
357
885
891
119
877
568
343
587
741
556
969
784
844
381
714
946
70
234
562
58
459
493
317
600
498
930
120
886
693
496
594
272
648
35
476
660
712
61
551
476
739
252
714
564
533
232
45
983
99
492
292
710
287
257
954
536
109
344
429
120
97
84
788
329
479
267
409
917
458
948
198
819
527
757
8
723
72
626
979
353
458
529
155
674
157
100
863
7
396
909
921
818
714
644
872
579
339
156
485
841
788
606
842
46
47
766
691
694
112
445
135
347
438
851
354
774
230
352
26
425
93
536
810
249
22
554
251
576
334
773
83
754
351
397
799
223
935
600
276
80
252
495
402
650
812
13
0
54
298
929
459
726
28
859
975
995
133
213
518
82
666
991
856
639
685
123
174
925
855
977
962
906
582
664
212
853
829
216
58
795
321
741
451
293
935
537
766
754
77
829
568
215
561
203
326
26
593
122
228
848
691
416
13
345
876
482
484
986
772
850
48
826
939
598
79
33
379
165
211
181
270
263
21
626
763
727
382
715
309
46
571
554
278
970
1000
49
562
635
829
521
527
765
50
359
880
218
307
641
419
846
278
332
790
222
5
141
655
246
523
28
177
424
645
667
297
472
572
863
165
266
166
560
376
461
686
126
415
33
932
281
76
733
608
642
344
579
93
412
108
737
34
492
691
105
145
979
223
450
861
621
445
831
474
924
693
733
685
543
961
677
324
249
994
857
579
332
779
124
455
407
953
632
319
80
903
713
115
240
921
624
767
676
498
602
238
910
64
751
550
47
915
298
327
789
602
727
683
941
404
978
674
48
108
571
46
429
723
204
177
766
257
642
862
437
219
178
677
238
249
461
895
328
52
695
15
598
309
138
459
192
143
200
125
311
568
678
950
216
364
828
838
498
782
330
117
849
211
974
844
593
389
286
157
915
588
939
108
402
17
929
56
237
152
995
483
837
176
821
769
918
567
768
437
967
66
485
815
611
464
644
285
594
700
185
265
53
31
69
692
969
435
603
865
806
428
328
485
698
346
882
905
961
361
744
31
984
146
35
510
715
678
400
223
592
583
330
505
655
148
722
405
484
183
406
446
326
175
857
358
673
4
779
770
600
881
453
488
15
627
804
209
816
526
410
206
403
806
604
498
897
750
838
343
973
684
356
50
187
64
916
635
884
776
365
241
708
232
714
456
205
807
383
724
545
550
467
881
49
887
62
472
986
141
414
308
393
652
812
391
1000
19
699
167
816
746
552
975
844
485
231
75
937
587
110
410
147
151
509
722
711
154
241
376
605
296
63
516
229
886
44
957
760
936
767
581
153
732
850
889
559
590
982
91
80
851
333
762
594
719
993
365
939
188
331
65
623
846
420
448
653
352
203
832
979
959
450
62
573
359
677
503
273
524
108
612
863
554
570
106
351
463
167
122
246
688
156
532
823
830
309
556
328
971
272
822
392
316
359
442
285
410
236
666
826
868
899
833
989
929
118
237
255
189
451
916
786
887
273
914
757
292
202
541
764
49
510
193
34
450
403
382
959
332
868
195
844
39
926
331
514
177
945
222
147
31
238
111
716
620
426
275
2
217
645
591
302
750
910
571
283
939
223
40
310
632
630
462
225
275
582
354
9
733
92
398
890
218
641
426
869
319
399
470
986
169
722
203
121
950
827
74
980
702
508
16
347
769
743
512
61
524
405
419
480
178
808
660
887
104
58
714
361
767
942
559
110
269
699
439
10
924
342
949
295
368
87
920
129
445
43
812
73
917
168
162
857
888
968
896
861
791
968
778
315
84
676
427
660
117
465
970
916
738
137
374
222
815
250
734
893
764
898
412
290
930
970
979
37
797
280
969
653
424
557
285
936
765
603
19
782
799
186
108
227
847
949
742
968
947
103
295
524
351
408
414
320
409
950
438
238
734
741
608
259
625
256
686
528
190
94
617
252
148
497
545
397
861
451
993
689
3
964
894
274
851
359
2
356
407
323
337
610
219
812
354
975
15
498
180
61
294
252
96
456
54
888
836
255
56
739
688
125
318
934
98
143
507
246
269
647
956
760
181
505
971
111
531
69
704
635
352
788
10
810
201
474
375
544
874
500
919
236
90
840
514
239
577
818
453
398
878
28
16
61
43
398
699
598
385
713
201
92
351
103
985
967
353
889
341
869
706
499
861
473
65
431
98
681
824
34
644
462
649
826
277
404
316
890
962
279
229
108
838
112
738
391
296
509
221
539
206
284
867
283
127
662
709
223
34
404
753
22
139
174
115
13
829
140
209
752
493
594
850
107
475
557
567
391
265
114
222
785
110
660
215
112
246
847
439
168
936
144
346
21
234
425
166
851
124
389
233
580
776
385
252
963
245
668
857
817
104
940
803
457
748
214
610
875
521
396
306
937
51
671
175
21
279
760
633
295
810
583
628
794
800
206
196
301
235
877
137
172
24
292
67
4
454
361
715
239
770
568
172
866
560
3
130
392
750
376
52
255
294
376
169
897
32
606
981
695
627
129
647
818
229
652
115
360
96
591
374
108
396
319
102
491
745
357
305
376
391
466
24
885
353
948
370
544
57
804
683
138
999
840
446
184
275
509
528
691
1
449
220
168
993
785
93
909
851
74
407
299
490
834
89
391
229
663
495
860
638
33
505
305
472
874
255
163
548
621
176
844
798
173
689
922
780
618
562
454
955
766
993
154
873
40
550
324
750
258
628
559
958
287
879
914
77
389
809
115
614
738
691
657
366
418
409
983
102
824
931
371
662
496
549
990
973
869
194
701
972
447
54
642
660
831
200
277
595
658
830
545
972
226
501
403
795
557
642
898
998
536
464
827
845
352
233
990
392
951
78
444
199
743
551
819
654
322
741
142
948
591
662
996
449
269
581
128
500
316
42
914
977
40
451
28
753
127
417
640
578
565
690
293
454
498
532
89
186
397
249
263
1000
97
361
389
749
853
607
954
625
73
573
149
956
803
711
6
936
828
44
511
629
406
296
370
531
466
653
232
371
198
783
256
852
775
104
639
101
282
223
684
615
759
741
975
21
905
806
58
313
426
73
762
654
613
986
898
352
264
397
34
958
810
534
892
174
380
279
863
727
7
211
770
79
66
493
642
520
379
59
552
248
144
180
532
723
899
681
513
430
158
661
451
529
515
828
721
983
309
519
903
213
752
660
90
255
594
158
792
343
193
714
190
435
306
73
205
457
808
658
740
205
778
134
204
326
317
51
250
610
695
215
869
812
247
460
498
114
774
538
528
114
499
134
993
989
434
400
801
723
208
216
584
163
843
664
672
549
363
531
900
977
554
766
755
482
216
176
586
501
217
633
402
519
691
347
401
258
946
959
111
451
361
632
445
661
551
635
868
936
837
408
258
490
542
319
811
471
472
937
83
697
412
51
214
837
851
684
492
810
215
929
354
257
29
907
921
394
380
836
627
764
198
375
382
371
431
422
204
900
804
837
604
750
492
991
911
619
396
203
471
451
449
680
251
87
921
538
98
127
342
903
660
493
691
566
528
257
777
525
817
865
468
6
738
790
324
584
53
956
386
15
724
954
516
870
920
725
381
521
502
690
250
259
157
446
843
41
706
747
748
664
327
371
668
410
620
955
303
459
655
923
952
614
194
410
296
553
560
670
422
571
23
161
238
921
113
361
664
784
167
74
261
605
990
887
446
605
239
158
922
789
384
211
189
677
833
97
419
398
225
287
91
299
391
807
569
245
860
196
656
714
426
561
205
967
203
44
678
292
671
692
198
269
476
284
60
358
62
918
356
944
693
845
759
683
836
920
275
786
962
32
534
595
61
686
570
12
718
76
166
836
470
386
755
201
5
776
249
514
180
38
969
310
721
215
525
727
6
970
993
832
918
135
785
650
340
538
474
413
340
437
579
100
166
139
994
255
640
257
935
195
182
148
392
794
911
487
700
924
807
777
699
895
118
534
54
741
609
119
783
595
604
261
834
793
421
570
661
290
598
714
872
885
517
651
572
909
920
409
338
59
828
97
842
217
991
586
500
154
830
659
58
834
576
77
259
168
68
330
699
131
991
525
704
489
421
661
950
479
861
886
726
52
606
198
744
610
338
494
819
289
99
811
128
776
212
643
354
950
471
235
382
28
835
726
445
76
316
474
962
685
233
769
665
577
592
405
636
104
532
751
788
25
762
620
679
548
724
712
985
954
85
352
448
45
435
704
8
257
237
257
201
774
271
213
588
343
764
13
881
212
239
240
113
312
698
161
852
138
659
626
128
480
602
827
354
679
342
86
973
821
7
845
437
289
52
401
19
742
592
540
435
544
161
475
119
691
943
531
14
971
686
125
960
526
204
380
170
398
748
639
560
785
671
211
333
66
140
811
887
419
325
340
314
791
865
306
346
999
406
192
742
574
663
133
447
208
487
447
104
653
250
295
243
215
970
999
721
521
721
311
15
992
884
753
119
131
387
733
237
196
439
98
922
576
772
725
905
991
907
532
702
187
302
595
965
255
871
519
837
421
439
15
306
712
433
27
884
633
520
27
62
819
2
776
643
650
58
548
765
823
86
194
54
675
639
275
455
56
812
369
976
946
761
386
448
470
431
336
462
649
281
687
87
283
483
795
379
294
421
619
988
1000
893
321
713
876
717
452
268
136
270
987
706
203
329
436
711
983
67
565
420
198
587
706
595
573
551
274
40
723
484
53
524
180
881
126
216
690
746
245
564
49
834
673
369
652
238
452
137
559
278
170
328
38
530
840
60
672
33
492
818
340
277
404
119
498
613
174
237
52
827
508
731
262
108
32
48
274
30
496
209
716
357
68
379
216
241
42
162
230
640
791
669
272
890
720
216
595
966
699
958
375
532
150
80
347
114
674
23
705
852
190
875
288
288
885
903
929
709
660
960
349
47
893
982
444
568
920
603
956
257
109
985
453
352
268
85
974
43
751
633
566
226
482
915
104
177
62
36
783
514
550
624
842
605
280
442
898
862
699
485
846
471
136
273
420
92
239
980
100
847
963
241
619
427
586
55
444
620
142
682
767
64
71
678
638
621
915
317
196
620
37
558
721
239
182
642
867
28
690
67
232
363
376
678
814
169
322
554
313
456
182
896
375
726
24
240
1000
339
775
857
344
685
598
317
685
760
365
695
162
342
875
323
942
208
845
117
614
299
135
0
216
97
612
927
926
326
370
362
575
177
497
671
853
525
735
4
262
526
772
206
761
177
862
141
291
946
788
19
357
120
876
553
593
882
446
582
592
758
762
40
658
462
577
709
313
364
894
22
411
242
131
178
183
87
587
17
698
528
226
431
685
781
212
425
6
187
883
403
64
371
941
546
245
724
810
702
339
435
980
872
483
398
433
736
617
187
786
407
514
188
100
677
876
482
32
221
146
675
233
472
854
288
41
572
875
246
14
20
242
406
292
770
747
59
297
32
904
535
966
182
817
470
20
40
984
158
144
382
897
106
985
764
959
737
548
529
522
918
24
352
749
342
952
123
737
137
990
342
717
169
148
537
686
212
451
316
352
608
744
37
272
220
894
724
831
717
602
102
1000
681
868
715
323
408
305
386
542
663
505
850
881
116
359
11
895
283
735
608
629
427
367
800
843
340
610
299
111
804
798
143
446
47
394
722
93
256
883
563
184
135
310
155
122
284
6
732
327
184
503
900
323
294
198
875
331
539
796
337
263
343
632
737
287
955
119
171
449
826
258
641
9
130
114
526
927
322
154
265
925
439
290
274
493
479
180
341
435
31
676
916
595
860
663
370
484
95
917
382
188
448
358
806
341
659
67
195
193
30
756
103
332
444
696
730
282
45
177
268
290
111
421
694
264
954
805
272
157
718
561
391
913
219
116
581
849
355
865
104
415
397
787
396
308
989
465
218
404
125
464
234
143
71
412
830
125
985
94
723
760
517
465
280
373
883
853
424
14
948
149
693
84
655
405
107
655
303
626
396
83
213
402
675
320
303
108
71
812
55
745
809
369
298
7
688
199
487
994
541
280
176
725
828
285
88
40
371
636
799
13
833
45
950
147
625
945
681
296
328
405
1
775
360
132
474
72
937
207
481
699
718
767
913
459
678
322
406
598
154
703
573
979
455
385
259
866
40
935
360
400
137
353
217
600
997
764
582
579
602
517
784
301
630
597
120
526
809
143
970
324
432
599
101
786
505
795
757
163
42
647
475
981
702
338
868
968
173
631
293
229
10
656
743
324
556
390
774
126
232
561
34
770
846
895
715
252
387
371
384
709
213
790
27
365
206
909
781
707
777
646
772
910
254
600
41
366
313
231
480
370
755
66
848
278
242
163
777
917
720
765
949
946
949
352
744
341
818
711
458
930
41
221
400
799
754
370
958
547
247
121
931
122
497
68
278
70
781
306
949
43
469
490
357
666
439
118
428
202
678
640
267
640
163
151
785
836
449
495
638
56
18
193
267
334
495
83
778
383
35
626
108
796
249
660
446
676
807
134
996
286
397
711
890
384
58
870
811
801
85
996
207
916
207
20
430
514
120
192
138
690
922
160
448
265
884
78
665
877
583
693
55
691
56
173
868
165
816
593
997
519
176
89
830
260
121
157
500
455
46
671
80
147
431
264
311
571
67
417
713
406
904
976
692
995
690
202
696
570
398
453
979
365
450
314
356
530
519
783
413
459
159
740
0
799
913
874
147
95
967
134
947
393
167
761
613
683
293
344
400
678
221
746
742
375
845
377
787
196
586
879
139
666
21
379
880
526
794
642
18
984
765
410
34
229
22
413
914
691
192
366
945
81
276
501
788
825
159
526
489
851
390
794
208
23
975
420
388
124
47
609
473
567
758
280
424
671
644
209
648
271
475
134
843
833
135
0
417
137
680
727
764
898
672
30
808
894
539
358
169
8
260
933
131
229
135
301
417
488
433
170
647
602
620
50
382
53
588
816
80
493
575
280
12
194
952
739
713
514
982
480
308
341
754
655
993
579
951
982
551
889
769
978
687
323
99
260
403
333
25
844
312
249
617
51
543
359
618
269
477
919
12
157
945
966
703
403
864
471
398
595
934
462
576
68
732
737
523
51
553
813
707
716
507
185
194
920
230
962
131
364
909
266
634
454
450
552
773
763
897
109
688
696
986
279
456
199
440
307
782
570
849
312
380
90
751
428
657
781
963
763
831
765
306
670
761
86
285
794
240
130
284
279
359
399
211
284
1000
524
294
643
663
400
471
653
481
907
295
800
718
314
71
598
0
596
880
835
135
13
117
585
757
161
132
45
443
768
943
43
499
813
377
170
653
42
143
805
726
409
367
850
713
55
223
633
264
424
735
414
519
955
309
137
643
602
976
751
344
536
573
869
797
829
390
334
445
238
290
249
661
310
467
272
662
675
620
739
186
902
720
118
42
332
267
241
246
542
50
931
431
143
621
875
669
46
8
753
304
223
383
779
329
340
38
160
88
456
613
933
219
895
654
116
706
51
994
696
77
380
99
249
288
175
625
476
44
604
490
921
681
24
786
436
361
493
403
64
197
415
573
890
888
79
939
281
463
735
616
505
927
587
485
193
853
305
777
797
503
477
613
910
805
7
777
932
631
50
500
239
811
47
882
278
848
705
408
459
917
911
641
489
828
332
485
333
498
968
358
885
252
412
173
484
76
30
954
817
177
298
445
226
20
856
754
38
642
966
205
55
557
73
836
675
384
969
792
457
509
113
9
369
65
236
141
61
473
688
172
994
115
174
929
57
30
518
489
312
590
729
280
227
611
989
840
410
226
636
199
794
373
58
384
653
586
471
984
270
165
346
774
384
327
391
884
704
656
890
950
126
815
267
591
420
331
960
739
220
834
427
23
404
362
435
749
205
679
129
515
413
479
337
766
434
132
585
475
877
115
571
237
375
689
616
709
607
656
468
324
123
702
966
785
770
268
182
750
252
939
77
599
502
457
313
596
954
418
237
60
851
130
59
577
972
682
284
265
723
828
925
731
294
548
38
473
501
76
9
740
636
389
414
155
623
600
566
199
151
891
371
713
569
416
554
38
856
755
652
56
55
278
144
948
799
449
767
106
191
814
836
644
155
725
248
858
582
952
595
506
227
660
275
574
714
945
340
955
685
60
682
543
30
294
393
771
629
248
270
178
647
15
109
783
449
792
875
289
479
522
817
517
712
80
41
621
352
660
116
196
421
802
845
633
485
662
50
328
174
786
122
114
212
279
624
134
356
567
126
531
978
510
312
375
360
1000
847
503
766
487
137
65
641
973
437
557
2
825
331
269
32
745
835
420
414
177
28
68
374
541
876
423
985
651
568
789
621
302
488
779
887
1000
85
495
54
436
933
9
489
348
276
285
579
288
123
77
987
496
179
74
219
986
904
260
804
86
257
36
397
430
574
347
299
834
256
723
155
133
550
324
389
787
212
706
707
912
334
942
508
346
733
34
258
477
461
337
337
119
739
153
582
962
710
524
975
29
87
125
904
527
758
747
211
471
932
268
731
277
31
602
144
554
201
925
233
257
928
842
309
854
295
858
842
532
117
420
69
17
719
652
82
330
516
194
271
782
138
996
769
923
792
952
31
704
738
848
326
175
396
430
86
605
47
50
484
100
411
773
123
235
392
989
277
981
252
802
733
513
171
144
291
648
103
453
144
775
964
635
949
545
280
509
345
768
815
999
972
604
231
988
40
634
21
939
890
404
344
264
549
670
754
432
848
802
366
906
565
645
885
669
259
722
666
419
60
238
525
522
579
443
792
170
664
738
655
721
830
637
408
964
750
450
521
236
618
980
144
444
522
905
193
437
419
779
5
621
350
715
595
563
837
577
680
129
60
902
972
122
238
770
441
857
530
783
76
912
58
878
58
378
196
909
308
584
953
663
289
971
900
354
385
853
664
915
849
90
173
291
869
886
388
984
88
445
322
187
231
611
106
431
356
421
326
7
155
39
494
391
115
981
695
737
83
106
252
49
0
654
668
183
256
339
565
458
406
262
914
408
133
309
644
457
153
437
876
65
89
547
721
510
436
662
469
430
654
264
678
601
929
193
398
978
38
936
707
685
53
661
823
783
619
240
942
172
287
115
751
292
968
633
605
283
158
16
880
412
55
343
239
510
197
250
282
123
511
731
632
501
531
429
787
558
256
616
22
257
493
893
457
992
787
727
956
865
252
917
644
546
62
392
179
175
25
244
54
128
781
605
842
236
612
72
279
811
558
734
124
449
394
33
677
783
126
260
979
433
953
43
225
593
539
395
936
471
838
992
935
667
843
291
465
64
9
182
762
228
535
791
78
51
742
614
130
427
34
687
25
575
470
726
92
501
444
271
185
859
87
685
460
650
382
637
237
338
15
665
604
130
775
842
686
361
259
348
90
535
475
624
498
822
751
149
984
641
771
943
347
355
40
941
750
554
762
240
729
814
466
945
64
543
412
684
447
24
36
842
974
85
779
211
283
542
285
334
804
552
604
197
759
209
601
64
759
818
755
419
501
273
176
657
11
266
529
686
863
649
291
347
185
925
842
764
463
480
343
390
479
345
535
977
135
5
851
425
88
101
624
930
483
103
678
187
373
419
406
910
557
432
450
11
904
768
598
83
491
119
550
436
492
6
240
269
470
176
463
481
266
282
546
708
412
856
448
43
313
555
843
797
716
90
461
465
782
304
629
572
611
561
559
720
679
26
172
627
48
954
503
307
509
18
700
932
81
373
778
708
172
170
575
518
312
7
763
524
334
522
974
46
785
687
871
354
140
861
642
89
951
200
867
0
735
342
908
456
738
644
294
299
660
52
722
791
78
422
213
581
154
16
255
86
779
321
464
985
37
41
23
271
834
279
312
305
651
53
618
857
333
435
167
689
934
182
163
425
86
187
98
16
823
394
688
121
639
420
197
754
363
289
949
621
535
214
438
645
25
561
9
911
279
622
119
609
712
441
573
563
649
700
961
798
234
301
566
9
70
910
208
867
454
715
795
767
775
883
749
898
159
324
382
59
119
251
281
309
440
406
626
783
706
345
665
384
531
584
443
959
391
571
830
723
607
351
99
104
836
337
499
53
231
391
358
218
567
106
320
250
934
188
113
823
951
202
931
637
969
781
345
180
198
192
851
695
145
232
322
989
255
296
786
994
902
39
297
23
437
354
369
513
569
922
918
547
862
817
505
167
486
658
254
629
969
69
437
558
273
992
112
547
821
686
628
97
760
10
138
97
906
839
630
104
259
88
433
7
568
364
424
460
908
642
840
595
339
307
154
856
782
233
159
878
626
275
128
805
322
146
653
199
990
141
38
432
369
401
777
271
340
595
496
907
404
966
392
142
938
924
331
913
591
525
69
397
256
425
465
450
979
659
251
875
219
669
214
275
270
536
114
622
451
640
965
880
364
120
180
261
979
636
589
886
90
387
961
17
410
494
628
41
420
613
738
424
832
914
966
403
291
23
783
652
410
683
997
723
62
72
145
675
94
920
798
177
370
264
362
118
830
466
196
777
231
498
23
594
223
349
735
402
436
52
755
467
335
655
885
944
177
147
202
7
674
789
608
595
508
395
241
247
473
123
625
533
338
946
110
218
482
310
71
213
229
726
779
527
184
899
555
714
502
735
268
624
317
530
27
808
424
866
722
543
947
985
243
848
962
71
930
393
923
727
248
270
217
307
992
828
228
76
645
64
908
232
135
134
523
877
77
509
891
813
273
994
853
365
105
22
634
643
328
1
810
778
675
233
353
560
878
81
402
332
10
592
639
486
144
582
811
661
839
856
927
744
42
364
696
825
839
573
412
588
621
907
957
778
767
698
506
949
832
456
888
97
467
993
203
384
520
790
871
343
498
116
752
882
682
36
468
638
534
288
767
600
500
93
715
501
695
871
451
336
589
442
708
846
657
446
54
548
563
915
84
958
769
730
436
692
688
940
749
901
698
159
128
431
768
46
485
451
666
887
230
101
123
630
461
500
546
419
648
122
913
423
325
806
468
216
117
518
136
691
940
906
461
702
573
559
433
274
633
363
797
695
668
70
904
388
833
497
325
468
456
322
437
151
182
742
566
328
929
753
239
840
419
151
30
95
844
0
698
896
458
818
10
813
711
429
575
132
320
620
169
600
210
281
553
736
814
780
984
719
391
299
173
782
10
74
60
690
597
966
154
891
872
719
243
182
914
237
608
56
203
436
919
654
346
415
621
348
176
296
978
49
160
861
527
699
23
774
703
643
860
273
710
240
712
450
208
819
867
390
643
942
550
678
203
590
320
276
102
609
845
257
348
879
249
574
242
290
729
552
857
165
508
914
554
958
403
817
884
533
532
604
967
36
48
284
931
756
283
922
378
631
142
970
348
112
982
450
712
371
254
646
683
311
662
646
354
896
590
268
796
232
283
392
945
491
86
46
508
985
924
848
402
819
880
222
107
516
484
601
152
510
844
231
702
821
925
157
62
178
856
419
697
647
205
560
204
32
186
628
385
244
909
446
121
980
747
862
28
128
877
945
611
230
809
928
875
746
866
777
853
976
855
745
102
127
893
193
269
642
791
279
869
519
906
138
142
224
915
468
904
894
902
754
225
167
251
468
392
188
254
28
667
57
883
476
206
484
392
868
832
204
141
495
992
271
575
239
488
569
109
834
784
281
444
962
927
511
199
548
776
811
864
384
345
418
559
760
765
119
266
55
935
246
261
887
195
933
204
278
547
499
782
628
329
929
703
167
759
508
826
685
270
496
56
287
104
311
723
839
616
437
971
477
108
117
455
313
802
693
661
987
313
321
517
679
615
557
483
413
995
434
480
318
749
8
0
524
998
850
339
813
731
126
629
287
230
399
140
74
915
443
540
881
505
194
78
883
850
307
270
166
610
663
461
874
809
33
105
710
698
362
530
14
894
367
905
627
792
509
122
428
443
986
548
370
537
499
849
479
860
384
832
703
471
77
859
959
211
493
491
11
952
587
417
59
73
121
49
646
229
63
940
211
980
105
338
582
405
842
585
976
920
968
434
977
415
677
823
956
420
224
996
250
296
872
88
603
333
441
160
308
277
96
60
777
568
288
88
564
740
599
446
276
228
494
650
495
571
779
690
177
295
274
693
408
897
822
172
378
472
519
986
640
480
506
429
86
841
247
409
570
759
718
464
381
628
716
852
988
175
69
867
966
573
561
156
608
31
539
120
595
370
173
650
56
320
204
763
198
420
99
612
561
153
994
340
154
306
892
865
594
604
806
709
507
995
504
598
157
351
666
943
939
390
77
889
854
846
263
804
452
150
822
123
813
770
791
205
320
485
459
924
31
630
744
298
866
965
959
865
787
342
62
599
264
422
866
406
806
321
944
804
490
295
956
348
468
126
879
94
161
572
810
827
844
474
894
35
576
657
841
653
368
451
534
21
731
702
392
796
689
594
307
260
303
344
188
698
950
73
713
298
883
700
130
271
745
895
892
755
506
877
439
98
358
223
7
193
438
176
423
226
66
621
751
529
726
26
278
924
321
115
137
273
897
181
426
245
484
285
235
565
939
899
801
597
937
199
348
236
115
566
756
949
844
428
850
752
477
928
729
91
387
983
990
299
876
115
366
868
886
822
469
654
937
392
743
670
953
462
884
269
816
869
465
475
968
872
431
146
198
751
229
22
632
414
124
83
738
354
653
617
756
477
800
266
509
29
227
227
55
246
72
195
941
140
124
304
877
636
599
440
118
686
24
208
895
932
929
105
908
89
192
351
891
959
501
456
285
447
890
208
19
87
205
144
810
555
216
800
325
570
863
590
175
874
780
801
127
124
499
768
221
337
877
467
10
136
123
548
418
421
521
394
440
220
677
303
176
153
58
666
899
116
38
416
807
99
334
500
745
654
234
790
406
371
844
78
769
628
310
8
787
432
568
631
799
343
583
982
857
204
331
415
952
188
21
954
936
476
599
635
312
648
408
428
142
544
558
626
274
69
424
856
67
201
471
303
359
486
54
661
747
706
424
386
841
205
134
114
908
205
264
806
899
286
90
435
292
630
671
259
11
520
981
757
907
232
649
787
600
116
725
518
406
673
561
448
439
91
836
785
341
511
296
175
341
131
100
162
782
323
151
825
544
253
64
572
368
410
286
654
470
898
247
408
766
614
204
600
471
458
966
418
902
533
878
947
783
200
549
600
802
843
224
975
236
205
131
204
756
731
531
595
269
991
233
229
667
173
538
960
2
293
82
742
116
96
831
462
144
359
5
99
75
955
277
671
676
135
345
587
570
204
344
229
124
781
52
642
928
991
645
114
106
600
358
561
633
413
856
385
123
377
707
392
350
785
274
820
919
167
655
98
526
170
51
620
559
27
876
190
194
283
494
548
804
981
571
970
307
805
392
769
103
709
254
684
997
300
140
946
584
201
934
515
585
320
632
68
454
794
315
315
692
224
890
772
975
480
680
488
975
489
90
69
200
66
850
173
705
666
342
514
729
343
806
711
694
247
167
777
931
546
578
684
365
10
385
663
995
418
578
595
668
460
216
837
983
700
875
392
306
353
755
594
205
889
682
329
580
930
121
899
429
115
700
380
188
239
757
939
932
937
310
740
248
578
919
598
598
698
62
681
984
185
903
239
494
945
535
834
966
703
852
885
835
179
45
685
970
446
521
765
410
613
431
723
576
105
973
850
571
96
541
698
976
855
327
785
403
374
20
452
537
763
485
165
412
581
683
767
835
571
36
672
194
707
188
341
981
316
595
893
388
520
721
720
464
408
907
91
88
1000
676
877
463
235
230
809
678
539
180
155
100
398
866
950
354
854
635
452
697
794
952
861
630
874
612
620
445
353
342
927
384
707
527
350
83
961
38
20
594
687
974
609
742
281
863
462
13
22
283
208
74
803
160
904
154
217
306
997
48
982
112
822
826
231
66
212
392
520
319
273
808
262
662
319
800
722
846
562
882
229
569
53
577
179
659
327
960
817
618
390
663
861
875
487
88
707
436
774
439
248
561
782
406
12
478
191
39
55
530
84
776
66
862
184
465
156
515
316
80
137
222
271
159
304
897
908
383
550
241
28
230
719
733
4
924
583
126
706
944
739
685
148
61
715
677
136
382
979
794
399
690
978
570
208
370
802
689
530
530
758
491
594
548
655
988
31
545
588
770
595
536
942
646
879
771
867
770
397
859
722
868
911
463
922
707
421
642
194
147
244
113
944
357
880
908
191
528
959
419
651
925
549
89
693
785
709
825
792
401
439
512
236
416
633
172
63
177
545
463
111
96
448
481
749
981
738
688
953
821
310
158
649
742
941
284
374
105
958
553
130
478
326
466
216
894
86
520
643
732
819
864
728
564
336
927
487
641
349
57
113
615
306
633
129
695
780
681
95
866
572
864
652
233
830
319
555
743
750
905
319
49
257
131
646
568
331
475
881
177
703
463
244
647
775
373
775
844
195
263
735
499
92
512
28
826
787
245
883
770
523
385
815
90
574
462
785
557
203
359
32
754
476
28
61
351
851
401
182
205
207
604
536
684
167
0
379
378
507
95
230
249
16
128
603
766
332
45
796
722
747
295
337
148
514
764
351
257
661
662
854
533
301
281
649
531
420
93
654
189
304
664
708
394
888
986
222
598
554
609
105
228
422
169
79
358
537
289
490
505
386
692
956
192
175
871
682
361
392
432
320
609
110
189
64
759
619
767
235
205
296
338
505
862
935
929
23
924
223
74
729
795
761
655
889
482
531
293
736
717
493
678
755
377
558
401
505
621
811
213
981
697
637
479
777
352
960
404
129
870
378
744
483
94
656
574
586
540
348
154
845
356
96
619
32
313
118
663
997
518
942
694
845
754
880
613
740
532
601
390
256
234
668
287
853
433
512
99
723
309
800
471
38
609
446
623
597
422
830
904
170
831
613
645
94
202
945
321
314
513
530
396
201
242
137
636
430
209
557
846
477
467
421
456
176
39
550
890
67
886
481
386
836
499
573
908
552
561
527
234
665
102
470
331
260
323
965
968
569
362
309
33
761
95
140
152
857
606
403
756
4
826
102
933
911
268
892
0
419
732
366
783
79
856
989
363
838
772
407
873
188
548
327
663
927
791
784
48
342
325
121
432
364
406
334
723
25
589
174
340
243
731
220
333
136
817
185
20
144
699
474
153
847
412
876
385
25
523
937
444
78
26
519
147
216
704
970
701
496
991
658
350
137
361
802
330
150
954
627
356
864
417
666
297
913
620
271
881
59
245
656
936
111
296
231
484
335
755
515
440
97
112
52
630
806
701
414
11
504
974
985
441
386
390
710
846
890
4
713
900
563
528
105
126
953
63
907
9
349
904
153
541
684
737
905
795
294
256
327
771
239
520
517
101
548
979
450
646
685
52
852
272
328
199
426
479
27
822
182
967
780
219
40
586
329
573
489
393
537
276
942
85
119
708
477
904
14
826
835
512
933
97
600
511
314
694
696
169
858
423
701
813
165
603
750
360
599
644
714
205
92
50
603
347
894
124
434
468
911
306
313
65
559
870
29
2
993
23
5
23
490
328
390
438
230
712
446
63
236
966
770
640
567
910
119
250
314
938
798
90
92
476
551
568
148
147
794
366
414
963
5
484
854
586
323
723
772
411
277
344
651
369
850
552
95
302
425
387
727
159
422
83
600
660
464
663
297
320
3
683
32
664
431
299
663
510
307
981
203
692
105
13
505
349
426
353
410
479
992
695
912
232
88
13
337
726
268
387
379
206
518
706
882
589
157
674
997
480
194
345
221
346
889
641
436
187
675
328
129
279
761
151
970
82
685
182
356
763
435
831
555
351
201
292
908
58
793
459
236
387
545
861
330
715
824
699
474
705
54
528
939
77
894
877
820
318
27
576
395
363
343
606
150
884
779
89
243
599
296
395
303
913
142
456
227
358
411
892
437
468
679
226
383
773
126
854
36
454
489
27
724
332
907
535
750
346
435
210
610
845
981
468
160
608
630
32
422
622
680
323
744
277
432
182
694
12
632
49
329
405
489
19
468
23
867
686
567
49
515
684
314
481
793
48
503
553
639
325
299
749
469
657
688
238
803
766
952
817
965
282
41
576
383
773
822
303
240
482
361
985
961
925
562
352
650
391
278
413
680
913
239
960
643
229
89
191
191
671
243
56
229
90
8
179
738
612
400
988
797
949
618
193
846
380
263
755
164
953
137
527
507
691
396
125
489
429
708
767
591
264
803
61
815
217
199
238
197
246
112
834
152
31
308
573
81
231
863
426
440
660
874
203
51
723
806
148
40
64
691
700
769
542
316
518
122
393
623
740
350
717
563
56
914
638
680
908
73
75
366
376
916
541
106
411
416
199
264
817
900
966
592
58
553
28
823
833
921
808
562
876
58
250
83
7
805
708
78
699
761
524
357
365
126
245
212
277
992
286
50
657
136
2
774
118
870
438
924
747
316
883
771
304
782
602
455
627
777
812
982
961
181
538
44
432
854
800
360
625
326
670
860
546
154
688
519
774
558
119
404
406
754
964
248
391
513
766
678
973
571
730
15
55
996
137
433
896
950
941
769
249
544
363
818
988
299
882
667
281
953
903
636
481
751
608
623
633
472
604
156
334
309
621
983
160
376
280
788
284
237
990
572
745
286
427
151
648
246
292
899
708
213
581
276
199
278
147
829
186
963
956
879
970
155
165
549
549
71
564
788
438
559
389
526
141
436
501
456
912
421
288
299
849
498
591
500
502
686
792
387
15
913
688
527
524
371
216
225
941
365
627
269
125
755
397
231
344
568
166
132
489
211
566
838
528
514
783
899
108
231
994
770
745
995
532
716
41
117
30
715
609
496
235
108
143
82
581
270
241
266
425
898
671
219
259
780
432
659
74
433
712
121
383
367
747
20
165
248
208
531
144
580
88
341
477
682
460
465
274
584
553
577
826
446
539
891
102
486
30
455
163
338
142
739
480
176
616
169
232
116
335
634
428
395
532
86
689
722
136
745
720
949
897
844
687
254
141
625
338
276
44
695
607
132
307
242
473
859
58
346
723
988
966
139
756
77
103
452
368
670
95
268
560
152
432
726
342
904
575
276
577
495
724
387
112
61
453
985
683
577
654
186
275
973
731
638
735
446
542
139
591
975
56
526
623
997
319
761
40
476
20
752
527
661
503
20
120
4
286
619
19
328
428
490
498
336
12
35
119
341
670
247
299
46
848
927
28
994
912
410
467
864
534
921
317
556
42
93
597
347
396
0
53
875
429
187
415
514
651
446
371
674
948
179
133
224
84
324
521
668
840
981
782
119
98
467
311
897
357
432
609
195
589
718
866
329
802
257
750
787
22
920
657
870
460
889
400
186
608
245
544
179
265
819
373
953
445
956
396
168
798
776
644
897
879
591
390
208
75
785
792
490
736
1000
824
462
171
71
946
341
539
156
299
87
473
518
108
286
153
501
308
580
736
624
342
308
911
241
25
313
137
727
807
290
108
97
575
989
758
614
488
914
769
947
84
954
616
967
672
550
155
459
424
87
475
101
642
17
36
597
882
861
634
444
233
310
702
931
572
136
328
546
200
708
530
598
634
113
248
943
123
402
62
464
276
921
769
804
117
895
665
621
1
578
123
909
877
389
436
441
939
874
284
881
163
281
508
609
838
42
665
841
598
235
747
821
135
574
794
524
779
744
651
747
241
961
863
525
999
234
556
193
531
431
924
860
1
283
598
135
144
895
604
190
146
718
734
554
506
685
774
164
239
777
266
785
763
202
539
177
190
175
354
768
459
873
177
529
96
931
181
105
740
797
657
1000
653
432
935
23
239
340
268
753
149
246
308
454
47
552
501
289
879
988
897
100
625
594
680
24
90
75
190
532
557
374
509
905
262
553
344
408
927
441
84
843
533
467
575
267
715
995
369
989
721
284
416
918
594
444
775
455
182
715
988
450
457
400
703
517
305
29
162
149
173
181
578
555
725
316
393
810
574
739
681
808
197
868
961
249
302
965
791
423
411
235
176
584
575
99
746
167
794
786
139
797
211
297
574
91
322
259
667
982
308
765
348
124
848
486
454
293
732
401
832
747
733
972
370
997
363
451
288
10
108
48
370
568
448
543
829
756
146
461
623
505
248
66
118
345
161
753
967
592
735
336
641
627
969
385
200
552
604
373
797
628
85
150
679
70
922
384
135
284
771
370
279
416
128
566
239
528
67
853
888
590
880
120
518
629
526
484
116
124
685
154
845
988
201
829
452
210
322
117
366
335
920
219
9
760
314
977
817
961
41
102
968
557
181
64
175
311
587
33
435
401
29
366
899
7
308
980
501
787
411
304
137
975
928
246
892
375
586
323
587
778
646
226
705
877
846
692
466
410
573
850
560
957
718
94
878
19
655
94
211
768
581
743
579
78
458
784
264
203
55
277
607
338
986
670
915
526
134
672
984
157
837
394
596
917
849
35
150
955
886
985
803
852
94
893
191
792
764
430
827
716
157
684
962
161
829
246
394
863
255
652
606
388
749
107
981
543
853
522
203
345
796
787
802
184
217
670
839
420
6
386
899
290
251
920
981
202
280
819
550
789
289
762
499
164
561
163
819
408
889
667
237
554
550
540
83
1000
237
67
760
246
376
413
39
15
621
91
729
279
939
738
787
387
75
803
609
555
229
309
666
684
112
69
478
203
210
224
45
761
460
721
583
525
918
57
392
715
602
190
50
341
608
751
430
474
570
975
367
244
318
644
759
836
496
698
732
168
3
43
480
56
919
586
394
947
889
801
594
767
206
734
801
779
111
103
970
749
725
471
516
294
717
756
838
781
30
193
968
836
869
474
156
574
173
681
165
840
141
639
243
947
526
137
626
583
205
252
997
191
752
460
330
623
50
926
204
826
243
98
175
441
967
505
7
935
286
256
234
765
484
221
507
283
226
40
725
871
328
710
968
591
91
346
693
501
494
668
808
751
420
270
844
589
843
572
146
206
43
67
173
612
443
938
929
894
10
254
403
208
346
615
349
639
79
5
786
707
107
208
566
638
542
853
494
973
853
377
742
351
770
250
952
889
85
998
927
938
706
751
817
27
252
476
580
165
886
105
500
652
62
297
932
982
368
986
474
854
707
581
211
465
238
81
575
94
610
419
876
51
401
625
991
822
746
929
902
332
887
41
141
892
336
2
629
990
925
615
889
294
336
227
754
387
662
927
765
574
79
129
55
659
197
226
639
691
10
599
487
430
399
382
659
861
231
51
438
679
786
469
907
178
569
28
503
854
753
184
876
866
857
813
873
880
647
622
238
619
494
935
777
6
979
634
327
109
784
955
952
392
803
76
693
754
454
782
976
834
352
975
989
328
171
779
952
164
145
346
508
615
714
429
175
259
393
85
762
917
710
845
364
90
317
76
424
566
828
648
367
126
770
903
406
727
502
53
394
642
943
56
774
321
350
788
961
577
309
585
616
111
132
843
127
744
704
808
760
407
569
870
660
811
425
957
16
34
249
42
110
619
121
224
258
250
282
780
650
395
436
312
54
752
261
586
765
474
890
501
745
399
57
759
127
997
951
745
159
446
123
258
984
423
648
167
107
326
727
984
119
5
339
199
345
927
925
103
117
922
24
871
849
940
808
954
341
875
138
866
230
581
376
951
430
334
362
171
677
645
415
369
627
128
287
571
629
989
702
487
434
6
964
698
566
309
446
837
404
259
724
259
460
469
573
650
599
503
152
507
967
118
88
200
89
537
109
400
614
246
425
764
244
222
283
491
159
978
612
16
248
395
532
467
552
824
798
172
205
663
557
380
715
936
618
659
200
998
951
239
804
679
386
904
887
904
186
967
887
950
67
857
705
285
6
512
485
931
791
394
102
363
250
660
664
44
791
403
189
670
817
724
815
580
266
451
757
804
740
144
710
66
968
88
601
937
342
620
360
433
457
462
575
769
778
235
88
842
759
906
902
411
812
996
477
963
1
875
513
493
510
384
261
333
148
299
130
405
105
802
689
158
127
648
516
14
854
24
309
961
594
262
515
970
114
821
821
61
444
294
333
356
108
655
843
469
909
331
291
461
381
432
31
808
582
114
241
368
473
734
387
196
950
789
328
430
618
998
592
33
662
238
398
887
274
157
679
173
739
377
612
497
754
694
187
938
724
638
754
468
665
819
748
491
442
180
994
744
23
450
962
392
135
347
94
210
727
220
43
954
159
167
837
778
287
268
639
589
718
478
420
305
314
626
252
682
753
936
69
308
795
33
78
185
767
764
269
633
57
473
626
70
526
525
184
157
828
505
306
807
616
713
896
941
626
122
18
411
775
214
203
218
194
410
996
891
770
577
22
99
484
622
644
479
628
142
153
82
987
855
233
286
237
647
437
217
125
387
410
509
238
967
236
201
923
491
531
984
964
72
860
522
994
957
453
784
601
432
891
495
947
831
478
438
302
93
555
853
391
802
19
288
261
486
446
436
426
190
115
895
698
443
211
226
149
421
854
398
202
308
326
406
304
746
292
781
342
233
766
515
19
220
913
234
453
846
397
387
938
842
185
349
618
676
716
4
709
929
737
66
826
373
213
949
890
807
716
518
623
125
592
76
684
174
19
298
306
414
887
599
769
402
489
690
570
985
849
903
276
513
756
142
693
919
318
224
470
575
340
512
915
925
614
761
928
183
255
256
115
86
593
923
789
299
391
462
898
201
530
339
668
496
503
266
562
476
936
472
928
90
793
247
272
360
751
223
536
699
399
40
81
498
888
947
129
581
47
132
452
911
709
498
92
522
194
450
157
618
919
949
224
320
6
253
401
84
880
265
659
934
474
767
346
681
86
625
128
850
255
47
288
609
637
356
654
467
905
702
211
150
750
948
179
299
244
46
514
975
235
448
398
624
160
460
319
682
716
324
949
205
665
93
252
149
167
206
836
879
729
295
949
377
108
215
680
736
436
279
614
446
279
619
32
946
946
474
647
971
862
385
934
372
798
940
152
535
494
189
962
609
143
738
267
771
643
206
230
21
586
509
967
399
617
724
644
141
165
299
265
862
873
752
975
383
241
675
64
751
730
329
289
802
821
220
430
634
494
266
407
339
625
469
201
109
972
568
765
11
447
405
389
77
332
283
33
341
273
359
70
123
596
368
93
171
761
598
692
316
561
20
142
967
877
776
5
305
908
187
94
479
768
274
814
271
342
1
789
389
900
723
10
171
669
815
481
496
974
987
756
633
189
399
398
242
918
416
954
841
787
348
785
388
491
954
319
364
993
703
902
424
730
811
240
59
892
208
830
313
266
1000
707
355
43
832
254
737
25
90
864
787
846
345
73
53
381
620
387
425
672
773
996
718
531
219
351
609
138
843
658
89
239
444
471
444
481
467
730
614
304
717
588
996
888
370
603
537
565
726
320
61
124
391
495
196
486
606
699
135
559
391
851
659
419
587
772
536
775
571
324
58
580
970
279
746
59
560
267
405
154
944
173
891
911
974
971
21
819
549
724
307
969
193
891
496
522
410
904
982
247
102
370
648
667
928
959
649
803
763
766
8
111
32
830
618
322
355
975
907
198
249
833
172
992
44
822
498
185
327
950
139
715
281
156
327
247
356
8
858
416
60
985
277
116
777
406
393
538
984
90
721
318
491
280
803
397
932
305
876
457
602
164
32
103
394
109
456
55
469
516
27
235
270
476
408
46
439
560
250
314
862
689
681
267
589
866
425
57
691
465
593
378
787
217
663
818
209
452
158
785
411
751
53
237
188
483
490
319
689
918
568
611
522
310
57
559
551
898
522
409
722
643
40
614
808
728
251
163
335
9
869
187
178
414
509
518
995
958
734
521
122
168
273
691
729
34
909
200
710
935
221
213
117
359
195
286
263
604
69
393
943
343
878
931
377
485
625
594
382
593
310
929
498
257
652
123
910
273
135
994
673
680
416
471
294
69
248
899
380
923
348
409
644
60
144
691
707
298
75
639
572
315
585
994
297
792
436
864
897
30
164
109
980
746
900
35
289
629
385
313
731
450
170
718
529
598
5
959
481
837
916
599
940
543
259
662
426
337
860
641
109
842
239
232
969
147
745
746
218
161
67
245
538
714
239
17
726
195
279
761
720
756
604
373
655
514
156
548
79
123
591
654
975
777
114
280
777
999
531
540
591
445
66
383
814
536
215
848
586
376
714
376
746
34
955
644
841
917
673
217
491
928
63
675
907
51
218
834
928
382
115
608
621
812
89
700
951
333
948
98
377
589
938
93
365
921
758
26
791
997
480
240
779
855
533
340
325
637
966
760
490
471
286
351
23
612
34
281
902
854
28
37
635
94
427
995
578
869
225
311
870
777
700
136
156
130
358
819
72
97
583
409
346
131
316
414
321
357
734
955
871
373
300
882
792
176
138
226
457
959
329
592
559
492
920
489
555
455
366
360
663
705
677
967
795
616
630
725
671
958
296
650
697
23
687
405
628
530
636
401
898
880
522
884
92
562
613
723
241
875
315
975
335
865
71
460
540
348
854
504
106
803
484
98
108
467
612
253
440
408
409
