325
259
826
624
203
977
106
43
883
277
633
800
755
504
308
496
633
914
250
709
721
717
478
390
802
403
302
687
104
141
561
219
587
479
197
199
447
154
93
95
806
824
875
789
772
926
478
81
774
567
536
703
209
724
94
546
937
893
204
717
700
939
909
974
341
677
750
116
812
593
796
35
594
900
236
506
383
131
782
355
194
553
684
994
148
760
16
665
300
737
459
670
755
693
713
888
676
250
347
605
766
541
715
90
104
563
964
115
266
313
107
660
826
6
73
414
247
103
186
865
695
326
158
958
880
612
151
178
956
686
365
300
192
439
421
999
652
963
232
543
779
191
205
201
709
649
416
279
295
644
732
773
584
543
313
470
373
526
340
313
253
690
191
546
902
573
116
250
738
413
336
540
959
387
185
931
331
986
959
625
854
743
29
738
396
169
787
648
78
512
747
50
212
170
974
473
820
412
219
966
606
188
438
448
553
28
829
622
564
323
901
542
356
853
716
224
440
268
29
918
418
290
779
675
502
392
255
988
329
660
714
857
237
922
428
646
659
719
636
586
792
547
650
545
937
95
996
55
454
18
571
476
925
941
798
232
875
528
191
203
859
539
152
981
490
597
561
644
709
768
531
991
701
756
283
460
755
153
322
137
183
98
200
124
844
682
957
437
597
397
44
965
524
91
154
617
629
215
383
263
998
981
532
937
375
843
994
403
32
871
637
104
650
281
728
833
480
303
863
145
219
616
297
705
549
656
151
373
630
513
721
324
723
297
301
911
777
626
905
866
631
122
507
264
849
190
411
177
791
528
987
553
658
720
267
477
919
731
33
109
761
798
495
506
750
691
697
516
672
276
886
541
517
971
704
246
893
412
810
902
356
359
797
659
187
969
860
381
68
360
310
849
372
359
54
472
214
598
996
139
89
929
593
812
754
251
893
355
776
938
807
681
79
738
488
912
268
601
605
658
340
849
240
240
885
422
307
999
104
46
438
121
161
462
937
394
615
825
642
351
378
478
226
49
425
101
359
562
495
215
176
832
672
278
380
954
415
44
566
279
265
11
958
418
588
935
928
356
120
311
187
255
922
763
992
303
446
966
264
316
265
969
859
332
583
289
149
156
531
653
331
535
146
144
254
59
179
867
144
139
285
624
55
857
982
139
43
593
8
959
792
450
496
945
647
16
47
278
597
501
633
937
871
761
560
520
170
988
213
870
78
734
484
759
332
290
876
525
483
481
557
35
523
642
56
418
389
883
20
396
599
5
436
707
298
941
12
759
420
678
557
408
374
679
806
874
571
429
788
410
91
579
575
401
862
454
916
511
643
316
941
652
595
549
890
804
508
121
17
809
58
338
968
618
423
749
912
204
758
48
976
188
329
171
69
804
12
593
430
426
233
860
578
50
419
356
529
846
579
308
254
275
740
821
548
215
748
955
688
371
537
612
449
921
896
788
241
568
91
428
137
616
97
311
876
979
834
230
858
313
751
872
243
149
128
475
790
9
104
664
369
380
955
773
80
463
249
204
870
271
877
425
705
956
997
695
156
576
788
727
156
600
948
749
752
884
620
579
155
113
599
65
866
212
740
503
817
145
490
350
61
112
203
609
538
977
335
917
114
293
603
499
959
106
670
762
555
40
298
506
304
595
889
218
47
947
310
897
15
989
537
801
451
43
316
420
734
662
548
422
152
278
234
729
694
614
208
541
606
214
931
466
334
583
176
202
843
146
174
741
166
648
386
497
23
439
225
124
968
749
674
747
513
347
935
542
722
52
399
387
512
221
605
810
24
825
599
595
873
525
979
724
540
811
592
643
879
646
641
168
79
151
538
926
118
86
58
911
131
870
970
271
315
47
125
262
100
514
772
786
67
317
932
691
169
153
375
551
875
45
821
140
876
991
427
154
186
32
848
36
544
425
742
886
239
678
314
795
831
319
426
627
340
936
72
339
82
812
871
617
151
511
17
802
329
337
208
317
880
487
169
958
877
619
487
768
34
923
761
789
601
396
740
818
72
823
697
0
186
211
170
893
957
489
631
351
140
105
690
857
283
911
742
746
426
820
518
655
947
560
729
932
325
279
364
881
931
616
973
398
624
568
373
479
131
715
433
640
440
571
970
24
727
214
368
688
173
492
508
307
758
276
972
495
830
515
525
47
244
792
300
382
763
461
466
625
686
482
986
514
99
167
41
924
719
226
427
313
94
143
980
725
502
827
584
286
923
191
638
211
575
475
124
209
350
267
152
67
433
48
371
193
141
732
580
561
215
764
670
82
501
257
90
126
569
589
506
861
306
751
106
837
810
208
944
886
600
80
878
147
75
717
714
199
101
562
320
206
46
517
526
440
615
207
970
480
29
435
739
211
818
843
746
653
913
831
164
788
471
259
602
754
876
939
383
845
467
713
9
687
567
428
183
321
508
685
128
331
423
92
516
802
226
302
643
473
502
628
629
681
90
935
834
82
898
252
650
936
485
259
660
102
131
561
311
528
897
256
663
53
262
979
88
437
914
364
696
671
684
557
764
283
898
490
690
217
361
390
822
137
90
998
286
680
16
489
843
191
630
46
807
554
400
682
687
480
190
889
247
189
46
612
741
282
861
906
572
793
707
476
678
598
296
757
86
696
331
564
302
127
186
78
649
277
417
76
308
371
749
237
983
571
255
823
994
551
233
756
457
848
488
561
532
146
338
61
306
843
410
730
522
309
230
111
712
790
677
535
668
917
660
324
520
193
542
272
25
997
170
157
835
521
509
588
20
964
29
360
897
657
329
392
75
411
369
782
897
643
741
259
562
784
825
193
683
308
890
792
254
632
722
442
496
400
620
533
239
948
767
334
542
811
828
446
742
933
668
604
858
582
876
45
941
220
902
652
885
785
83
856
306
622
28
852
909
131
393
201
314
968
672
596
136
665
737
379
323
561
892
523
928
782
625
464
68
406
547
758
288
977
707
806
578
246
681
59
255
758
170
147
937
374
859
10
911
123
243
137
121
407
395
748
304
96
696
990
181
260
321
853
443
472
39
465
678
220
981
901
61
580
507
669
141
595
674
836
871
624
421
846
759
499
252
942
966
524
558
658
292
294
507
436
163
729
226
927
610
30
601
593
888
894
888
559
474
71
405
639
781
278
490
557
121
937
937
255
613
366
345
881
580
568
932
199
605
666
992
917
332
628
230
189
766
58
35
197
741
531
997
286
925
988
887
843
289
500
358
365
411
67
6
26
100
70
973
24
306
747
70
444
381
206
704
750
776
256
303
552
620
559
103
563
726
860
253
263
483
985
173
360
947
144
799
255
78
766
417
481
695
734
875
608
335
329
122
540
208
682
639
403
706
995
871
926
968
285
73
918
214
366
537
666
72
558
381
283
648
734
902
197
555
218
543
817
320
702
783
889
468
796
773
395
83
573
189
154
142
428
863
745
833
926
714
479
226
891
655
560
204
659
858
34
880
290
793
48
72
161
156
113
150
420
953
586
561
210
602
199
768
657
610
373
703
819
978
450
305
766
618
830
986
670
510
2
167
470
979
970
496
660
179
467
175
99
211
607
46
756
98
858
758
455
895
621
272
888
915
744
518
461
564
733
951
60
92
581
96
161
217
404
791
554
290
989
758
510
423
321
254
797
73
425
425
383
692
851
551
481
815
797
172
921
970
199
594
40
854
710
759
446
563
468
216
184
973
321
298
384
573
702
967
618
623
753
565
957
437
197
62
746
797
199
423
442
834
319
919
790
527
222
999
975
386
479
447
512
872
80
94
531
354
707
374
272
473
34
819
250
10
61
316
905
599
362
228
416
364
32
522
964
519
133
844
129
530
245
719
528
240
740
926
48
699
574
644
392
562
333
436
943
368
381
321
386
612
18
217
161
554
782
388
495
202
164
0
957
199
480
966
939
618
175
688
557
508
506
600
199
401
466
663
60
130
441
548
863
497
957
334
351
907
242
291
516
324
153
177
772
610
729
85
591
457
405
373
725
987
127
571
699
790
125
879
979
189
50
516
245
691
721
399
913
221
64
353
183
88
839
756
878
855
501
496
85
717
453
405
30
626
931
593
638
873
442
32
123
570
477
569
145
474
383
184
394
601
829
570
842
328
642
740
314
145
864
244
342
227
774
409
656
892
883
964
964
790
857
959
774
948
467
241
150
287
117
229
58
844
557
657
112
123
163
120
855
471
74
669
595
584
235
521
714
321
504
470
192
778
487
819
428
755
189
523
484
789
222
406
36
47
899
25
490
197
631
311
85
535
347
696
227
462
812
917
238
179
349
800
637
305
468
973
0
618
131
685
153
538
802
939
934
1
209
614
266
932
288
783
716
484
799
110
556
68
466
826
916
547
17
429
561
726
704
954
868
463
997
306
588
66
201
228
685
530
416
174
654
748
867
877
365
43
486
499
848
999
591
818
146
565
57
197
630
170
441
800
597
592
805
5
526
354
696
403
418
126
292
942
120
497
183
187
206
78
911
705
19
365
813
791
695
845
346
767
120
718
265
96
402
93
896
770
864
629
94
533
348
110
172
511
880
743
511
588
319
662
370
212
451
314
555
905
287
159
924
258
950
423
905
640
738
790
378
589
33
177
218
867
613
676
859
775
294
122
440
957
256
287
495
832
408
900
29
781
83
135
605
675
109
226
245
692
862
210
126
348
79
543
280
551
48
732
313
319
173
597
142
320
906
558
930
437
373
278
431
95
680
25
660
205
87
992
104
106
17
864
940
754
974
544
16
777
327
286
80
310
601
397
956
978
405
700
522
966
251
451
741
794
139
218
598
144
643
241
940
991
528
592
410
867
626
638
788
255
848
374
284
173
120
232
879
468
576
284
120
215
958
450
290
340
895
302
321
693
533
603
83
540
637
114
460
775
766
349
83
562
672
617
261
189
513
376
296
35
532
5
645
926
239
692
120
87
306
94
366
339
343
308
689
803
85
306
612
275
514
264
143
238
490
193
919
534
240
409
763
162
326
138
837
371
901
579
177
621
508
93
37
738
493
945
394
957
647
616
8
106
911
855
8
607
136
846
971
370
229
661
329
642
521
577
773
63
743
723
993
722
276
414
434
150
101
215
286
498
867
438
949
599
938
220
484
781
936
247
750
429
393
849
388
784
968
558
69
478
966
194
915
421
551
519
207
266
641
752
956
568
406
293
237
447
651
922
246
707
199
166
665
687
522
131
685
735
521
590
142
346
832
429
267
212
234
383
617
368
6
850
855
536
574
100
258
867
193
526
793
771
184
405
462
378
407
656
675
926
381
825
143
508
988
607
321
216
813
922
880
685
705
364
582
133
403
102
898
545
594
739
213
626
765
107
816
863
145
408
353
247
878
768
894
30
320
78
900
963
461
407
854
827
244
420
664
138
90
247
545
684
604
188
987
469
483
916
588
781
919
686
619
815
496
605
208
554
927
761
809
158
652
206
599
223
372
79
532
654
821
722
124
152
118
40
129
451
388
856
468
729
721
865
448
755
775
263
852
487
307
813
803
360
275
951
959
456
990
444
484
363
859
785
44
932
103
456
745
226
805
254
810
162
75
147
196
396
837
175
541
290
578
886
614
579
752
273
442
20
616
696
400
539
497
628
259
753
87
779
161
125
328
959
748
610
189
206
689
768
151
362
818
913
580
53
607
493
109
432
453
818
158
135
929
801
935
461
780
287
846
895
27
300
417
911
905
362
727
504
121
175
272
249
191
943
415
154
615
471
111
739
414
518
245
581
11
364
171
726
249
438
900
886
530
207
187
804
771
664
561
584
376
600
207
347
991
379
980
469
346
435
55
359
553
105
384
452
67
572
268
319
340
526
48
488
107
841
232
921
539
848
834
388
927
114
760
187
277
44
703
308
903
412
589
620
143
904
858
1
314
780
159
890
243
33
496
354
838
885
182
542
808
618
216
365
316
624
268
33
401
163
686
990
342
253
637
380
764
216
754
492
5
598
886
915
279
284
239
854
21
692
66
33
642
417
519
153
711
147
405
211
618
225
998
20
934
116
985
662
763
988
993
545
340
45
895
987
191
624
684
405
864
341
494
113
896
257
903
336
299
813
144
335
55
820
701
830
746
34
104
932
526
964
30
981
67
245
251
872
422
92
488
177
454
194
755
263
983
246
107
87
725
378
59
827
92
324
548
921
318
133
242
156
198
262
81
157
156
411
909
820
975
249
9
731
57
708
190
586
603
232
176
226
521
527
264
827
36
326
749
805
215
620
474
216
247
751
539
528
509
994
255
132
274
266
962
68
311
62
756
892
57
540
565
240
185
954
435
998
21
793
452
165
184
622
159
376
660
412
833
890
27
485
947
789
491
137
194
127
424
401
192
614
572
698
454
278
377
879
998
727
846
196
404
478
737
281
612
353
909
336
640
669
121
462
593
726
873
365
814
911
930
393
620
281
2
570
726
217
922
453
886
289
577
50
249
577
496
635
985
127
15
778
176
616
814
190
616
588
428
615
94
461
687
781
105
202
768
932
446
354
172
573
575
436
295
615
94
871
730
959
591
745
313
545
136
198
842
999
915
767
433
422
381
912
391
820
218
347
795
863
646
803
795
909
472
384
944
145
467
426
721
252
531
573
746
559
329
157
450
701
60
455
505
167
532
556
899
733
156
875
699
317
276
204
482
91
663
504
316
341
568
391
482
677
356
856
136
992
129
889
875
414
926
651
122
654
161
832
278
177
496
530
889
740
666
77
65
244
301
852
594
214
250
336
207
661
815
295
681
153
781
973
389
636
753
470
298
591
167
578
425
96
218
358
801
492
867
915
267
287
663
12
499
639
813
189
615
702
144
638
851
300
250
733
497
542
967
39
44
818
424
428
682
584
793
432
763
527
334
204
310
695
723
93
653
700
606
811
289
783
307
81
913
549
988
865
315
864
381
768
38
543
519
258
24
2
735
597
216
243
948
376
268
237
256
243
12
819
15
4
964
112
342
630
365
28
0
134
884
656
17
348
563
554
348
467
592
717
708
368
990
45
85
386
48
930
663
413
614
137
297
639
83
333
210
595
399
534
17
741
999
655
37
464
423
997
813
385
318
324
292
687
853
845
979
677
963
190
183
240
143
560
230
265
69
498
612
448
976
355
840
465
750
213
170
584
820
1
397
222
572
28
443
967
647
320
187
750
466
245
26
56
843
806
217
622
546
443
233
589
676
401
569
911
363
445
935
2
150
680
922
831
944
745
898
688
963
333
802
938
867
153
759
851
788
648
673
92
343
838
627
175
709
533
744
855
120
131
596
728
975
287
299
940
385
5
306
830
702
567
914
3
509
987
820
677
891
363
600
52
990
792
351
85
371
357
524
538
455
549
708
515
499
62
275
108
47
914
207
875
674
930
891
707
487
472
512
570
118
506
544
918
345
181
23
929
289
677
418
254
648
368
887
483
123
401
124
399
36
350
299
892
248
706
891
951
765
213
0
84
962
6
961
817
813
608
740
425
711
147
457
373
90
104
682
620
367
535
982
972
870
39
108
897
355
58
855
205
858
358
84
409
534
270
444
176
348
190
851
40
892
859
418
730
889
582
589
983
403
96
106
14
472
928
94
930
440
804
391
343
794
760
80
235
191
460
437
918
593
270
948
493
75
41
258
584
119
272
458
32
438
746
490
51
376
48
476
527
0
759
919
110
705
34
575
673
632
630
27
689
444
401
406
134
768
59
664
223
296
820
108
872
911
793
71
14
639
665
818
601
204
671
158
213
904
92
361
957
46
132
262
980
321
949
260
474
659
823
118
188
836
848
456
110
720
219
86
52
544
745
123
55
945
866
164
282
262
679
556
357
250
38
816
189
851
26
431
158
144
751
625
522
619
548
411
542
685
781
576
183
489
763
386
138
825
198
346
39
954
767
304
969
483
452
185
644
135
712
58
375
48
951
486
921
523
360
202
880
105
747
154
806
22
103
27
705
995
758
137
563
633
57
964
685
818
864
31
713
671
955
706
706
703
407
321
788
714
690
111
654
670
306
660
294
247
331
691
427
431
695
702
161
956
17
766
849
927
830
552
972
234
971
926
369
397
640
902
125
247
866
855
174
398
519
42
950
313
88
120
606
265
864
399
657
441
928
144
216
767
14
350
953
408
651
660
278
252
672
554
413
958
575
919
448
735
244
83
263
180
836
965
48
384
175
678
112
627
706
27
241
491
221
122
656
340
284
457
434
32
243
340
62
761
616
696
459
916
791
877
227
922
981
863
924
904
346
559
619
407
356
524
165
134
822
789
252
375
568
738
500
322
680
823
882
696
729
235
919
969
116
718
51
294
365
757
250
933
525
353
744
912
359
555
403
960
252
704
840
512
17
476
332
88
259
175
222
31
937
126
399
222
817
480
70
12
695
980
233
499
597
214
512
181
832
462
754
585
730
592
439
111
339
496
785
59
917
568
139
54
622
26
705
314
246
213
512
189
606
646
474
176
626
942
285
976
166
960
194
312
522
544
828
801
566
946
425
391
36
245
143
542
824
896
676
824
857
849
775
862
235
653
714
130
584
74
678
871
13
466
611
430
858
23
620
504
346
204
576
512
417
944
540
262
515
802
68
469
736
765
383
497
497
833
291
570
464
133
853
684
862
232
191
992
186
51
709
383
953
951
448
823
47
905
77
17
449
421
912
552
712
549
147
390
851
390
834
952
706
453
585
200
509
237
951
632
822
920
315
987
623
2
973
801
155
322
193
642
111
613
45
901
610
644
3
886
846
87
940
412
795
920
315
458
62
397
186
418
317
874
826
688
456
3
673
725
135
158
320
997
852
332
512
427
795
283
289
148
710
584
850
123
984
575
309
292
277
793
831
408
61
506
263
228
451
333
150
842
322
856
371
128
929
685
760
759
804
391
616
225
287
282
845
9
347
934
312
996
930
373
328
324
956
642
316
499
897
387
56
204
957
548
232
888
559
127
407
416
531
231
905
584
273
159
765
917
92
235
146
405
585
658
716
38
181
762
168
17
183
545
171
34
369
131
95
34
745
28
741
536
10
765
70
92
272
658
743
834
236
358
280
86
93
984
65
407
703
441
401
437
814
582
784
750
917
95
80
875
867
468
138
774
450
871
171
729
377
464
130
785
245
232
489
575
216
944
576
508
0
739
809
368
956
975
536
779
941
709
407
433
532
893
327
81
71
455
662
141
467
635
855
453
374
554
957
662
631
990
836
142
408
332
694
464
112
596
301
211
765
311
587
112
572
181
144
575
292
735
732
450
352
653
585
354
638
730
599
906
601
72
128
167
800
187
130
46
428
302
72
131
33
579
411
758
12
301
399
79
781
998
549
693
174
999
860
604
552
921
578
218
972
721
525
54
335
819
113
417
160
310
759
888
109
453
397
545
115
414
579
858
954
948
651
768
94
345
377
801
307
336
947
618
335
876
538
559
793
904
90
781
3
752
383
180
173
642
505
416
786
507
818
854
550
95
92
52
152
575
886
186
921
249
259
215
588
967
900
274
918
88
952
609
387
43
315
881
244
649
375
784
437
74
323
308
607
137
765
544
899
874
852
498
550
213
852
399
90
152
737
91
991
839
908
283
374
158
636
523
600
95
448
963
635
791
646
565
781
418
207
243
338
257
959
427
485
825
40
946
591
615
233
207
729
209
156
686
503
818
847
929
835
80
212
266
400
104
996
524
9
126
351
799
243
230
49
982
359
202
98
169
664
927
807
237
730
229
926
725
602
852
234
452
439
44
865
905
522
630
937
184
402
782
594
951
760
397
943
949
947
639
652
508
176
77
530
38
574
525
30
542
383
990
631
615
985
898
502
142
381
557
549
974
537
785
669
57
236
816
398
806
382
871
96
731
482
911
439
530
622
210
726
912
368
693
87
483
755
6
776
531
23
67
550
220
209
345
298
242
868
512
125
827
508
806
195
422
498
802
484
571
574
439
276
236
11
618
950
654
614
232
826
898
736
25
160
457
595
483
858
516
322
964
643
890
540
111
489
184
799
191
263
547
932
865
515
323
4
147
278
358
144
690
339
88
792
577
508
819
877
976
450
167
294
881
949
754
612
928
58
317
968
863
39
947
539
568
564
982
266
883
985
261
785
995
556
240
628
746
503
19
255
461
372
627
562
268
543
546
184
604
412
748
810
514
570
725
912
467
768
557
765
75
284
33
406
511
778
362
259
408
320
863
652
975
240
388
546
189
155
50
226
214
992
833
231
148
280
36
139
823
861
193
583
19
344
361
274
939
897
475
727
637
203
295
201
173
481
981
591
59
427
792
2
297
55
450
528
154
685
229
270
302
31
364
607
785
241
162
759
582
38
271
528
232
219
780
61
654
330
915
171
672
167
797
841
996
488
357
633
563
592
262
300
371
148
282
630
942
463
367
576
180
941
339
909
794
399
229
292
862
328
340
839
710
813
988
256
366
66
896
61
873
425
995
924
399
328
792
765
260
976
937
684
301
736
85
671
606
220
50
397
831
906
655
968
570
514
512
783
535
661
850
611
125
650
371
351
373
939
547
636
379
135
574
544
374
805
735
397
406
99
831
24
746
381
278
878
165
204
724
403
343
727
66
952
181
156
533
810
231
109
505
58
581
136
890
901
9
808
487
803
573
785
692
81
443
675
482
698
650
336
945
406
324
713
111
160
13
896
780
856
796
257
301
958
3
985
354
375
90
393
900
658
576
158
865
257
413
662
948
831
447
139
496
520
380
948
186
864
176
631
164
966
467
523
804
423
682
614
594
449
206
862
853
605
139
881
769
589
660
857
964
886
590
983
460
441
404
507
790
370
250
813
978
929
158
652
504
946
672
228
572
358
898
593
371
178
567
837
336
368
977
181
808
815
687
61
589
397
254
589
716
392
304
12
486
269
251
249
400
352
138
366
318
280
101
628
701
987
318
404
193
232
784
59
760
79
159
552
837
703
63
862
872
696
821
223
42
982
925
294
212
983
736
390
865
746
466
375
469
499
415
908
866
960
504
87
885
29
905
594
977
234
733
543
291
930
226
258
664
263
696
923
812
460
571
322
394
67
479
554
575
160
162
715
393
752
244
909
605
896
194
94
545
325
802
868
570
834
166
879
400
976
64
471
111
334
952
921
459
75
547
680
845
487
786
121
713
754
875
619
10
875
434
132
200
859
148
86
30
843
749
663
633
454
178
560
599
458
662
912
307
434
93
665
222
88
641
763
839
237
310
354
977
373
304
824
131
776
60
311
3
164
33
195
362
119
860
255
119
235
465
872
694
851
431
98
844
307
835
145
993
889
949
995
645
945
515
39
442
855
96
641
19
852
442
348
750
634
181
196
310
97
461
145
757
602
131
351
822
111
229
940
153
142
113
803
917
709
734
328
666
925
880
240
1000
610
623
646
113
640
421
236
490
528
637
711
758
910
595
740
741
125
841
410
543
684
305
422
399
531
95
722
291
640
186
203
241
265
217
930
462
460
750
143
197
1000
918
938
258
303
53
210
204
714
498
168
913
862
150
964
896
110
835
499
487
781
918
122
558
155
690
900
796
717
556
526
238
245
408
897
654
202
548
716
616
526
961
962
681
122
187
0
396
818
915
302
614
955
190
605
616
535
781
427
542
354
691
711
568
2
450
897
211
372
620
416
607
462
630
689
838
846
683
910
899
58
226
698
384
470
153
325
504
664
514
356
455
297
822
566
163
971
887
814
52
329
303
143
917
50
853
446
382
386
742
888
246
343
748
365
484
299
407
846
625
670
124
457
347
819
754
23
971
213
708
333
148
410
501
518
90
232
182
380
42
153
849
198
816
946
878
203
534
559
843
545
249
701
133
761
780
351
870
407
539
43
632
320
30
332
886
38
465
126
766
95
681
606
279
552
456
719
440
98
830
363
104
225
473
578
559
844
415
898
270
470
510
168
707
198
865
896
474
877
988
171
60
847
154
544
863
324
865
388
185
484
960
804
571
699
177
673
288
409
586
629
637
248
769
903
642
669
898
822
465
579
94
142
878
927
821
874
328
53
10
838
231
452
893
169
381
475
87
328
807
916
346
473
248
265
206
439
473
303
451
508
679
228
308
736
502
545
438
82
160
505
909
282
986
471
909
117
227
704
807
609
638
38
663
855
534
108
619
951
153
65
103
608
602
599
835
544
433
678
843
185
542
665
725
136
429
389
731
478
62
207
446
20
368
225
55
750
725
364
257
226
31
824
789
266
909
591
868
443
926
952
26
631
905
968
679
408
484
536
80
501
20
33
408
172
133
345
681
761
392
652
755
516
822
426
72
219
789
801
56
758
703
806
69
145
907
513
166
460
286
924
805
578
200
393
897
61
412
674
642
726
974
80
306
293
119
731
652
197
890
486
328
557
475
424
472
584
645
42
548
15
47
496
655
964
223
314
821
159
435
822
670
384
997
238
927
841
831
370
960
298
101
814
288
157
673
603
991
800
760
492
325
729
58
633
275
892
23
834
926
89
215
574
921
4
552
176
569
259
898
787
522
490
216
733
891
278
529
855
556
349
534
830
776
785
864
756
488
879
832
554
779
449
312
677
246
312
969
441
869
711
915
918
594
578
194
642
227
430
818
683
728
15
672
535
621
62
48
981
926
462
369
492
304
106
787
839
18
989
259
869
624
657
765
248
246
163
208
443
160
311
478
587
849
792
88
661
353
87
544
720
812
694
647
528
910
957
234
641
240
925
967
298
753
353
59
861
881
233
606
382
222
934
846
136
977
679
737
470
538
586
929
151
747
874
768
970
64
671
12
857
275
52
775
791
543
6
882
939
615
569
525
850
747
375
71
479
782
286
221
340
157
970
489
527
611
12
30
816
141
920
844
460
407
596
27
666
573
91
582
343
480
298
663
195
726
195
975
812
109
752
328
606
530
706
637
765
600
165
499
246
725
947
657
163
43
750
313
96
483
1
465
156
511
543
951
282
938
990
187
354
566
468
630
739
531
28
983
388
264
326
84
11
506
728
454
721
206
676
498
539
201
730
741
276
667
362
492
535
978
602
738
30
22
116
502
36
911
486
708
421
651
470
288
733
614
563
311
795
627
156
683
866
343
312
321
356
181
876
707
348
830
34
379
293
206
229
1000
756
876
275
953
840
783
145
667
716
451
436
762
952
590
490
411
640
799
870
621
746
616
548
532
278
267
407
933
146
658
254
337
253
710
248
582
644
445
863
920
35
356
312
125
219
698
421
87
451
816
815
882
355
586
334
737
46
465
593
157
437
232
423
893
615
66
749
174
43
802
539
693
362
860
810
634
418
634
145
424
138
576
629
680
105
931
225
756
759
897
858
828
726
280
540
15
237
839
710
345
520
350
45
88
901
161
285
746
574
655
378
568
463
836
894
401
376
260
923
515
606
713
20
40
980
444
276
283
26
522
468
283
915
765
131
55
764
620
187
579
894
35
424
403
148
361
156
373
83
824
856
950
267
32
725
83
603
354
687
136
817
583
340
996
471
260
300
669
921
30
678
330
11
785
182
467
517
138
380
133
839
217
380
55
996
673
770
663
93
979
403
436
387
125
55
485
421
804
868
542
726
631
937
136
485
177
723
812
508
919
300
994
615
192
270
740
271
334
726
318
549
30
224
700
0
447
115
954
661
477
588
455
248
450
183
505
156
442
457
542
910
541
397
648
73
574
399
31
237
872
232
208
79
264
463
936
271
684
920
541
271
549
846
827
707
154
607
430
455
66
944
699
762
280
202
877
284
731
103
356
18
44
685
407
704
987
502
457
99
847
208
510
50
445
759
692
445
836
779
382
914
996
785
261
350
408
953
290
581
736
474
703
425
826
880
204
770
530
730
135
934
561
625
899
666
197
522
438
234
369
682
478
935
617
897
376
634
967
369
593
120
625
666
695
676
216
968
223
361
423
719
615
301
161
759
975
359
92
178
558
114
647
290
61
588
914
846
500
881
474
779
854
249
492
471
334
724
735
149
453
745
766
311
715
963
949
99
267
732
684
120
87
411
106
780
738
630
485
809
886
865
602
785
401
112
580
406
517
328
722
216
547
651
100
436
4
115
22
563
771
167
75
523
316
259
43
698
640
800
412
401
307
305
758
312
451
382
983
584
159
77
13
33
854
366
568
163
386
59
568
518
931
227
920
136
780
61
349
58
441
258
381
725
185
11
411
561
999
596
615
154
111
345
155
192
47
500
686
281
426
400
124
496
80
157
435
974
756
183
604
206
16
934
636
956
123
396
244
935
506
640
789
125
994
547
571
528
329
656
733
230
779
150
148
21
496
833
852
786
37
846
288
604
750
45
233
580
973
342
109
158
858
319
365
154
98
813
660
35
188
974
251
476
203
961
177
715
191
946
459
719
823
121
18
625
656
821
887
600
189
606
286
400
798
681
876
325
214
113
590
547
610
897
157
226
141
386
520
636
607
649
541
689
91
472
696
170
436
153
435
648
899
150
831
436
580
209
887
603
125
482
124
693
686
526
812
81
314
545
269
939
503
224
952
694
361
899
254
993
132
466
491
172
63
599
34
784
231
547
227
727
934
867
808
634
355
696
781
211
354
948
958
931
594
598
553
906
161
560
85
545
76
77
700
778
396
739
558
414
510
295
154
968
153
90
973
15
911
452
999
978
762
205
902
142
395
665
260
115
423
550
356
717
987
470
658
100
614
643
321
452
158
384
643
953
262
945
609
915
363
782
118
69
446
265
699
975
640
506
754
95
438
249
423
855
934
352
744
549
537
509
352
260
312
264
957
147
27
471
91
699
546
186
764
9
762
498
817
295
447
524
692
609
645
815
935
848
240
151
80
685
205
689
999
780
608
598
2
30
388
91
206
973
59
263
749
151
334
333
300
600
803
754
943
825
142
304
137
837
443
143
642
808
836
286
221
601
248
83
864
208
966
549
360
29
660
935
695
486
627
37
102
147
326
360
590
930
955
890
592
387
14
86
668
356
66
801
262
511
983
398
162
762
341
854
858
587
899
146
35
48
68
712
880
609
298
741
907
342
310
798
485
998
87
24
277
285
963
740
391
359
229
151
572
232
566
716
563
12
427
967
852
837
79
389
631
164
956
135
710
538
292
681
466
505
747
650
670
960
434
675
17
5
465
874
1
830
560
168
675
649
720
362
477
490
136
204
528
602
400
353
598
998
355
406
77
712
767
455
99
360
471
64
483
862
488
226
33
811
111
551
793
788
32
604
21
847
985
153
530
588
979
276
76
121
846
494
165
101
61
80
326
778
182
355
571
829
491
663
953
651
675
101
783
298
713
58
299
600
682
225
732
435
237
337
987
745
747
336
229
170
455
332
172
216
825
541
609
782
591
269
163
661
577
649
206
499
393
528
591
658
903
767
566
333
456
236
706
380
24
168
14
676
789
819
61
222
906
757
470
19
283
847
93
746
968
443
513
211
210
131
151
123
405
740
936
611
966
998
616
311
183
999
912
395
601
395
17
693
32
321
357
555
792
371
156
475
953
702
991
292
226
977
3
752
236
64
254
995
328
585
721
584
432
240
410
793
385
376
345
538
393
599
348
614
852
372
23
479
779
247
358
841
765
252
558
956
139
479
852
822
788
608
523
889
741
693
202
857
601
168
635
762
368
68
415
923
756
211
421
60
408
106
871
253
630
834
189
437
570
454
645
520
306
538
523
120
472
65
911
252
503
419
595
568
207
801
410
623
299
53
23
100
910
908
558
436
19
462
889
725
109
742
273
556
52
120
2
155
451
408
898
162
642
667
453
922
905
931
220
772
308
641
777
414
37
295
969
460
270
503
698
94
219
981
865
538
643
549
902
412
759
340
307
46
164
26
745
701
616
218
174
32
483
156
848
581
343
621
792
516
89
205
806
276
960
736
930
518
84
222
265
767
84
659
552
665
454
404
405
781
273
832
340
570
460
27
728
789
374
969
923
258
101
95
1000
186
394
693
272
413
393
48
899
69
632
313
408
528
460
49
807
755
55
720
168
284
438
55
979
310
643
736
180
905
582
694
828
311
740
234
19
976
632
591
110
856
886
331
872
753
595
775
897
668
688
353
58
392
522
262
737
905
286
77
630
711
19
223
574
732
909
294
591
161
113
476
326
809
52
64
87
961
416
6
739
83
94
65
532
994
513
889
573
596
424
528
320
129
200
363
493
779
73
403
895
434
976
354
479
144
11
990
762
149
250
739
975
234
844
649
4
881
218
534
892
423
929
604
197
913
505
995
501
478
111
780
914
491
390
668
562
574
633
652
669
888
475
276
200
9
600
629
928
439
18
665
481
406
716
686
447
75
668
880
519
390
264
364
823
734
42
861
800
232
438
519
48
0
147
718
399
15
390
366
668
141
285
995
501
269
212
839
355
249
453
435
749
230
860
658
302
142
379
415
35
896
657
437
553
237
652
527
722
20
582
971
713
193
335
287
835
769
577
708
798
602
307
649
394
128
490
488
318
617
869
105
278
162
541
939
462
317
966
94
678
888
817
214
139
569
603
298
803
446
603
449
569
825
747
101
134
789
335
881
542
53
347
799
639
161
645
473
295
105
272
7
125
426
16
438
947
188
247
127
694
214
231
252
64
783
519
435
623
396
351
590
587
37
32
694
809
767
744
141
654
574
616
565
861
676
537
181
399
814
268
971
611
171
855
708
890
276
489
772
839
44
483
747
602
526
313
371
317
122
287
727
534
168
304
128
521
646
614
996
156
269
705
932
489
437
279
296
625
629
101
753
214
109
310
832
239
976
653
116
52
160
564
7
297
744
576
865
299
336
749
374
364
403
676
322
498
111
405
886
344
91
268
480
130
57
887
820
530
967
684
452
619
922
266
938
782
818
506
892
101
675
495
162
817
727
361
151
114
576
340
549
827
776
796
121
545
783
554
134
797
221
767
293
2
527
604
72
251
769
923
205
576
408
678
258
470
658
419
111
770
157
121
83
825
953
101
130
571
451
657
283
270
678
838
24
412
251
893
600
43
877
399
916
621
500
106
51
311
291
375
181
163
52
503
995
480
155
214
347
9
156
10
917
432
639
840
171
734
358
708
422
554
146
718
545
293
897
491
420
987
583
16
529
181
770
665
814
558
284
486
30
796
432
454
824
997
213
471
624
969
199
188
555
549
528
749
543
999
491
950
626
225
677
871
194
17
720
698
962
839
184
662
426
278
390
792
990
243
746
396
601
594
858
771
430
269
677
203
327
291
398
817
447
846
890
798
405
668
729
913
516
137
807
466
84
474
527
443
534
928
108
798
675
490
580
227
727
154
368
960
231
241
867
568
915
228
352
870
238
406
922
760
225
915
621
888
513
603
947
91
335
320
777
237
225
165
600
31
483
564
163
987
567
249
464
220
183
120
485
739
427
392
29
645
297
73
936
875
570
516
39
5
781
183
959
951
438
389
124
800
919
128
185
511
900
257
409
165
228
194
220
641
96
444
687
197
525
273
652
140
736
552
378
731
223
41
418
133
299
969
924
151
436
648
359
54
683
31
470
451
115
764
996
138
195
164
14
217
439
444
814
578
857
852
990
305
775
577
926
659
560
860
202
948
46
636
87
946
417
961
820
801
239
285
562
903
927
467
309
443
614
539
580
224
525
108
902
844
847
31
258
123
353
860
536
897
807
291
444
3
982
657
750
457
216
545
57
905
866
992
508
559
211
144
366
416
258
336
886
248
781
411
415
652
528
256
164
542
52
22
544
403
760
692
61
991
874
651
75
468
42
497
945
333
587
605
703
1000
961
772
971
896
500
780
753
716
697
694
632
799
90
898
630
194
885
272
951
389
308
199
511
492
470
186
379
996
544
659
4
858
365
406
759
21
278
906
137
685
370
34
594
690
153
968
521
787
293
897
557
889
212
248
2
950
80
939
261
704
124
560
546
484
908
325
885
310
284
46
723
482
616
466
219
265
395
908
952
656
432
334
962
133
247
957
479
608
601
861
342
599
243
255
489
255
249
658
684
213
286
553
17
374
366
237
963
177
717
775
21
40
634
814
914
91
364
649
374
19
497
294
50
710
250
137
460
161
349
713
363
379
305
81
311
378
909
831
423
44
96
689
595
942
516
560
704
334
991
227
305
164
381
511
156
463
322
790
680
233
116
782
685
346
738
567
587
382
567
860
523
97
86
42
956
284
462
230
88
410
480
421
877
758
479
643
349
781
327
572
811
545
8
913
617
624
791
602
856
226
358
107
858
40
75
147
819
901
992
161
299
99
548
833
442
248
167
200
598
999
682
876
615
514
133
437
304
350
367
66
137
627
118
722
73
321
41
156
362
453
507
319
784
57
849
4
767
129
539
930
400
415
723
396
990
758
640
47
883
555
375
380
36
447
489
682
64
147
733
583
13
534
521
310
531
824
837
416
915
882
243
8
977
101
415
283
804
380
279
204
702
654
312
954
305
188
474
978
802
991
655
856
452
281
634
117
377
651
120
769
47
501
613
105
960
976
493
324
695
107
611
122
836
560
857
417
761
914
933
233
637
835
389
505
563
707
129
547
561
5
154
739
315
241
282
634
677
45
589
136
584
175
275
868
415
60
590
630
213
81
689
951
466
866
706
706
482
336
661
706
230
973
993
888
670
475
643
949
830
598
428
584
72
772
153
349
663
448
309
103
754
314
500
468
788
314
629
369
189
262
181
725
523
322
312
774
188
251
743
92
609
56
986
667
381
130
286
177
791
352
993
652
107
199
366
986
280
204
722
740
55
717
527
381
623
787
781
32
787
737
238
161
619
98
770
984
453
836
858
472
22
346
43
265
684
567
690
669
279
36
424
207
661
9
284
466
507
848
76
483
342
48
252
919
633
301
346
356
688
125
429
895
351
443
911
75
349
506
278
261
629
83
109
614
836
877
105
127
394
430
403
56
822
457
27
41
252
566
49
808
923
413
911
691
214
510
677
514
820
661
779
941
54
157
413
499
397
707
840
350
482
797
615
12
646
404
535
434
297
594
341
444
176
215
726
42
816
109
555
999
321
768
950
904
10
225
984
880
639
331
571
962
373
577
198
17
352
387
602
840
135
937
716
874
996
746
869
759
118
573
433
917
191
471
910
131
462
559
154
629
758
679
675
213
646
282
95
295
172
283
103
430
540
824
657
409
641
238
454
29
347
553
850
535
225
549
966
569
485
421
969
750
775
405
659
10
118
492
968
323
290
1
301
853
208
700
388
306
853
367
991
616
608
417
815
320
195
104
190
298
734
189
379
977
721
893
924
679
582
166
326
137
507
620
391
661
959
288
872
594
435
598
387
545
959
832
548
479
309
297
551
77
430
184
112
539
810
746
523
522
744
886
361
596
166
413
640
850
768
403
13
696
600
501
745
28
149
95
555
250
555
506
217
49
673
507
476
113
56
471
208
934
281
646
673
65
397
659
259
422
961
600
158
957
894
250
805
22
884
417
671
326
646
964
408
529
209
406
98
190
383
603
528
43
623
682
504
264
134
110
94
315
545
393
941
823
813
627
22
950
965
869
383
875
94
710
594
354
622
715
464
913
483
440
676
251
408
475
576
892
101
857
774
196
263
197
551
836
20
852
663
796
992
488
753
391
519
439
378
972
567
842
443
564
516
326
470
381
631
946
932
256
767
723
954
214
936
162
64
840
645
390
691
218
478
683
782
118
907
529
253
380
813
601
716
601
965
320
684
257
330
302
240
209
85
971
125
992
739
311
219
999
725
662
505
659
927
164
758
291
918
456
116
830
464
604
860
373
641
151
541
541
504
509
345
214
865
700
766
112
887
74
585
832
629
877
761
754
202
199
801
840
785
905
601
877
454
642
61
793
214
156
767
830
186
225
61
408
357
207
204
185
831
982
589
679
30
37
184
7
965
701
474
482
946
886
627
2
462
478
298
488
234
116
105
974
875
976
690
969
533
243
93
177
442
503
884
385
427
677
274
84
602
89
110
22
193
660
92
910
468
101
412
566
703
311
0
459
1
654
258
364
718
154
556
526
362
524
32
8
466
945
622
188
952
695
380
576
124
483
637
355
991
859
474
483
187
638
610
222
221
244
286
887
3
930
651
78
927
823
945
170
453
863
14
886
7
624
16
829
292
777
256
327
398
893
255
973
290
305
733
193
585
35
308
952
468
980
998
594
258
527
749
673
103
932
31
628
825
596
574
83
684
643
213
571
991
942
996
733
803
769
103
178
611
68
809
137
349
506
912
287
796
397
715
582
302
669
429
620
403
826
984
967
834
352
156
202
45
174
157
424
323
168
874
311
599
726
770
771
602
854
518
192
245
688
235
25
336
586
111
733
711
369
504
79
713
130
254
771
163
201
705
308
413
723
469
923
738
103
871
113
809
23
494
60
882
887
265
76
152
128
626
335
393
829
745
717
534
165
723
150
389
501
374
854
660
428
347
860
126
662
114
892
395
590
822
116
696
891
250
166
239
75
674
562
252
692
408
493
222
371
412
429
936
708
168
141
57
503
260
695
575
20
188
544
451
158
492
642
330
468
763
607
145
735
300
461
239
590
957
68
617
315
657
172
42
830
334
147
340
918
885
250
722
572
314
995
254
2
768
318
938
22
399
760
398
932
494
781
886
772
21
299
601
781
553
774
560
880
641
555
288
209
480
318
855
756
118
69
226
714
794
426
59
757
483
564
423
709
315
938
826
591
643
56
277
974
265
593
93
657
251
454
463
87
349
617
129
77
351
381
26
425
993
951
723
98
938
388
293
590
665
965
508
856
246
18
649
449
113
95
343
745
902
364
850
310
319
258
469
569
935
664
813
845
940
780
669
21
280
482
570
920
854
79
673
177
499
631
853
439
845
520
937
304
50
955
269
81
867
233
152
322
596
908
702
236
367
749
85
610
384
871
439
267
741
450
30
621
779
8
766
379
369
522
216
24
83
139
346
92
765
397
264
715
453
103
987
220
222
86
374
425
617
264
331
503
152
12
17
727
607
620
319
226
876
459
957
828
831
206
568
405
580
108
329
605
977
566
812
842
98
578
919
516
785
138
501
960
859
293
277
21
316
229
613
371
105
906
462
253
808
786
517
462
197
453
900
123
831
448
31
846
887
438
516
648
919
99
486
794
880
434
407
253
765
763
943
374
548
940
668
684
250
477
447
771
817
885
759
328
544
62
461
474
668
587
205
640
810
402
358
88
287
749
770
868
15
868
772
499
991
445
130
37
98
179
378
761
719
249
58
302
13
819
50
626
811
796
880
1
44
117
539
123
60
131
239
962
606
529
796
315
237
700
881
745
802
617
503
74
343
74
860
909
855
499
877
503
967
82
352
126
650
30
547
599
519
356
412
195
815
154
518
765
996
418
66
716
185
169
172
633
518
872
190
674
277
99
772
441
117
778
562
112
529
973
594
837
819
175
41
444
517
76
640
918
473
23
686
425
417
967
697
519
571
774
463
506
705
283
806
183
801
969
38
642
741
408
89
582
964
110
787
639
239
210
13
520
14
280
8
717
998
615
472
615
665
99
141
270
319
412
629
248
813
716
272
184
88
887
248
116
442
120
206
739
930
913
784
968
991
672
666
99
832
884
148
822
208
650
806
631
394
121
799
656
722
106
593
800
702
608
340
512
692
332
431
988
512
546
629
97
873
310
246
695
34
954
904
332
518
347
171
347
781
743
311
317
372
467
816
94
158
639
203
180
521
629
967
771
894
639
284
991
607
28
604
728
422
181
573
562
512
250
734
352
359
273
877
826
997
844
990
860
604
784
365
563
279
811
107
230
257
275
482
928
439
656
532
865
914
67
233
509
964
526
964
369
299
384
887
167
622
29
403
646
100
219
686
509
530
146
237
196
710
454
879
958
133
523
572
720
177
546
291
147
960
544
759
954
162
914
943
572
78
976
922
53
222
194
807
343
812
341
471
794
826
390
856
340
921
98
336
177
526
647
52
788
947
491
937
739
910
830
850
869
956
699
392
833
294
713
703
158
781
410
798
404
301
752
603
373
302
111
873
170
481
452
614
769
895
293
99
933
487
773
927
927
429
712
655
801
400
150
33
791
67
413
75
596
91
958
354
577
793
43
799
990
313
643
300
498
167
164
826
280
641
538
494
78
495
263
803
801
600
116
157
581
243
803
893
280
103
179
793
917
179
271
972
614
705
518
774
955
711
470
689
252
895
513
182
336
872
706
936
121
263
678
143
912
264
849
901
245
187
854
50
867
804
442
196
897
150
409
39
121
18
656
159
934
600
341
383
312
281
194
471
1
271
85
624
542
84
588
183
119
654
462
675
723
716
286
55
321
861
383
425
293
380
811
448
881
892
4
269
797
838
298
892
995
49
23
494
753
138
589
741
677
769
285
547
898
618
457
651
907
609
342
826
297
529
113
639
364
665
818
130
920
356
214
948
992
682
742
694
36
435
976
922
802
142
949
1
967
440
737
503
87
965
8
546
466
666
446
650
663
717
31
667
896
478
770
733
695
353
915
716
8
164
62
358
161
798
383
476
91
430
772
672
402
209
733
490
838
57
204
467
518
838
516
966
917
828
619
664
691
956
335
416
977
989
243
699
71
712
951
808
498
214
217
260
366
198
555
316
361
402
42
883
260
293
108
689
329
865
391
781
547
647
926
775
711
701
190
777
518
767
713
182
760
154
843
649
184
292
455
524
734
315
954
160
997
883
274
169
201
321
544
439
201
289
892
935
755
802
518
116
3
88
83
378
879
249
69
901
244
37
34
204
155
508
917
288
581
631
534
967
104
143
189
515
606
284
941
540
951
603
398
706
948
292
289
628
171
762
78
595
139
344
354
392
137
166
625
654
457
39
192
986
836
520
334
471
516
78
74
843
128
613
967
472
81
880
794
404
317
479
498
991
566
925
243
442
165
832
881
5
635
824
420
497
495
883
667
805
499
264
995
423
450
876
237
466
949
890
278
654
481
693
369
478
374
174
259
496
311
594
164
383
259
328
971
238
234
292
764
609
610
137
391
735
886
115
459
276
162
710
622
612
356
668
698
893
316
956
393
45
822
593
282
261
824
324
399
767
839
112
37
998
944
778
989
190
163
429
478
371
247
165
601
497
606
120
518
903
29
964
972
202
975
27
786
128
482
157
589
880
769
896
357
773
265
368
552
698
663
37
809
676
92
800
701
695
301
808
882
457
874
587
306
279
316
260
77
19
921
108
710
729
366
437
548
880
262
247
327
64
492
308
686
276
396
250
306
351
498
217
622
175
937
21
58
860
883
59
24
842
295
581
344
453
956
458
814
90
987
206
140
411
602
858
316
371
214
924
323
143
98
678
221
427
847
526
848
191
720
354
348
669
176
330
472
661
586
593
126
455
49
309
849
795
240
964
270
526
346
138
56
746
185
522
872
533
231
57
536
616
833
78
360
370
471
734
601
192
188
88
543
762
409
57
472
303
591
456
476
617
420
424
293
44
129
234
917
711
330
73
252
101
82
581
460
42
934
466
587
693
852
282
749
441
711
977
214
930
583
662
233
997
223
858
66
56
590
653
40
627
499
559
790
283
140
321
232
652
208
832
733
253
497
239
504
182
867
743
823
565
928
309
892
528
87
429
64
634
937
46
408
718
358
974
831
576
688
167
985
240
398
579
551
682
654
325
253
65
346
695
666
388
255
922
590
107
202
386
959
574
992
39
803
328
248
634
100
791
620
89
713
819
38
644
462
272
239
424
775
375
720
392
253
59
154
755
394
511
691
789
340
713
270
237
862
524
861
202
977
992
819
962
624
293
332
434
651
698
951
36
209
991
917
279
535
934
756
954
809
57
360
547
427
923
734
614
663
78
94
851
420
703
259
980
267
629
502
416
877
408
408
538
655
341
724
5
725
24
294
3
258
743
272
844
995
652
776
607
845
371
725
196
709
498
654
643
894
127
432
415
384
263
393
698
792
646
447
124
164
937
938
123
227
611
566
532
311
27
544
974
304
889
152
27
881
361
510
601
285
63
382
665
990
897
23
927
995
820
351
262
542
979
75
929
918
308
103
676
103
68
546
826
815
61
757
236
993
892
737
749
92
419
471
217
300
971
81
802
4
628
711
664
347
697
29
37
935
359
455
981
750
381
672
686
69
19
399
335
352
915
959
847
641
655
905
664
295
690
998
879
287
839
33
371
615
345
534
178
38
582
745
905
905
331
830
937
346
613
748
849
309
876
376
837
70
276
838
931
967
549
743
829
457
498
801
655
941
758
489
647
492
391
306
158
529
535
51
178
890
74
104
728
514
232
378
126
319
878
321
89
471
70
685
926
561
849
678
875
998
124
329
770
949
237
827
250
562
984
624
875
423
726
325
549
834
124
251
6
291
496
670
129
170
619
887
989
242
499
520
675
308
673
736
179
374
646
676
540
426
327
159
23
387
871
31
892
77
715
33
763
432
649
27
593
299
205
466
590
347
108
619
706
936
449
944
679
568
913
367
656
522
612
982
810
609
512
728
255
511
278
871
154
467
304
986
687
460
538
856
735
843
888
248
775
224
789
47
827
645
837
878
969
275
485
282
182
632
220
56
800
643
983
506
729
991
362
348
129
312
464
521
424
764
653
536
529
110
451
473
998
407
438
101
820
398
577
333
207
346
595
713
465
853
590
612
365
682
638
362
279
361
92
856
707
576
385
162
195
427
22
238
319
831
539
308
343
437
985
1
885
471
566
260
481
970
999
658
720
470
265
478
981
970
477
183
384
469
9
672
438
75
768
421
265
232
977
139
856
107
40
541
443
499
796
785
681
180
571
124
239
131
124
282
824
394
669
916
735
439
427
399
343
640
793
658
189
698
865
399
415
715
714
18
825
951
960
196
853
931
679
109
112
426
949
750
723
476
290
885
530
748
911
830
556
984
886
903
632
232
526
53
858
514
222
408
15
957
153
406
855
632
246
369
754
421
80
631
352
706
159
377
653
13
165
328
484
238
410
878
377
967
672
890
429
132
461
960
208
639
77
326
514
822
847
16
541
166
913
607
701
490
337
112
364
638
466
52
983
759
845
926
290
712
720
46
736
576
162
943
526
633
764
225
159
961
244
939
285
809
150
809
542
980
162
28
548
199
461
988
33
847
215
296
428
734
220
134
53
527
735
190
728
522
674
792
518
774
722
722
846
207
38
941
833
962
606
790
358
543
538
517
18
172
876
652
253
467
521
767
587
304
681
233
130
928
896
615
650
899
898
281
889
482
520
662
553
525
446
604
777
735
665
82
937
482
120
128
611
504
307
666
649
172
441
743
486
449
714
295
556
145
349
127
467
241
304
340
294
870
993
102
127
376
567
975
453
87
947
513
15
582
217
126
314
254
314
883
623
357
311
515
25
61
17
306
118
732
270
257
58
494
742
418
150
65
456
174
201
879
743
452
289
78
940
312
968
347
211
661
700
719
787
216
428
936
177
386
212
169
948
132
94
902
359
312
18
113
653
134
486
382
520
559
740
903
528
733
913
298
878
239
433
954
621
856
517
744
109
594
723
642
90
157
923
925
617
320
768
755
13
552
66
610
484
52
107
201
452
124
916
280
340
198
591
694
769
339
599
169
279
143
154
56
426
617
193
941
872
358
981
373
882
819
399
324
341
188
127
305
843
408
440
527
468
775
639
861
436
897
177
803
696
598
595
10
71
400
574
825
480
592
895
292
881
440
291
689
403
970
242
849
562
734
219
896
267
168
339
766
537
526
804
648
211
543
251
159
111
799
356
610
329
468
522
361
581
546
739
358
340
457
169
70
511
394
959
438
273
764
515
453
552
585
57
834
897
587
279
374
487
340
138
565
920
725
640
736
115
28
924
927
682
457
146
315
53
448
501
933
8
399
386
284
615
176
843
407
218
250
548
119
763
740
512
65
253
882
670
670
630
67
277
515
309
624
705
181
377
953
185
569
685
340
679
867
92
422
168
1000
477
91
249
501
323
107
56
688
691
377
424
324
179
323
207
36
117
125
825
758
669
766
401
376
325
543
182
745
952
817
614
965
337
354
674
249
778
201
93
606
76
981
699
408
49
956
222
919
556
470
479
920
919
27
842
894
325
536
855
795
704
953
94
848
60
884
833
330
748
953
182
440
131
138
379
505
137
410
650
813
841
402
984
29
310
464
263
761
475
605
612
891
917
251
415
738
3
412
107
684
951
353
436
612
625
412
391
562
894
808
295
521
440
319
147
680
400
333
404
814
642
552
349
357
356
161
362
249
538
632
640
191
33
498
15
24
53
564
243
559
240
559
871
676
600
324
786
922
193
132
663
890
36
267
698
450
452
778
503
675
718
51
916
540
837
829
773
832
325
812
389
924
929
711
394
890
725
844
214
505
986
232
944
490
374
792
47
727
204
590
461
373
502
432
69
8
860
627
838
610
491
150
315
325
292
56
419
562
746
674
143
654
496
209
293
486
984
21
127
461
102
861
972
9
1
450
97
67
737
270
907
771
272
26
306
758
191
698
267
802
982
409
980
444
731
125
400
644
5
747
777
769
914
380
719
353
752
288
209
187
109
941
963
0
178
93
604
702
802
110
204
754
178
204
35
317
0
522
812
428
38
207
680
89
563
91
840
339
169
399
612
398
603
194
726
3
265
260
394
472
994
742
822
452
442
678
705
537
745
845
842
259
808
289
853
331
346
348
24
122
987
49
73
976
584
565
557
647
53
81
943
785
499
480
66
266
962
499
445
209
872
273
938
839
615
717
443
750
902
986
74
843
52
705
804
530
966
397
105
928
497
577
418
495
356
698
548
383
921
816
800
775
241
594
273
734
512
12
971
751
945
953
335
793
864
278
953
532
512
745
231
650
856
763
695
132
72
763
399
463
117
109
858
629
875
855
733
172
72
504
504
680
287
179
510
252
798
472
128
166
696
730
598
194
713
145
692
691
299
159
414
176
770
765
314
231
613
89
279
224
642
735
13
604
365
242
968
125
538
831
25
222
696
1000
209
691
109
914
225
967
70
976
583
504
933
348
123
234
34
384
569
144
332
428
484
575
718
898
510
870
656
120
930
93
12
377
813
393
173
310
254
229
536
123
503
522
168
694
597
406
311
100
215
145
168
662
49
990
710
677
478
660
801
899
330
911
948
581
525
967
859
480
409
167
946
473
832
827
517
499
841
934
876
806
947
935
243
142
679
810
650
544
481
934
106
280
621
895
121
275
967
467
732
157
228
778
203
225
765
613
721
154
250
705
587
978
212
916
752
952
869
605
273
199
986
532
187
831
391
202
995
230
536
617
316
621
349
973
986
518
73
978
403
285
458
918
922
443
301
528
795
360
485
177
882
475
58
906
366
784
742
836
888
868
903
693
989
882
406
402
93
542
676
760
97
614
752
55
444
226
19
989
381
618
740
243
551
918
560
255
383
341
323
122
573
152
969
197
782
235
537
86
304
234
29
849
345
468
228
421
682
459
166
86
344
408
677
710
933
480
170
489
770
11
509
288
599
267
689
340
756
624
839
536
159
344
73
211
769
996
988
364
826
672
159
657
406
901
245
231
589
516
771
774
922
480
128
812
649
262
783
805
356
217
747
168
554
701
920
278
874
949
625
482
681
48
423
518
720
601
474
468
524
99
919
578
567
989
653
146
698
237
966
319
828
337
36
273
751
380
236
105
404
787
642
500
415
522
986
647
415
570
128
525
709
412
418
383
234
296
777
99
215
763
230
998
602
821
597
962
751
385
247
749
531
801
352
678
744
934
842
915
637
776
7
275
840
648
9
209
832
292
120
932
464
693
556
325
616
776
26
742
679
732
862
583
545
270
813
406
476
561
302
259
172
580
336
552
824
480
630
317
899
339
707
720
436
520
686
553
95
673
26
428
618
670
343
491
414
388
507
446
838
425
163
685
350
147
153
776
696
803
810
944
962
469
821
137
5
38
372
526
770
529
79
381
479
480
405
728
814
260
139
165
623
781
559
722
341
223
363
991
662
679
114
405
637
740
744
61
876
494
382
760
601
866
163
718
528
266
682
630
22
909
470
318
249
808
745
233
294
517
542
726
479
547
18
47
964
321
233
133
861
244
176
442
159
512
856
526
938
286
746
772
352
202
721
107
495
300
966
32
430
735
115
770
189
752
394
755
539
652
0
152
126
882
48
448
123
39
594
325
929
520
480
212
954
83
819
808
325
110
941
992
914
914
683
397
989
390
211
685
575
506
325
322
351
357
736
885
635
171
360
773
613
604
927
482
738
503
811
605
571
407
833
673
120
688
142
393
294
420
249
396
479
635
362
878
603
734
753
779
878
945
718
73
657
838
342
14
632
105
738
216
797
81
313
721
522
558
318
853
397
151
326
779
647
163
62
304
54
55
959
178
848
190
71
852
974
36
989
424
491
865
811
353
44
660
457
168
182
591
338
5
992
36
94
34
667
109
523
587
832
936
681
419
491
186
365
125
148
206
880
67
839
467
72
379
275
440
172
684
954
320
976
233
868
425
324
458
72
649
693
131
187
415
292
841
352
694
406
871
323
862
600
296
607
286
808
579
644
557
990
408
632
363
277
94
991
843
403
579
819
804
291
456
539
247
377
755
53
6
239
201
92
456
499
775
254
355
352
960
13
737
265
898
152
394
59
472
801
94
576
364
636
351
302
366
823
554
500
66
482
464
103
830
343
186
789
301
803
161
532
543
819
136
122
780
792
387
329
153
650
803
375
933
63
135
272
283
748
873
723
448
555
881
320
450
827
179
868
118
372
299
298
661
804
134
688
370
452
360
650
713
854
253
924
991
576
721
93
461
551
287
312
678
370
254
624
446
112
261
925
165
610
717
553
389
736
298
809
872
464
311
210
536
377
929
207
5
491
435
960
184
59
13
88
859
674
313
32
240
772
217
482
830
813
995
259
616
162
180
322
739
243
10
125
366
800
535
663
529
409
980
480
807
869
237
778
321
671
824
517
613
73
469
493
836
741
1000
346
252
359
349
13
239
707
151
679
884
144
339
680
728
704
550
809
516
768
609
198
299
123
322
501
447
690
952
359
566
756
459
434
680
539
729
8
674
785
238
194
277
851
574
361
906
218
484
475
509
263
766
57
277
136
955
924
519
315
8
167
228
880
427
453
480
886
796
644
995
531
666
298
404
972
94
129
91
530
705
560
785
383
350
142
26
52
362
917
202
753
750
373
576
319
495
197
691
668
257
4
110
275
176
384
874
731
922
269
303
988
263
109
129
662
694
606
573
704
122
202
562
713
565
382
115
740
55
714
404
847
684
570
217
221
286
551
466
694
481
808
833
456
842
413
181
134
198
133
611
676
26
655
623
105
72
668
509
919
784
537
52
930
292
638
744
979
99
883
978
44
481
950
999
411
665
338
749
865
974
810
693
291
517
439
730
89
124
38
168
31
345
484
967
901
430
34
597
935
743
881
691
973
372
248
846
569
886
523
322
843
618
273
602
53
59
886
612
334
539
763
393
906
697
251
500
756
928
518
890
431
940
188
809
401
272
100
171
188
2
833
601
62
328
263
746
946
82
356
743
597
83
388
47
461
34
143
252
293
465
629
914
460
130
44
369
125
338
216
748
288
513
902
309
438
127
851
485
765
757
433
243
129
846
171
533
491
52
99
510
557
980
705
292
664
139
535
63
552
881
24
929
231
933
488
900
562
980
718
659
775
403
30
131
194
201
146
496
693
598
467
629
891
567
514
513
13
814
800
649
898
158
189
597
745
669
33
740
724
919
424
255
403
829
862
160
569
833
415
824
325
185
549
114
784
67
829
390
849
595
84
310
221
121
202
42
422
448
886
894
440
325
500
523
356
61
97
747
172
380
865
880
565
401
549
249
518
487
313
472
187
742
679
966
504
48
75
877
981
439
493
58
908
461
796
38
22
104
789
374
688
681
320
693
585
470
312
719
700
60
645
901
336
157
191
631
742
892
752
515
248
904
829
677
475
335
185
761
894
152
854
489
701
710
339
940
835
667
397
594
785
854
641
396
651
180
625
494
791
743
951
838
993
459
963
797
900
900
547
623
700
31
889
265
242
444
416
172
511
905
90
569
108
16
198
984
448
371
572
183
577
783
313
311
656
269
366
115
873
473
542
180
628
748
720
82
658
631
265
918
115
871
397
457
257
645
316
602
539
367
377
505
851
749
839
364
888
455
114
536
292
568
658
704
393
709
773
516
313
33
729
141
515
404
594
124
312
186
269
788
168
260
153
590
199
459
904
592
293
281
520
4
660
814
289
1000
344
303
92
107
679
634
784
706
804
418
259
797
195
903
448
292
622
10
668
842
85
928
566
123
988
512
957
538
664
638
494
449
765
85
548
409
630
678
894
334
143
476
837
58
351
68
524
627
161
237
249
47
881
895
378
231
166
30
224
955
399
39
697
50
845
467
482
165
588
15
490
189
928
18
782
993
433
836
707
582
381
668
810
387
485
26
782
33
100
438
862
66
835
997
486
59
855
46
539
526
416
901
932
540
749
710
253
364
786
264
259
289
44
936
637
484
798
428
425
671
558
773
472
609
931
309
99
328
17
136
475
13
834
819
936
606
826
591
721
216
749
146
209
438
956
267
684
506
280
706
693
115
832
724
462
364
767
279
140
589
811
744
184
699
782
814
490
969
940
344
537
463
597
995
283
634
548
675
565
925
600
294
103
170
149
516
578
946
44
417
94
297
301
902
537
399
430
289
758
543
104
502
877
115
858
802
548
882
167
237
329
902
455
861
46
677
411
331
874
694
383
60
951
636
592
482
207
522
607
593
3
89
411
124
173
858
729
456
165
908
348
815
697
212
751
224
913
895
326
702
128
265
260
115
780
941
108
525
53
961
722
211
808
695
169
86
391
794
315
980
549
390
620
948
14
166
256
614
782
26
373
783
228
727
438
871
406
698
121
696
92
323
759
199
222
107
437
525
79
570
689
142
229
534
31
667
511
767
963
156
558
809
482
30
922
94
527
180
375
689
957
489
199
319
189
362
732
644
600
807
507
609
49
44
944
555
70
138
423
17
830
275
227
167
968
128
17
996
27
526
411
17
717
331
56
112
795
656
321
159
975
419
131
908
171
860
963
436
101
259
845
591
971
836
842
160
13
199
564
34
771
130
343
597
288
172
201
154
37
71
34
357
30
621
364
479
784
180
134
385
194
229
493
227
644
203
267
463
240
71
595
636
140
414
679
675
181
583
339
675
594
491
673
355
292
352
206
12
860
222
227
103
542
197
8
288
792
18
635
407
776
444
228
833
808
119
314
650
986
746
150
584
754
150
684
958
270
47
131
553
363
686
491
154
284
641
777
83
377
767
102
4
968
575
811
787
498
730
372
233
840
86
830
914
777
77
144
857
454
973
497
557
173
131
357
39
638
238
478
319
119
487
629
676
916
567
885
779
146
99
431
657
159
963
720
439
607
332
302
201
329
746
57
541
701
359
438
555
725
839
995
531
13
230
44
761
279
474
689
244
542
707
618
560
700
805
442
280
293
207
810
649
917
241
679
786
924
742
932
934
973
564
511
272
619
921
888
230
129
123
528
492
874
710
338
971
569
846
986
130
894
581
317
243
588
439
149
626
973
845
125
110
110
118
182
239
375
524
706
119
981
217
867
337
161
692
681
555
546
936
902
16
586
97
818
594
683
517
277
938
266
402
685
394
276
968
46
494
560
906
913
414
666
483
2
97
272
293
93
485
807
579
740
693
691
999
767
717
904
248
532
896
453
569
955
248
769
109
158
206
173
374
225
734
331
453
774
75
154
645
217
532
824
351
254
653
202
867
657
103
955
195
601
518
52
337
457
616
69
752
480
38
536
927
862
507
667
389
978
352
955
651
548
920
108
416
840
669
215
325
703
654
510
818
150
500
997
434
662
912
115
223
202
458
535
28
833
539
959
904
608
759
832
367
921
415
527
526
495
1
120
293
458
40
183
991
232
930
219
670
989
749
330
414
605
475
256
198
817
108
759
562
585
706
220
680
962
351
321
522
537
412
708
548
248
498
679
266
917
274
362
322
814
344
459
500
394
49
88
491
374
351
626
424
176
35
575
868
523
376
153
292
781
400
552
615
110
618
355
579
469
599
989
940
677
552
641
630
531
396
39
559
54
886
609
610
278
170
74
626
252
43
483
399
104
237
469
990
562
346
401
220
124
457
397
11
400
981
834
203
511
811
371
705
413
118
7
911
879
418
994
316
705
785
710
258
695
111
237
434
157
195
254
655
318
77
787
927
866
505
709
752
405
498
997
277
347
404
610
627
146
513
578
192
505
565
918
471
685
61
327
716
539
559
55
656
629
21
836
201
526
379
662
90
739
887
251
405
737
814
684
243
437
463
99
653
724
444
395
357
489
269
731
632
593
621
32
268
714
321
411
26
125
745
390
815
634
145
631
562
695
712
850
91
683
215
96
633
320
859
480
226
739
519
983
920
647
616
13
492
49
546
67
79
172
636
444
278
207
134
683
952
941
460
657
858
998
163
310
850
164
872
915
622
151
39
641
497
482
384
273
64
704
504
368
91
905
47
713
629
872
537
48
877
999
610
348
760
646
921
26
990
995
991
636
295
240
431
862
812
407
440
324
454
756
141
364
846
17
376
494
992
996
601
657
35
152
366
429
921
706
202
80
493
778
275
801
351
480
480
878
745
299
159
946
710
24
330
594
858
27
475
891
997
634
99
128
328
176
362
945
508
410
115
700
351
768
222
473
996
494
816
687
818
480
316
793
913
433
902
719
419
847
125
116
68
160
539
547
769
227
25
115
613
272
419
260
903
268
825
679
834
488
350
340
619
472
872
914
799
430
900
509
626
670
600
538
754
520
601
738
279
136
725
968
659
271
164
298
336
959
96
855
716
444
474
684
266
37
698
746
614
638
247
897
957
408
563
408
746
619
463
112
22
499
864
798
359
598
48
218
333
103
524
884
578
285
874
294
272
999
869
805
53
938
737
775
929
120
369
924
328
973
719
479
783
882
314
514
373
395
791
426
370
523
581
76
522
71
991
650
552
252
222
986
679
535
827
992
481
195
557
874
986
166
258
57
900
347
317
577
309
30
57
158
829
871
529
118
356
315
372
446
473
176
988
845
82
910
847
789
383
59
358
619
292
649
81
312
365
768
64
567
215
687
939
542
113
79
416
659
234
523
72
279
518
393
664
666
47
772
674
290
387
124
201
335
612
905
758
863
1000
261
784
672
44
140
839
937
747
97
519
445
270
592
248
169
71
681
718
692
318
655
644
207
499
709
965
115
117
577
111
754
690
393
826
493
66
12
622
185
617
460
940
228
986
42
737
985
194
594
627
565
365
658
926
944
149
684
525
812
569
829
586
275
319
485
255
593
282
542
867
227
712
948
858
130
41
188
160
101
818
715
652
142
508
773
461
568
346
615
67
764
699
299
630
141
731
721
207
712
954
509
686
864
636
397
508
535
27
740
146
791
314
662
756
436
833
735
642
929
275
636
642
632
920
121
338
842
314
886
705
95
469
370
726
812
55
486
750
371
291
466
669
732
208
274
602
982
339
307
279
460
854
783
528
424
572
968
134
504
596
253
499
765
649
526
656
55
255
257
501
641
832
377
25
247
678
854
24
842
193
776
870
773
582
229
675
312
199
700
926
287
163
722
60
30
104
144
352
712
317
646
746
103
732
53
914
423
569
889
492
990
623
164
575
341
288
289
941
218
606
608
935
485
174
830
337
113
817
272
961
66
304
921
825
192
148
294
263
219
673
182
214
816
595
675
147
880
492
634
243
399
62
586
60
755
863
729
455
842
44
693
422
747
834
773
645
506
964
332
637
956
807
366
19
897
520
171
958
127
358
401
188
720
758
299
840
667
707
744
335
618
94
871
227
224
465
980
230
80
684
79
966
182
223
512
502
723
965
663
799
58
443
816
356
975
498
703
142
72
25
619
12
590
353
898
746
406
649
661
459
227
112
734
910
989
611
745
753
841
263
424
445
262
94
665
41
642
154
196
459
339
293
672
755
457
25
691
15
97
190
224
409
889
424
258
921
160
808
647
985
473
443
496
132
224
623
394
583
107
602
168
284
831
714
768
826
346
0
570
237
520
41
203
118
920
349
148
728
343
486
640
436
62
79
420
822
28
599
963
279
421
436
648
184
39
723
527
488
768
980
18
464
960
254
450
429
562
205
532
109
529
440
171
302
395
6
658
387
570
434
740
923
736
538
167
20
851
505
107
96
276
773
820
365
974
360
344
181
983
844
746
734
684
368
374
85
361
992
321
413
592
912
752
412
214
959
496
621
87
773
890
194
886
610
203
55
466
851
748
93
544
807
479
938
458
542
140
732
557
870
247
582
501
528
421
932
83
135
250
65
713
857
532
266
854
887
269
844
807
577
562
826
96
175
304
398
993
878
232
556
850
752
335
136
567
906
854
3
233
613
680
210
449
988
474
879
629
157
696
886
894
204
560
461
697
714
547
393
216
967
360
470
27
519
197
475
543
833
915
982
923
417
595
454
265
298
363
986
203
582
610
307
897
616
509
394
250
388
192
82
447
706
57
360
77
434
161
127
560
812
643
690
612
203
263
419
155
540
52
352
817
32
414
631
836
482
192
135
166
123
877
220
479
666
347
813
247
67
490
756
347
521
445
371
541
246
251
471
537
885
234
718
647
288
674
136
722
48
654
831
51
163
762
310
133
627
231
537
456
54
266
84
295
667
142
193
705
268
831
587
377
926
249
672
839
421
762
175
977
259
454
807
938
807
186
412
853
610
203
839
88
9
954
695
619
436
421
114
651
93
854
909
724
322
801
719
400
188
666
729
275
833
15
275
792
1
753
300
164
844
77
895
937
369
586
437
160
85
362
443
918
866
506
169
854
775
629
679
752
334
396
83
648
969
817
43
398
72
140
657
64
317
612
152
261
71
998
328
541
743
548
122
288
800
121
527
91
55
131
860
49
825
3
480
613
498
140
977
697
703
387
56
858
125
656
692
39
623
126
721
919
126
304
35
317
95
781
234
424
903
83
636
848
22
320
41
795
754
244
278
68
232
438
567
815
655
700
356
875
104
466
640
640
765
845
633
899
248
487
375
638
258
277
79
804
800
935
612
988
368
594
25
913
879
720
182
871
227
659
780
335
910
536
888
750
150
330
691
124
927
922
320
11
598
807
242
51
857
162
360
4
902
48
757
25
15
634
763
472
707
840
555
977
417
121
496
321
835
972
340
63
803
547
145
257
144
419
451
498
201
411
213
621
337
255
46
181
732
747
48
614
77
255
433
108
455
848
956
799
210
907
329
784
950
870
119
56
768
67
245
734
605
75
590
340
191
484
976
497
810
723
38
758
333
623
862
807
255
341
290
455
245
601
648
142
679
98
817
527
565
609
264
14
336
445
880
603
813
536
947
80
972
729
797
478
478
477
592
905
157
802
310
455
277
934
439
785
261
372
548
16
886
387
310
429
732
584
375
596
865
570
851
994
456
17
487
433
649
704
313
994
904
392
567
17
771
710
172
30
660
440
656
473
712
965
482
323
553
751
83
911
755
337
873
229
962
48
160
235
528
63
663
216
956
462
993
893
237
575
345
916
108
128
784
766
361
524
95
767
563
552
123
505
769
131
168
869
193
618
812
435
521
975
416
833
476
578
497
595
351
280
487
362
29
448
136
149
205
405
385
861
675
691
943
583
506
587
957
241
469
80
256
806
416
179
867
789
310
356
833
230
937
637
296
395
428
604
374
443
481
17
991
940
684
167
278
112
180
345
966
198
995
84
133
790
486
213
311
685
134
375
430
237
787
141
36
300
385
11
503
213
144
943
372
991
196
91
187
857
963
65
843
234
504
96
55
597
447
799
721
489
884
489
131
933
615
929
683
821
612
97
815
256
739
363
865
309
817
430
450
881
823
949
147
4
102
237
739
38
335
893
371
518
988
164
22
596
794
289
783
127
167
226
291
403
341
829
189
13
26
649
710
411
856
353
658
145
867
648
216
510
208
123
362
771
705
133
107
610
392
951
96
320
922
994
642
824
923
91
71
954
52
274
659
343
144
717
991
276
769
400
59
539
775
988
351
977
910
126
959
607
855
935
732
105
188
917
340
544
795
968
301
639
251
40
998
177
920
17
239
387
533
698
251
774
17
278
2
645
198
19
664
751
406
443
456
232
462
177
766
238
254
880
917
870
340
876
630
614
696
100
799
97
196
290
943
977
923
895
729
794
8
286
364
934
676
872
468
306
936
719
211
262
537
415
25
980
19
422
119
585
4
704
73
600
487
869
778
302
971
272
224
876
243
72
514
978
798
159
722
99
422
804
691
412
919
715
96
820
157
525
594
402
601
603
203
236
352
143
308
665
342
6
503
522
374
180
567
423
361
251
270
624
68
450
254
912
185
516
113
576
532
828
17
21
521
553
139
982
624
136
364
850
328
536
785
974
124
194
665
739
782
734
952
384
959
66
587
848
45
332
689
364
395
90
307
922
319
125
172
889
597
403
330
166
233
868
721
890
828
168
836
50
360
885
32
700
21
152
636
897
690
981
946
42
682
873
857
429
147
674
264
262
297
681
894
784
105
313
21
106
648
686
970
178
169
0
953
900
645
662
317
547
659
579
940
135
36
800
260
732
899
353
593
633
386
537
451
544
846
761
209
920
878
498
82
899
909
349
70
383
308
230
756
189
87
143
853
582
362
262
280
551
957
912
543
352
73
575
448
646
685
197
624
734
260
782
447
975
705
330
199
308
978
362
53
568
66
477
213
14
668
26
115
84
994
927
313
838
910
513
424
249
129
132
749
618
65
826
253
916
766
505
366
799
368
599
638
820
448
535
908
251
744
447
927
480
982
479
710
203
432
899
635
47
4
478
899
741
96
342
621
744
272
930
311
703
999
161
964
89
586
394
576
94
208
160
615
868
698
640
353
964
941
493
563
387
750
167
626
606
105
4
140
706
164
508
226
272
611
768
472
650
855
169
96
34
743
605
548
68
429
997
241
987
117
441
941
60
603
435
111
421
260
400
553
176
209
791
703
573
227
535
691
302
318
131
812
911
473
973
500
859
490
440
171
449
256
527
956
307
322
310
358
591
221
491
427
808
267
717
547
350
583
93
275
497
710
711
987
49
761
544
833
164
226
238
321
797
161
738
127
524
742
400
28
929
613
532
221
581
424
753
170
78
356
292
695
495
391
402
896
856
89
11
13
491
802
821
399
914
832
640
640
35
307
744
231
269
852
703
567
162
441
490
253
998
190
425
404
230
30
151
694
102
417
243
163
995
611
147
660
868
702
199
752
315
410
208
538
812
800
18
432
927
777
8
590
599
800
566
586
298
91
110
983
364
352
256
873
717
386
258
273
272
643
15
436
792
205
288
261
512
927
34
233
196
1
343
74
30
274
351
819
299
449
275
946
173
137
650
503
121
857
470
608
160
416
909
880
768
428
942
884
559
471
455
42
688
370
49
324
736
266
903
836
870
53
252
97
456
885
546
741
519
533
661
172
295
398
43
82
576
953
401
159
153
425
67
840
135
403
789
616
481
101
94
135
260
219
397
69
572
806
928
534
969
162
709
358
212
427
789
184
818
748
922
217
361
495
578
243
551
114
898
348
379
901
318
386
749
120
53
531
977
938
572
518
381
585
576
193
705
422
710
773
945
341
208
507
397
90
110
294
688
445
367
216
149
801
645
781
370
474
579
429
67
846
234
837
344
936
629
429
340
936
659
880
282
148
759
417
405
642
128
4
631
134
390
823
792
298
715
571
32
225
499
225
691
283
204
801
368
909
81
896
481
606
920
985
428
570
541
641
742
210
271
5
575
485
905
742
227
557
735
909
430
619
568
404
178
974
44
102
622
1
929
186
171
862
230
905
937
559
835
988
466
644
775
675
955
798
225
681
407
571
54
275
495
769
49
918
550
531
461
510
542
265
759
413
131
41
173
812
960
59
518
571
67
853
900
333
660
580
510
606
948
0
609
474
10
318
161
176
233
84
790
55
906
495
224
989
690
80
23
781
550
81
726
112
820
859
819
319
822
141
576
299
169
280
642
945
473
898
16
446
69
649
968
383
695
841
130
871
984
262
560
53
752
708
785
180
181
602
982
339
380
709
338
720
301
841
157
717
701
977
983
468
841
369
786
6
299
929
207
107
529
908
197
11
731
684
900
814
465
84
401
514
2
284
849
911
911
336
160
445
974
620
889
527
443
987
864
858
570
282
913
240
264
503
836
276
539
633
491
298
448
645
101
462
620
896
223
717
590
224
340
774
802
99
793
806
258
325
445
319
935
353
196
802
5
530
764
275
470
469
317
336
666
695
60
519
799
502
447
495
166
221
926
549
396
326
488
495
788
822
956
634
326
749
566
500
689
808
484
897
523
777
301
414
427
155
490
879
409
351
861
320
4
652
546
99
183
643
975
98
916
45
675
460
0
529
522
375
976
786
643
791
393
850
456
50
59
208
219
762
568
576
840
696
325
603
912
705
375
596
257
157
311
323
206
846
311
369
88
285
617
278
934
167
194
880
417
690
286
628
688
680
696
322
307
406
386
549
536
336
773
344
89
289
192
158
819
186
385
108
719
736
429
372
167
455
306
830
553
110
474
830
690
466
960
998
613
13
523
586
245
363
906
239
271
334
339
118
145
331
364
956
465
685
9
983
136
459
925
790
632
958
512
432
306
565
35
475
397
508
500
990
870
313
299
946
378
853
931
313
539
187
840
426
634
542
254
93
638
807
915
612
694
673
240
832
10
559
166
385
436
339
605
483
565
623
642
696
439
72
604
425
449
340
155
771
201
354
652
1000
500
625
729
377
468
400
750
587
680
318
969
312
48
380
902
451
600
266
225
509
538
607
508
593
394
593
67
180
19
638
908
666
360
853
282
423
435
32
975
377
881
546
798
260
282
944
347
54
503
460
422
694
231
691
652
440
970
371
328
764
281
837
136
717
39
563
5
171
246
446
954
453
686
52
867
7
70
10
826
642
479
525
147
952
528
7
385
758
871
952
45
506
91
757
995
175
385
31
786
314
434
119
173
59
759
832
400
117
891
719
938
971
221
249
33
351
911
489
325
479
447
869
281
618
581
190
535
872
956
165
649
833
668
871
588
181
522
953
149
753
801
871
568
772
295
979
767
116
65
780
945
999
1
619
499
419
640
76
293
480
387
689
849
61
377
273
463
281
608
560
270
829
638
894
762
952
333
696
111
395
111
582
784
940
289
907
558
282
948
339
695
213
597
234
255
450
827
628
787
28
578
375
135
853
880
478
533
22
45
461
455
311
883
180
436
496
424
503
512
803
553
688
324
811
766
713
213
212
652
559
152
858
227
527
479
296
861
666
712
704
561
280
661
32
591
465
102
412
93
151
374
580
479
712
81
67
29
926
90
564
409
60
893
337
591
234
968
82
902
190
304
107
610
35
819
75
344
498
787
933
292
170
759
64
429
559
562
539
434
348
193
785
452
935
667
799
11
481
582
858
544
159
294
964
969
196
526
967
307
162
61
22
455
529
657
466
246
690
38
216
757
495
891
291
188
584
613
610
501
991
746
818
603
818
326
971
562
259
998
438
207
795
292
116
787
832
769
562
878
885
27
178
368
200
947
210
644
344
22
462
340
478
73
485
844
885
408
675
43
427
137
927
640
960
133
555
511
87
23
743
59
432
893
554
685
493
22
21
630
335
166
212
665
668
763
873
846
143
339
850
392
856
346
717
246
115
702
83
589
753
923
370
399
726
330
708
457
568
599
805
362
981
806
11
169
428
29
212
658
629
450
363
739
819
101
420
591
690
342
517
223
338
501
142
619
68
477
612
828
878
763
46
365
698
652
485
729
276
687
322
983
856
609
847
394
817
666
926
148
131
750
517
525
498
177
141
631
349
432
927
99
150
382
708
173
124
701
938
474
942
717
780
44
802
77
69
807
518
635
757
96
766
411
592
232
244
671
255
433
599
680
234
621
38
576
192
78
718
761
188
196
955
937
497
964
316
881
691
771
695
829
714
814
23
522
573
99
135
229
78
371
702
170
578
597
494
542
869
564
178
567
360
106
946
611
654
497
677
585
871
908
89
337
862
12
548
408
27
603
557
293
685
903
72
276
926
187
234
410
687
803
381
187
487
898
143
487
1
503
220
172
944
714
793
185
555
988
976
596
119
716
18
717
44
249
860
656
143
440
132
748
642
701
642
328
885
86
19
693
464
268
836
622
137
884
23
594
947
594
212
898
393
166
679
307
539
613
387
721
777
381
804
814
820
638
672
965
448
923
382
745
635
357
257
635
88
943
877
780
849
231
629
104
836
270
601
496
965
941
559
71
836
934
671
227
187
832
782
953
241
845
829
887
653
218
107
185
417
326
290
587
74
678
203
397
97
951
361
882
408
616
369
465
601
963
361
790
789
226
92
476
513
381
462
807
704
668
924
355
9
191
506
17
931
406
871
790
0
717
795
936
913
459
355
657
840
686
759
733
586
432
663
868
571
865
815
57
357
695
717
131
810
657
755
87
533
664
980
100
334
669
130
850
231
866
292
828
155
993
291
17
613
369
679
216
884
594
880
677
53
59
92
154
512
276
727
280
761
646
50
532
552
285
599
687
441
821
477
486
188
272
723
323
499
450
348
429
769
124
88
698
377
646
974
393
737
446
604
89
528
302
681
156
749
84
489
138
896
678
273
825
450
862
368
139
356
744
15
647
728
957
504
80
854
622
850
653
385
144
692
118
463
677
264
840
323
44
183
170
563
397
745
579
584
282
696
270
38
75
601
834
30
549
646
57
493
188
83
159
579
783
857
932
169
656
687
605
768
368
177
442
854
767
66
148
103
248
893
771
376
987
498
203
440
886
878
459
112
755
282
421
65
45
856
576
67
335
978
737
619
545
9
427
358
46
540
110
713
442
842
794
974
86
286
880
313
232
444
673
463
901
32
211
673
276
183
830
462
241
231
207
103
757
233
257
656
691
34
805
496
986
322
642
175
605
172
706
87
43
938
539
962
762
323
423
660
905
361
55
391
337
61
666
736
421
595
723
675
526
266
631
563
890
458
717
186
485
421
408
26
208
280
777
290
481
655
561
251
755
953
814
632
190
511
233
981
672
130
224
83
493
741
406
38
648
97
480
11
555
903
21
680
203
26
738
87
683
116
464
514
52
230
129
779
232
674
187
87
270
449
53
205
580
788
479
67
709
629
617
456
989
886
654
107
133
24
622
235
314
194
697
322
860
445
922
969
422
681
836
14
486
382
81
57
948
24
428
645
281
842
284
656
384
561
700
660
347
207
551
793
666
718
538
649
644
141
272
382
778
239
679
842
684
352
748
199
55
917
201
228
728
209
588
900
527
93
661
430
874
993
88
60
162
444
151
429
405
379
950
410
479
693
412
363
570
210
732
336
782
107
522
523
261
238
239
692
414
692
212
742
147
155
284
955
455
368
523
727
152
286
302
47
822
787
527
452
44
816
139
420
610
726
609
484
704
252
917
617
321
129
68
713
699
483
382
990
814
127
10
806
683
632
27
361
177
356
689
84
847
29
691
31
769
222
38
466
528
413
951
826
390
260
99
833
629
737
994
123
923
421
193
516
328
549
601
390
625
28
312
612
61
985
605
222
19
897
13
535
364
105
772
609
907
965
80
514
638
804
486
471
967
298
987
720
637
457
142
708
493
414
990
632
354
358
6
939
424
624
296
390
676
973
805
251
550
355
160
107
951
757
37
370
133
956
4
58
140
537
90
203
861
698
677
906
340
626
49
556
210
620
260
120
539
360
66
143
249
516
369
217
287
901
451
126
718
839
505
193
781
936
909
21
638
293
312
500
304
88
38
631
48
723
55
479
942
215
342
147
508
162
611
220
501
620
284
909
320
731
364
440
100
619
525
950
360
954
241
435
212
331
221
416
512
7
546
542
876
358
97
656
735
684
921
58
383
597
756
22
435
615
244
62
44
997
853
423
493
119
828
696
860
550
336
878
315
41
68
113
328
652
163
829
899
284
236
393
523
524
472
74
336
456
604
628
908
599
295
53
415
815
444
495
289
245
956
937
904
225
404
489
379
481
734
336
259
36
600
374
585
597
775
137
803
378
307
42
760
695
308
790
911
751
746
490
172
888
58
223
209
930
632
429
722
617
238
475
501
31
420
493
386
370
844
426
257
348
606
60
513
872
398
425
805
99
90
911
844
829
939
270
271
483
954
465
481
987
271
376
916
529
676
745
976
922
835
957
673
987
28
75
990
412
346
727
238
815
128
238
562
870
314
316
701
192
991
431
127
819
919
545
652
352
226
239
636
164
467
395
107
675
270
84
132
630
996
967
910
948
797
275
612
248
213
100
977
8
511
574
380
741
963
998
929
955
52
290
819
696
59
51
429
960
257
447
355
501
272
828
442
893
689
806
174
313
12
526
188
834
175
633
179
876
122
406
584
641
993
640
661
17
706
406
78
104
164
371
700
545
807
971
900
936
33
126
557
151
356
53
637
766
45
115
88
493
612
215
29
427
44
276
914
517
266
894
899
355
960
873
896
888
866
841
460
352
764
413
84
787
422
507
103
883
468
72
929
352
591
924
327
836
293
391
624
512
528
268
932
144
768
452
341
184
87
385
246
33
196
965
826
706
962
623
885
987
243
406
783
907
381
902
990
710
71
675
569
887
124
876
545
210
85
197
574
949
308
191
185
18
70
366
365
643
167
542
486
282
449
100
300
121
515
565
241
803
334
577
721
119
963
314
814
12
224
508
70
965
265
474
202
712
189
499
440
174
361
317
360
980
107
354
289
791
299
174
492
104
46
132
556
968
136
785
893
214
213
662
622
47
215
520
968
71
457
262
249
472
38
37
1000
371
962
893
766
688
842
960
55
243
399
264
628
49
451
584
496
439
543
666
731
362
766
106
746
359
799
955
116
908
75
841
743
814
336
115
423
298
434
58
526
5
167
819
594
944
516
464
114
138
37
158
765
263
923
671
601
813
935
833
663
784
307
490
779
839
703
783
237
334
926
587
379
159
115
398
922
478
675
34
461
992
540
98
199
105
513
304
862
364
845
800
466
539
374
509
21
820
345
326
138
197
916
851
919
156
686
291
720
60
430
160
954
238
326
66
727
286
71
926
950
5
840
723
91
825
904
185
446
341
956
838
325
882
955
769
700
574
473
372
380
236
928
557
6
275
654
581
776
105
326
274
286
110
202
883
843
834
538
919
472
576
669
206
422
501
785
154
183
930
631
406
232
247
425
584
861
744
952
454
556
245
823
981
735
965
82
26
511
382
595
229
514
619
903
419
378
364
476
32
947
266
882
191
508
885
552
866
770
705
158
875
859
683
780
55
189
963
170
559
811
79
171
230
421
265
664
213
999
43
852
288
905
840
945
659
307
681
881
136
137
996
239
560
814
170
172
836
603
175
106
854
457
112
539
883
182
898
767
953
534
895
57
245
151
946
308
624
364
541
981
681
991
5
282
79
832
134
248
93
88
596
265
50
474
67
637
454
110
76
516
355
457
376
120
197
270
671
82
873
380
208
831
724
348
992
532
967
29
384
675
147
838
868
919
46
294
574
268
344
280
869
154
42
358
159
396
531
790
835
996
2
449
73
841
265
902
656
140
172
474
154
575
37
780
311
937
5
714
268
406
201
136
113
413
541
650
485
698
997
945
409
743
975
707
591
37
788
120
286
970
812
985
89
877
393
84
390
900
823
815
973
408
94
741
568
662
342
945
682
273
195
447
161
502
646
345
637
242
205
694
446
154
653
712
566
903
325
947
139
80
888
185
986
191
774
20
136
258
924
808
97
379
945
278
705
871
60
351
158
231
692
464
925
120
802
233
546
17
467
968
983
220
534
578
515
283
99
563
199
268
752
825
35
904
847
673
85
508
465
782
244
725
470
3
947
644
0
370
651
224
631
374
916
525
144
794
865
211
227
560
279
119
682
871
651
46
240
109
125
389
207
940
402
774
634
25
318
63
963
925
343
970
779
300
306
295
620
969
889
300
309
992
904
299
358
127
210
234
363
773
740
797
3
540
295
270
762
485
916
763
462
204
20
648
846
719
416
565
957
840
235
714
761
444
110
159
300
246
209
665
46
823
438
727
155
76
716
133
502
610
188
739
755
266
473
628
778
497
255
8
366
845
144
485
67
765
342
404
933
939
865
586
931
300
868
276
723
730
99
257
919
27
718
18
25
554
718
456
282
400
841
727
256
266
400
756
787
109
796
266
651
832
113
450
786
476
743
337
598
634
677
495
469
773
551
184
357
104
665
900
204
697
76
994
464
990
872
418
802
309
701
401
568
875
212
946
813
607
214
823
11
436
762
737
152
40
699
923
309
737
407
216
588
387
348
320
710
518
279
46
172
767
92
913
908
924
315
873
491
379
693
412
595
565
848
40
340
160
166
47
634
244
791
98
361
723
279
164
723
64
861
778
598
795
463
627
854
391
604
815
504
746
327
721
847
42
124
684
26
794
832
190
25
980
63
277
500
731
630
914
159
672
567
176
353
19
431
329
832
297
666
119
966
432
792
308
765
24
251
127
686
597
787
745
510
482
914
722
975
506
226
268
752
838
583
205
556
756
853
81
857
89
262
171
703
591
465
398
69
361
303
799
352
190
911
178
428
911
348
991
646
344
296
715
182
699
357
470
883
101
610
887
865
641
972
457
904
312
758
787
980
847
314
802
169
431
761
969
888
956
963
725
910
69
380
939
474
23
416
950
65
464
87
154
679
990
908
466
394
161
471
577
686
261
772
229
771
451
470
13
98
657
504
183
278
113
131
914
366
755
745
861
789
712
306
426
982
300
877
332
539
462
991
465
845
640
884
570
623
501
733
109
352
46
658
209
544
37
46
360
290
759
801
757
18
955
976
573
86
752
371
116
748
237
179
43
715
575
15
18
979
781
243
923
272
263
793
755
602
88
759
293
98
348
857
596
202
848
875
114
596
970
513
609
454
394
644
206
817
985
650
348
473
305
948
833
266
523
757
981
307
713
931
954
664
102
278
617
351
132
632
605
199
284
201
922
284
418
84
463
338
247
411
982
741
118
84
25
206
178
452
539
144
333
259
262
191
564
654
726
750
108
73
770
929
183
350
832
924
194
199
286
130
282
572
819
196
546
873
884
352
728
829
719
166
269
670
805
930
184
791
709
370
3
861
112
3
247
863
646
887
791
18
89
110
95
670
990
307
462
663
35
118
196
320
880
799
520
73
387
226
34
426
115
744
428
422
203
195
213
566
340
624
174
41
373
125
956
729
760
747
671
953
73
509
387
765
571
831
314
589
807
664
543
463
238
423
685
379
842
990
299
224
412
14
218
312
363
427
310
923
494
595
189
905
61
301
926
184
617
896
505
493
435
313
666
120
875
980
343
231
422
292
207
855
211
208
466
346
440
72
5
752
217
708
980
905
910
324
702
755
413
19
757
376
183
789
193
610
27
166
651
496
448
457
686
358
916
921
186
982
714
323
897
995
604
998
529
389
553
746
554
556
599
217
310
231
260
957
841
346
645
392
214
388
278
938
707
562
320
715
607
161
422
124
494
216
923
956
573
589
129
845
306
612
820
763
221
601
571
344
618
308
371
51
768
804
406
989
600
870
398
838
525
556
690
336
342
458
888
315
698
866
296
566
928
985
602
738
639
429
557
664
126
396
619
219
317
862
294
29
190
863
788
70
806
762
969
555
796
73
516
706
197
104
897
884
423
255
961
800
358
251
304
363
966
337
810
270
826
747
25
38
310
20
534
935
72
762
456
317
384
371
192
563
948
6
710
665
73
633
804
277
121
806
713
285
169
111
534
558
411
222
347
717
927
509
85
694
691
783
623
652
78
729
561
364
89
290
318
15
373
174
612
807
804
61
169
345
330
85
800
944
169
240
21
214
644
554
351
910
536
276
738
872
449
32
826
377
964
163
137
406
990
530
68
989
278
140
580
870
386
712
266
408
53
58
136
507
34
657
424
135
493
949
102
67
200
242
818
401
948
195
217
780
258
555
509
508
391
751
527
828
705
390
746
347
91
214
99
497
576
707
802
554
37
839
67
412
222
576
633
526
791
302
737
551
44
764
491
677
360
980
365
982
544
891
320
957
425
526
972
618
775
504
811
268
834
68
977
156
333
383
423
820
702
222
42
845
518
535
425
651
877
41
902
181
756
276
48
342
230
139
974
291
270
408
836
398
891
577
468
721
946
699
25
615
220
317
682
45
513
476
922
694
336
466
329
509
129
822
476
658
147
333
157
791
796
893
310
220
776
711
836
349
226
423
200
771
405
46
37
26
897
476
22
403
882
391
363
510
898
346
54
512
992
600
630
778
177
775
737
245
112
697
978
858
5
385
132
546
515
559
763
958
272
224
998
971
799
258
248
435
802
748
108
873
152
794
239
837
646
89
234
444
307
880
263
791
436
407
980
562
792
893
826
136
681
674
620
930
783
834
248
148
143
656
768
607
549
223
119
272
153
411
810
483
589
521
205
162
345
344
746
571
796
113
685
312
969
419
350
178
508
704
1
963
516
368
677
996
276
485
766
348
172
944
701
192
862
324
954
145
657
712
782
764
367
547
674
64
998
359
260
733
20
661
144
711
471
185
438
688
46
582
190
594
139
231
486
183
513
832
768
376
153
129
31
749
128
22
945
151
488
375
861
862
704
158
165
3
452
650
636
693
407
267
528
203
804
438
366
496
724
15
254
677
711
795
642
224
141
509
259
687
139
632
853
863
46
911
632
487
0
555
374
226
451
524
393
176
241
210
855
73
502
282
876
455
402
370
376
925
445
292
776
227
118
571
331
361
255
194
856
486
808
456
248
341
357
755
798
24
655
721
133
892
941
51
569
400
381
39
525
153
635
490
79
313
320
260
373
536
899
377
512
181
268
238
426
567
486
838
849
223
982
441
172
739
507
750
126
537
460
432
842
551
636
550
843
795
234
440
937
883
344
446
40
924
349
408
933
888
675
550
964
165
547
499
320
781
725
427
715
199
359
474
921
615
907
903
803
355
421
255
238
442
233
460
442
908
505
176
735
66
714
520
993
66
2
290
264
675
304
423
629
768
751
692
163
336
634
221
940
329
281
456
88
458
179
70
84
280
441
219
216
76
378
236
404
854
552
730
190
721
421
996
264
896
546
25
1
334
43
516
365
83
506
92
666
528
660
92
359
522
343
110
615
935
342
825
959
911
683
132
802
848
774
684
915
554
380
619
967
678
87
620
339
723
924
433
603
151
83
765
205
634
756
567
815
104
70
194
990
626
919
985
108
172
782
699
231
333
632
983
696
879
95
106
341
102
355
413
365
818
855
439
401
195
564
212
167
625
993
185
326
442
95
535
208
32
719
268
572
695
249
1000
966
839
147
473
122
647
591
990
88
921
43
173
717
65
875
732
955
842
127
477
461
341
581
985
245
339
59
413
788
475
720
34
337
355
75
66
809
635
115
698
109
852
697
925
359
327
425
171
46
637
294
647
105
150
280
994
314
387
252
749
472
497
72
249
949
72
764
465
150
285
535
114
171
533
241
840
722
608
785
765
115
548
769
329
276
219
86
165
466
894
504
43
923
234
789
145
20
815
332
366
491
698
526
963
814
329
212
430
366
714
920
369
296
606
687
907
375
781
801
106
823
518
980
215
158
993
216
112
370
471
