577
81
970
392
640
325
945
158
537
42
682
262
700
101
142
109
529
976
903
526
92
570
838
416
660
119
309
320
998
538
156
317
364
160
926
705
87
106
517
472
141
29
415
635
627
374
373
824
848
964
655
237
430
50
159
411
992
433
303
750
454
622
376
495
165
78
658
270
142
485
944
170
316
209
90
538
461
50
629
982
465
161
199
615
417
644
545
290
415
591
157
635
507
827
63
909
921
2
44
524
30
165
37
175
7
865
831
383
575
535
428
989
573
673
779
775
161
323
583
544
466
150
877
759
376
115
286
172
518
824
99
968
537
526
567
217
524
331
371
606
447
76
703
565
669
915
527
697
844
265
13
989
176
443
58
348
68
155
408
634
673
560
737
878
548
723
715
14
751
908
415
249
450
110
581
624
385
908
295
895
879
803
71
365
237
927
299
356
159
49
605
282
558
917
396
281
977
484
401
536
226
591
245
697
30
811
375
167
220
654
212
928
151
56
75
163
740
71
414
45
957
151
488
359
208
434
726
628
75
827
730
719
185
60
298
96
916
52
359
655
698
718
141
278
780
155
179
920
368
205
950
374
522
92
982
105
500
876
751
45
712
587
143
928
156
331
604
304
516
425
461
868
3
375
102
76
163
933
439
740
123
111
821
676
517
506
304
511
518
122
689
527
789
23
3
675
51
21
526
760
963
540
515
168
181
612
903
682
167
28
467
998
355
821
737
629
428
295
196
299
59
233
390
23
527
244
561
649
835
776
114
612
415
684
248
164
685
768
716
115
904
315
815
114
668
951
77
717
654
846
112
390
505
142
375
301
443
773
422
115
579
54
454
920
772
637
995
581
95
258
961
884
262
515
247
280
495
36
744
343
245
58
348
838
203
836
971
104
29
922
209
627
308
829
177
919
725
771
821
561
763
570
13
325
470
15
598
358
283
281
117
792
186
369
145
929
498
210
131
205
227
277
868
993
794
707
452
634
384
135
1
170
713
398
689
149
69
104
443
247
308
588
857
83
127
949
110
275
882
501
996
391
55
707
973
480
752
75
598
815
588
152
862
818
35
227
889
221
689
563
443
61
630
45
488
318
758
464
193
371
516
612
783
289
8
659
632
119
795
541
76
187
430
43
995
597
942
633
884
212
237
393
278
982
143
485
425
26
850
147
424
962
710
201
461
579
707
627
863
599
82
731
693
381
200
505
139
965
933
101
257
59
499
671
771
547
434
163
88
927
866
23
448
1
521
979
967
559
976
133
29
75
824
899
1000
582
604
439
747
104
879
398
885
701
646
707
750
139
49
245
251
74
870
379
648
360
257
447
653
247
112
953
120
263
5
660
801
879
335
681
793
741
576
81
459
194
519
389
192
594
137
697
59
165
16
364
487
312
295
751
156
596
833
223
308
63
972
957
926
16
119
251
553
596
783
932
137
575
889
207
984
562
359
915
597
907
254
448
84
451
460
472
699
473
18
865
23
56
832
314
280
496
744
602
206
125
509
476
963
55
525
810
808
348
517
312
682
794
564
562
696
746
474
123
571
26
35
183
861
318
504
358
667
38
379
702
291
793
126
827
702
961
874
798
839
746
510
125
679
121
339
499
354
318
940
622
150
740
768
876
428
44
197
742
48
496
428
220
878
544
992
30
596
344
758
276
779
445
900
750
303
740
414
653
289
511
94
471
301
272
822
812
76
661
962
985
511
507
506
991
842
543
648
665
175
527
588
901
456
581
839
823
972
636
748
853
166
222
303
473
127
598
857
579
255
296
585
216
995
797
664
489
965
975
666
174
14
978
212
412
408
360
494
577
535
725
225
769
460
859
436
189
857
904
857
545
24
40
403
325
865
230
287
633
957
42
61
386
325
897
340
698
783
553
24
896
352
611
382
217
676
980
581
790
766
416
744
699
358
208
316
782
772
993
296
858
102
199
261
141
145
146
430
811
62
745
890
960
524
800
998
94
905
49
950
237
882
918
884
69
600
927
271
262
252
307
168
423
76
520
975
718
863
520
81
993
706
595
801
533
614
514
309
791
724
8
317
936
383
472
920
734
868
175
428
858
301
607
293
305
537
629
446
507
794
820
752
429
705
143
704
693
762
171
192
234
469
125
457
957
983
351
317
920
62
651
376
823
246
204
855
675
842
700
820
841
119
213
209
95
733
878
830
892
402
209
148
691
188
11
145
98
951
764
162
374
49
789
509
319
89
125
482
801
213
683
376
329
486
283
946
146
49
328
904
817
867
760
197
934
524
502
518
247
230
231
691
335
744
132
797
680
243
141
827
133
12
751
865
726
727
911
438
876
86
339
523
843
635
911
873
874
950
885
790
209
299
973
663
445
22
217
147
205
727
271
356
109
634
628
436
86
46
219
103
273
926
758
712
620
886
93
368
806
581
997
614
917
871
535
642
778
327
279
245
313
392
232
517
222
261
439
382
988
477
156
694
681
94
465
165
302
32
392
196
469
479
78
292
78
742
891
965
261
857
915
778
959
277
503
560
874
339
486
213
756
227
191
599
709
996
30
329
988
328
278
862
538
694
247
706
816
379
764
591
116
369
969
732
745
834
264
357
702
326
827
328
801
704
950
873
4
408
765
517
628
59
912
898
461
658
169
523
661
61
138
680
250
61
389
850
632
357
748
337
470
692
247
904
125
336
427
100
462
912
533
254
93
362
329
861
974
574
14
76
474
810
827
556
443
294
920
131
266
262
117
939
774
82
197
211
310
375
819
682
833
100
13
227
781
640
379
340
665
936
935
365
364
372
251
273
278
236
36
302
633
319
896
901
395
37
572
637
439
384
744
742
922
241
58
867
561
971
90
832
124
717
96
755
111
450
493
951
352
932
266
18
371
931
702
670
731
826
408
872
735
99
969
997
335
271
446
845
978
310
95
19
463
848
723
677
699
231
315
11
849
612
305
710
662
561
372
368
563
961
519
674
103
317
410
569
914
426
996
582
606
599
357
926
441
264
571
58
11
409
75
612
659
969
502
931
999
112
922
353
291
74
476
573
766
62
916
561
554
318
25
454
34
105
613
718
605
963
589
490
270
129
121
80
971
961
303
505
758
226
977
455
562
369
326
624
932
218
177
642
683
167
611
393
631
21
134
436
869
575
311
453
476
449
504
504
611
695
189
229
313
77
715
402
705
371
829
868
257
359
762
38
915
120
514
680
104
949
769
224
44
405
363
351
867
677
649
737
445
188
68
824
773
291
154
371
149
780
910
215
586
111
278
736
646
664
739
994
412
431
456
414
167
419
94
902
718
538
883
551
635
956
835
723
417
342
979
723
463
192
17
747
88
130
897
847
164
393
918
424
663
207
75
728
820
636
289
767
869
549
733
728
270
377
347
94
859
482
571
565
142
948
48
151
124
371
154
947
205
701
345
46
764
643
442
139
204
188
526
582
287
528
371
955
556
380
960
8
967
602
453
742
276
902
671
894
638
183
806
864
294
884
244
585
437
296
713
55
465
221
422
775
785
606
403
892
61
411
740
904
854
571
645
725
565
487
737
145
6
923
611
301
960
172
781
272
3
719
117
177
144
458
923
817
37
31
703
417
307
881
419
623
944
5
78
826
184
882
293
488
836
911
175
39
172
471
954
298
253
646
413
20
122
588
651
286
146
361
716
382
283
772
272
157
177
342
547
380
467
469
333
253
386
385
910
464
657
512
435
13
582
429
159
499
756
824
508
890
122
496
680
121
182
855
340
574
495
762
313
246
493
151
742
131
68
485
302
217
882
69
592
102
369
58
167
446
597
453
441
468
61
743
719
635
964
810
383
605
35
879
663
150
256
640
305
87
28
355
76
904
106
42
370
64
763
598
999
813
0
86
577
825
125
896
975
101
143
316
497
208
31
44
126
498
205
452
516
872
858
928
150
98
558
64
931
238
977
185
546
404
109
793
859
688
971
456
927
666
806
667
339
716
599
788
496
928
628
252
25
223
839
519
506
990
910
628
954
823
144
94
638
137
562
643
222
388
194
411
862
47
614
306
778
320
263
215
702
898
76
935
947
811
586
770
803
428
587
213
371
963
725
865
254
164
269
365
82
99
746
152
104
306
542
140
879
425
822
240
151
195
534
982
459
288
590
876
160
75
231
12
562
81
240
52
106
245
833
6
532
857
939
488
638
94
489
917
224
612
566
15
489
166
942
17
108
86
452
520
957
873
811
961
432
13
745
710
178
428
838
292
870
763
516
9
969
626
923
733
156
272
147
908
157
20
97
705
806
219
922
907
795
401
417
631
56
527
151
848
740
542
274
62
609
840
938
841
399
774
555
763
706
520
785
954
128
198
196
412
478
95
174
654
2
128
750
333
740
184
846
255
160
793
917
676
702
490
974
762
167
199
729
73
800
97
633
160
854
534
75
86
463
636
866
588
219
289
705
786
484
979
431
835
478
442
306
152
858
238
545
377
669
40
980
114
507
9
640
128
477
284
553
375
555
113
751
725
457
410
257
44
10
896
695
25
211
316
443
566
483
749
395
716
419
963
235
824
997
77
886
9
148
582
501
795
820
650
478
332
452
745
491
288
95
990
994
87
586
372
164
109
855
273
800
435
0
559
219
288
642
651
260
781
59
91
82
681
614
8
361
932
153
509
711
510
768
121
72
37
579
482
83
492
875
425
420
719
391
585
655
165
932
77
487
72
6
243
519
609
530
642
825
703
191
913
701
757
826
414
924
991
474
382
545
909
88
115
483
155
595
51
687
750
272
118
378
32
621
33
733
100
790
197
465
141
119
7
669
471
113
901
386
288
31
822
11
586
5
753
729
219
868
558
732
550
534
916
94
655
643
515
304
153
433
629
172
352
400
527
611
843
581
89
597
129
629
505
18
379
938
73
400
134
876
172
705
701
710
243
541
630
367
625
940
941
953
350
738
597
271
229
913
775
848
711
895
678
867
837
454
237
232
314
574
440
976
162
460
423
399
299
618
193
285
857
783
790
218
517
365
162
408
272
282
937
874
393
856
24
223
264
473
167
537
733
501
612
859
910
671
257
732
916
746
809
942
656
606
449
748
868
219
973
353
70
411
474
473
646
391
158
490
769
775
314
8
837
549
65
143
431
905
826
240
278
469
602
302
925
791
817
238
301
330
207
312
254
840
6
317
263
827
65
521
484
341
610
350
257
745
614
746
734
213
917
143
170
755
792
464
647
703
607
377
487
359
626
617
55
539
511
664
870
4
465
24
784
385
546
925
498
21
938
611
823
619
146
34
266
997
991
59
52
71
274
1000
598
437
661
291
647
918
361
606
24
473
875
852
158
571
149
141
139
294
76
845
163
104
293
447
859
760
503
566
171
620
855
744
288
334
286
577
954
919
767
952
467
767
561
431
832
554
219
280
172
850
134
131
474
864
558
642
516
412
705
637
964
82
972
20
368
395
377
629
126
429
298
529
585
565
299
739
496
87
820
689
641
610
653
228
512
572
12
642
107
324
469
992
956
228
338
723
589
82
355
155
136
7
267
710
374
665
219
700
60
770
212
331
597
953
347
261
185
349
832
992
359
715
876
375
529
696
239
418
52
998
523
165
157
5
490
24
31
982
692
494
614
652
956
224
537
746
528
411
915
546
153
722
957
475
392
809
94
603
613
900
305
73
516
719
707
116
718
827
274
575
265
925
324
346
703
534
982
978
440
108
795
752
896
143
428
50
745
656
747
489
317
336
676
144
882
688
348
33
172
514
743
648
820
119
158
137
976
353
349
805
257
158
516
870
286
304
636
273
257
221
82
506
41
611
811
243
466
487
168
461
644
811
421
201
458
13
752
307
585
657
602
13
618
972
551
498
648
809
129
898
495
827
345
412
382
835
347
546
36
681
963
495
901
310
657
782
987
531
122
274
146
596
330
994
574
177
767
628
762
148
9
902
221
841
209
503
188
315
630
703
252
708
929
938
324
211
801
468
971
415
35
49
493
870
627
926
722
45
731
164
442
416
400
316
993
786
566
150
270
991
581
459
879
701
350
254
119
185
498
754
419
671
318
52
345
85
900
764
70
749
173
165
499
658
884
304
937
579
181
317
1
71
420
781
180
925
539
111
30
871
502
584
405
983
437
512
499
734
949
983
490
780
458
294
783
76
532
636
169
762
387
394
13
628
310
775
40
791
788
568
457
290
832
890
276
766
277
391
46
722
595
900
303
577
66
704
161
663
924
289
267
450
348
132
708
867
705
277
859
191
730
593
492
998
665
856
322
49
662
289
272
808
177
715
322
232
101
36
186
207
321
351
874
295
107
896
207
606
728
256
773
217
770
651
685
163
67
365
778
459
591
600
596
902
179
873
662
961
447
24
523
878
973
44
607
117
147
892
322
752
690
997
626
656
491
728
894
788
708
231
484
807
529
194
167
846
454
949
149
264
545
39
584
876
305
632
279
958
799
108
620
448
496
847
915
778
73
11
823
753
463
12
167
821
500
449
774
469
569
26
682
956
827
621
464
933
831
966
911
90
644
914
446
68
955
175
203
238
841
739
366
550
776
275
801
960
92
234
929
82
637
54
608
835
713
290
522
604
879
627
995
815
233
44
143
601
266
243
153
555
352
503
273
143
641
777
38
395
715
664
642
30
246
678
11
532
997
884
129
358
732
164
56
271
803
335
51
716
160
223
754
990
596
40
310
304
882
78
396
906
853
829
385
2
327
235
406
185
811
768
750
336
434
134
577
248
95
675
131
715
4
326
155
744
405
427
227
187
344
964
459
576
593
557
429
138
966
108
919
912
85
129
124
770
167
991
98
672
859
903
76
30
493
334
987
404
902
442
745
768
494
11
783
18
720
763
200
940
921
568
147
683
428
642
940
124
45
586
807
452
300
68
26
307
112
799
257
303
582
55
377
875
127
788
496
271
952
283
380
670
277
775
258
852
206
785
188
223
128
645
283
244
862
846
924
983
786
827
281
983
802
493
891
830
808
88
978
100
620
802
778
781
178
680
363
309
120
204
624
571
425
13
209
766
31
355
995
178
904
593
241
651
418
180
295
815
296
224
695
278
709
867
647
307
476
853
664
297
290
621
157
260
638
797
421
526
889
443
333
161
461
306
890
818
976
67
248
728
541
537
785
960
492
149
715
743
895
542
847
553
267
625
843
220
538
110
100
149
711
73
304
281
273
528
275
950
82
138
27
647
542
251
743
714
249
487
178
805
74
19
381
60
543
613
738
494
89
932
354
217
872
52
855
45
199
216
340
336
688
622
415
511
363
840
118
706
361
933
470
796
393
474
153
662
362
687
540
420
663
496
38
877
504
863
193
856
501
331
534
796
763
184
68
565
39
124
166
63
422
541
246
984
481
588
136
608
360
445
873
223
311
407
70
544
448
331
475
280
132
913
235
868
674
114
368
330
107
300
418
370
101
524
795
204
502
935
320
999
196
554
598
888
321
246
615
17
316
697
969
762
57
480
452
902
510
750
908
549
631
895
63
790
764
349
475
240
162
593
347
93
687
828
899
691
475
401
498
525
670
565
403
16
924
619
591
372
569
864
759
340
636
882
912
147
387
383
89
734
963
121
760
190
75
301
412
157
229
663
569
951
956
349
677
86
931
270
649
307
958
622
712
691
907
133
962
138
615
911
927
591
634
74
863
511
477
329
211
298
696
243
30
301
595
949
358
402
480
634
968
568
259
545
94
868
5
178
737
581
751
290
475
631
606
484
907
64
18
53
136
155
750
859
797
398
503
776
429
316
345
648
297
726
420
914
959
879
448
364
364
920
39
978
799
450
146
658
522
176
341
379
645
780
477
969
291
357
833
548
922
249
852
567
435
746
802
421
550
730
440
434
718
41
563
153
775
908
828
667
767
492
359
871
446
690
335
104
52
531
751
437
529
304
586
287
898
309
932
475
790
569
983
398
371
602
295
305
52
73
185
748
176
286
129
19
823
906
483
334
706
842
80
958
508
974
733
869
582
713
920
861
865
584
1000
163
345
41
898
339
725
509
837
270
363
131
566
425
866
451
332
879
115
114
54
275
195
912
334
772
336
693
880
772
290
733
850
12
474
166
273
109
916
138
608
95
349
94
676
31
317
367
531
800
439
105
817
531
795
703
971
697
493
306
889
16
337
388
588
687
372
126
147
204
646
653
589
467
456
247
201
503
186
430
584
645
97
92
159
692
369
794
349
611
944
505
588
425
247
595
870
51
74
458
573
117
325
344
504
777
238
431
103
592
483
771
362
72
979
463
578
392
763
368
543
838
605
400
427
174
530
933
439
881
59
5
442
902
964
635
822
802
668
831
473
42
930
519
17
991
990
854
781
745
620
955
719
795
542
373
84
515
974
350
917
231
649
756
628
153
35
955
416
366
21
490
434
270
881
365
371
907
103
307
522
275
188
790
336
529
104
121
260
56
188
601
276
617
569
972
993
426
883
170
973
733
478
319
826
241
733
935
566
173
431
83
33
62
889
938
582
577
710
754
185
983
941
944
417
683
25
776
720
626
655
991
1000
394
776
605
411
653
381
688
861
621
578
177
864
794
728
502
99
816
531
302
185
805
116
180
609
290
4
269
108
864
636
333
307
757
884
137
54
414
372
401
661
929
595
308
532
223
267
367
780
228
274
834
499
797
820
977
368
712
608
95
477
128
859
153
23
553
983
285
865
557
213
913
827
702
320
951
709
373
544
898
136
969
391
487
29
526
124
373
54
168
263
585
78
102
563
938
674
458
192
923
89
910
619
100
503
856
68
305
817
309
838
483
367
572
469
652
667
804
828
573
413
564
800
574
33
139
291
193
568
693
226
719
519
347
537
328
185
236
740
703
19
616
656
955
604
859
955
610
314
863
844
741
321
742
13
176
147
549
821
930
555
612
262
854
376
634
501
165
865
752
358
903
256
863
860
653
251
338
351
319
728
797
685
933
248
762
384
304
516
715
300
66
920
938
459
145
621
888
849
188
171
468
597
963
417
978
778
283
776
51
878
843
517
219
273
471
248
442
903
995
340
29
414
594
362
615
379
502
407
254
529
649
844
968
976
801
637
613
461
242
691
311
570
690
231
853
428
235
540
853
164
568
782
225
868
540
936
854
55
305
560
463
700
678
906
372
819
347
241
82
573
481
885
177
534
6
164
24
719
638
815
369
717
613
438
453
811
487
801
179
307
808
629
282
650
824
8
340
610
571
152
653
998
674
244
912
890
272
552
362
187
152
635
870
825
864
293
913
886
772
593
558
965
418
798
114
442
835
792
667
613
103
162
306
591
566
356
823
162
421
109
140
688
854
501
932
697
467
28
858
125
20
568
383
137
980
947
615
286
894
801
41
948
402
627
495
264
0
448
387
548
236
172
407
134
57
217
553
603
870
978
597
165
182
498
878
269
248
180
478
982
463
619
320
801
785
151
90
828
3
537
293
757
110
418
911
430
649
362
886
610
516
915
387
532
866
4
249
931
39
427
879
872
882
471
168
565
385
228
517
44
722
668
876
50
184
10
881
146
139
30
38
156
374
428
857
465
509
241
786
878
547
621
783
223
573
643
895
833
196
833
194
17
359
617
115
815
87
457
513
564
926
652
17
763
273
844
452
495
935
325
475
370
469
734
355
697
127
160
131
947
567
362
454
34
252
725
504
905
510
282
835
666
497
223
499
682
385
956
783
746
582
928
168
839
956
527
565
588
769
511
389
44
28
893
491
334
51
376
5
802
517
649
332
120
463
50
562
199
121
343
85
493
700
333
110
185
337
218
719
188
755
361
496
660
589
669
721
900
795
409
114
219
935
806
719
580
555
525
744
193
33
927
182
543
298
39
291
83
867
895
381
372
860
184
710
164
915
899
736
193
966
65
429
249
202
268
543
467
720
141
973
666
489
833
202
761
513
49
545
622
658
251
851
957
996
518
93
730
36
179
596
903
705
902
283
358
744
910
85
578
397
953
148
293
452
130
370
709
674
678
535
124
489
721
703
113
401
311
575
176
377
916
279
587
19
667
16
344
745
980
19
338
636
901
622
658
79
246
419
69
261
218
371
434
229
758
200
406
635
228
247
680
68
223
983
832
449
456
291
424
439
40
907
91
701
419
744
484
562
447
301
969
732
493
999
198
809
245
385
307
348
613
909
499
264
646
362
667
419
204
16
691
38
93
246
854
353
701
339
718
513
189
168
407
749
953
725
534
87
274
370
846
71
101
891
868
364
756
828
191
713
2
331
8
777
179
454
502
82
137
609
179
500
1000
971
705
207
315
827
399
756
913
289
886
866
404
0
526
876
247
483
372
561
29
672
315
194
821
133
85
283
189
15
626
56
860
593
894
990
458
844
690
172
755
522
381
452
925
468
584
381
570
912
25
335
182
41
476
889
41
377
311
887
181
88
116
382
715
325
707
468
362
971
76
155
979
885
207
448
138
705
913
588
820
192
498
644
580
98
364
165
969
452
277
843
243
366
944
829
529
418
170
292
191
890
931
290
884
637
42
616
386
614
246
809
660
441
156
142
241
829
795
887
288
318
364
310
904
895
2
533
1
252
477
837
178
985
505
39
827
830
881
177
818
653
905
995
516
631
230
128
63
136
334
119
220
32
234
868
499
473
384
26
168
345
734
358
313
555
147
148
474
347
781
969
878
245
747
185
460
31
156
749
976
737
558
855
318
576
800
933
724
418
214
706
482
255
354
687
120
905
989
185
983
459
667
528
536
206
204
438
949
52
76
145
990
751
740
960
376
638
317
76
694
166
47
159
598
819
159
186
387
563
4
738
904
145
915
754
808
410
416
819
991
673
358
939
805
24
651
437
308
316
797
991
216
126
97
323
5
509
847
797
568
212
286
253
558
813
290
67
456
848
717
245
943
480
821
271
95
311
29
658
803
652
274
692
95
738
578
453
516
58
302
88
330
841
590
254
594
306
387
554
586
487
422
272
154
0
239
508
109
686
886
451
852
735
943
845
779
453
872
347
11
185
505
827
98
791
660
178
822
995
899
681
424
196
491
694
979
350
996
260
221
323
370
702
390
313
194
23
246
821
270
753
907
453
647
287
429
116
728
677
382
521
95
502
165
363
174
596
752
728
729
8
524
11
504
77
293
600
161
302
249
843
759
989
927
796
438
50
288
535
970
569
180
631
243
527
752
833
19
346
35
697
188
112
542
796
954
575
261
551
727
848
181
816
181
148
793
716
595
652
97
526
644
321
989
670
981
564
953
637
666
880
286
954
45
158
213
238
767
639
739
512
62
728
479
202
42
313
734
188
323
823
767
789
72
964
335
669
555
802
293
711
211
284
789
556
478
690
544
186
907
285
198
781
758
251
931
932
94
467
256
951
96
551
37
946
580
316
174
817
597
934
861
206
19
192
811
13
408
414
703
410
612
46
180
22
768
649
887
899
76
338
671
964
321
225
335
90
85
958
736
732
627
783
909
917
794
853
318
559
991
871
516
6
703
802
241
657
759
403
1
443
748
72
919
845
98
760
676
31
296
965
267
227
849
210
272
752
719
679
80
61
480
224
965
623
236
696
620
47
263
683
734
124
945
137
865
751
611
33
776
294
58
271
958
798
871
425
200
440
606
834
420
487
622
682
212
716
967
640
284
22
0
382
616
360
99
208
807
391
624
598
338
106
956
977
667
948
891
576
146
860
378
837
376
184
287
860
42
444
629
532
989
45
769
378
84
30
247
926
563
902
83
125
846
371
592
937
784
178
879
663
885
192
890
912
176
157
253
888
155
927
249
637
510
448
577
692
350
432
222
370
672
308
776
277
714
540
586
710
106
187
688
149
968
135
846
510
869
976
714
221
980
739
364
674
546
438
206
366
696
671
122
365
560
393
523
603
379
605
394
326
207
424
545
672
415
342
575
809
472
231
517
797
318
168
953
988
127
15
42
908
935
708
161
498
191
93
911
821
316
265
798
174
678
7
869
866
496
195
988
61
53
298
675
737
580
875
672
797
676
743
959
419
164
210
938
906
253
477
809
105
511
319
350
550
604
742
87
755
258
500
111
821
712
397
748
52
452
339
864
547
165
654
488
37
797
498
38
497
911
469
138
983
16
436
486
536
337
773
210
247
945
608
299
720
595
363
896
474
759
107
932
300
491
87
408
124
29
171
498
798
210
494
906
587
886
589
898
203
561
456
235
12
178
299
883
244
100
565
134
941
479
739
669
72
166
501
905
635
757
345
990
161
301
733
804
899
706
465
869
532
291
105
187
514
329
776
96
984
447
158
767
779
825
158
747
318
652
10
966
187
624
435
215
671
616
550
295
45
800
190
393
676
419
865
845
54
36
662
890
161
861
437
21
653
407
437
38
92
400
484
769
551
526
909
105
336
805
302
971
727
279
599
214
186
633
641
142
381
920
227
732
967
639
169
844
502
248
286
154
230
306
724
32
637
552
341
252
319
347
349
268
553
811
62
169
527
657
560
737
166
299
171
767
454
801
35
397
70
195
63
3
260
826
476
610
638
146
465
887
250
640
819
239
1000
168
651
17
116
26
710
143
504
3
931
926
707
89
18
444
519
408
753
171
659
877
38
387
170
518
746
235
968
226
232
979
260
726
204
626
516
224
270
832
580
1000
204
165
377
884
531
207
443
89
626
838
894
629
838
828
971
636
674
307
32
294
581
830
973
681
429
114
46
249
386
770
686
210
604
215
221
368
216
456
470
766
275
880
693
915
127
390
380
808
101
414
758
812
611
188
110
15
404
447
6
330
415
518
277
949
332
478
79
401
311
43
453
434
86
710
147
467
784
39
496
930
494
987
346
593
493
315
464
641
193
478
209
881
951
860
510
683
918
628
812
598
330
575
475
398
329
962
471
111
789
997
704
887
922
821
342
671
600
887
8
910
599
739
280
881
696
721
213
465
474
727
742
384
344
960
867
741
617
124
755
42
479
633
621
342
710
335
587
466
967
237
372
775
890
656
762
111
314
497
295
795
584
519
383
467
461
929
417
793
969
480
814
437
479
791
564
119
145
761
825
819
97
103
824
995
241
169
872
328
197
242
402
947
167
993
491
582
1
226
188
489
48
568
423
899
755
914
35
533
774
658
108
695
11
465
826
492
366
879
761
733
805
540
812
13
814
7
706
569
647
748
928
530
305
226
684
485
843
33
449
369
480
95
496
393
46
794
797
990
567
851
367
879
790
18
674
210
633
291
514
419
618
489
973
520
101
863
263
782
139
387
714
398
323
113
250
977
819
950
264
787
779
329
192
128
589
328
886
308
282
660
133
829
173
865
916
221
926
48
649
510
304
38
880
138
719
297
590
31
727
577
824
999
448
42
715
434
911
559
978
970
90
8
112
151
545
274
112
645
106
412
530
616
386
420
297
267
539
296
458
486
722
5
525
521
964
886
352
384
898
81
502
919
997
679
567
181
443
252
814
891
145
52
783
488
558
632
71
852
496
381
69
191
584
211
883
155
7
967
128
394
243
93
851
762
617
572
318
405
952
298
478
877
353
598
812
22
722
138
891
593
879
705
224
790
228
884
930
881
781
594
217
927
443
112
141
775
116
140
309
617
901
444
909
359
877
54
553
913
901
827
305
862
616
410
667
306
342
692
439
981
474
943
275
247
223
987
231
795
720
411
128
660
757
829
855
508
633
684
929
345
897
483
789
40
936
701
232
819
98
576
148
334
502
937
625
199
848
521
56
701
883
658
144
977
360
650
160
176
534
407
967
20
620
952
450
649
694
13
503
878
381
902
182
108
941
505
764
428
249
808
467
286
5
817
207
886
680
490
49
220
386
318
833
381
728
870
917
246
324
260
807
182
698
618
891
304
761
102
625
110
326
742
441
950
777
992
689
735
594
283
403
900
704
390
11
760
735
263
865
947
710
648
975
794
86
5
901
51
833
633
442
19
849
706
775
987
874
859
378
357
126
598
476
901
240
82
471
619
23
466
282
254
642
587
639
690
372
580
298
840
427
180
947
703
52
498
763
213
405
317
179
579
131
566
82
90
188
768
753
178
78
491
431
470
977
604
247
159
335
529
175
915
430
803
177
94
494
435
83
464
608
829
424
163
121
257
386
593
127
874
362
995
187
239
512
705
370
126
191
597
424
80
555
639
971
835
125
44
944
173
458
962
420
287
504
269
382
751
469
309
819
724
725
436
264
72
268
366
474
180
130
679
524
339
712
607
606
981
792
465
132
104
25
127
603
518
585
911
882
969
718
825
640
124
58
905
9
418
348
423
707
711
848
165
499
344
892
745
677
798
746
810
591
681
462
887
626
568
203
105
257
32
978
339
978
125
280
243
623
81
765
544
294
448
589
717
287
132
514
171
100
914
3
19
94
252
902
241
827
852
402
677
997
851
52
199
388
197
134
953
626
619
967
440
613
814
109
443
93
792
954
765
61
701
107
378
352
150
483
132
172
74
797
266
581
507
385
627
984
687
952
723
99
812
468
518
497
604
661
486
300
872
932
12
362
961
82
908
500
619
790
260
664
557
377
491
245
608
700
392
700
710
281
255
867
996
592
501
400
315
743
30
952
347
444
929
784
52
363
168
604
396
465
461
574
743
383
604
728
606
903
15
1000
468
196
386
422
628
795
453
695
533
372
479
790
329
669
263
501
990
711
771
84
633
108
174
388
387
211
187
177
304
278
143
956
197
870
669
190
640
909
570
596
381
951
892
224
311
202
356
93
79
925
208
174
108
627
390
334
180
499
293
427
833
354
193
224
357
622
489
653
860
876
991
226
867
790
915
860
668
263
399
941
915
746
842
358
376
248
402
895
598
961
563
85
843
114
804
60
297
33
478
608
382
396
87
166
937
369
580
227
702
57
939
479
859
609
93
940
948
859
627
646
766
846
854
318
344
859
499
158
874
407
960
492
553
956
313
298
812
378
525
693
728
142
284
901
111
420
167
889
572
85
438
484
75
586
258
646
5
43
253
515
724
361
463
656
105
298
948
839
433
721
733
361
247
782
295
577
84
754
960
70
274
712
855
256
893
563
230
250
741
567
613
385
361
159
153
442
223
638
877
972
927
300
623
664
352
662
420
252
283
32
949
780
779
89
542
138
142
717
126
413
15
604
243
960
460
269
887
483
412
347
576
891
16
173
387
410
320
753
344
908
982
94
937
81
758
332
242
380
127
507
820
409
694
101
151
377
470
834
583
298
356
388
560
886
557
207
500
219
895
936
218
289
675
581
305
275
364
203
538
949
533
742
381
342
538
220
467
941
224
914
945
187
793
835
953
953
910
666
745
780
566
347
13
195
143
494
860
917
932
327
512
145
506
661
406
250
508
433
180
992
127
973
107
525
89
748
733
410
920
5
355
272
460
405
294
429
987
711
372
883
901
304
511
594
729
201
423
429
167
55
903
320
673
612
859
502
526
222
954
317
296
777
693
926
699
18
994
475
462
524
205
720
371
535
920
939
293
846
254
50
562
89
533
981
773
686
486
537
306
660
265
786
180
26
72
983
676
287
186
820
885
639
758
674
332
948
124
904
349
751
184
171
503
113
654
703
810
492
826
461
974
318
979
291
570
349
358
399
534
286
901
331
989
318
914
919
797
458
547
293
78
845
928
471
884
591
485
823
287
211
671
897
107
552
365
143
854
667
195
524
186
515
122
765
740
680
474
420
783
270
146
553
9
776
390
216
610
424
399
867
971
604
626
788
857
392
519
192
768
490
836
731
346
496
628
426
859
296
93
86
855
837
381
509
771
440
955
426
533
717
59
851
431
423
856
178
595
640
178
935
820
405
377
995
752
672
472
21
171
644
600
479
328
316
655
876
653
959
813
654
258
582
437
0
388
592
350
590
565
971
641
792
478
410
229
174
310
876
503
941
319
682
22
46
470
181
634
518
472
378
761
480
826
466
609
319
823
971
808
746
794
384
742
872
820
375
486
919
290
664
568
309
145
188
207
705
232
205
191
896
642
39
781
416
65
36
870
571
6
740
967
156
165
267
199
733
649
474
687
51
236
191
256
399
192
746
891
330
368
991
164
305
183
162
772
54
90
277
548
978
617
363
705
337
542
275
794
540
946
948
185
640
606
322
518
854
636
902
980
919
32
928
95
304
639
152
865
477
968
950
58
151
437
388
579
279
530
161
168
427
582
623
844
980
760
692
624
354
637
532
391
980
626
522
476
255
408
744
47
155
185
130
940
99
208
228
420
531
521
499
392
261
563
331
713
800
183
18
580
588
184
924
58
148
222
844
586
748
182
858
61
762
620
866
331
900
760
605
870
951
3
175
197
202
797
978
950
110
278
899
462
326
173
824
381
869
76
721
607
836
222
290
731
520
544
278
986
953
425
438
369
585
759
640
131
293
387
183
394
843
107
603
943
829
506
814
46
718
799
836
215
270
663
654
839
385
878
273
263
366
99
489
129
932
100
47
891
815
833
139
798
27
619
990
717
489
32
302
553
735
990
556
335
988
402
656
627
165
533
54
263
466
688
127
878
404
553
408
217
624
816
461
176
566
665
703
603
192
878
452
40
572
677
99
912
346
747
206
855
745
775
213
486
428
812
622
289
950
644
649
1
172
134
154
453
591
15
823
130
391
913
156
394
237
541
891
333
203
559
673
505
753
273
155
248
848
181
202
929
376
868
821
994
153
309
116
428
860
240
324
892
793
354
386
285
826
486
784
472
488
952
680
418
646
342
419
104
411
760
792
997
390
263
330
665
49
671
660
84
82
237
182
556
392
815
531
469
81
135
401
92
118
174
995
578
634
110
612
243
340
388
378
10
363
126
137
224
708
348
127
127
969
973
168
199
502
24
190
690
564
27
37
77
840
445
337
505
900
42
410
477
389
854
635
659
972
488
950
741
660
104
413
994
240
216
746
776
866
53
409
700
981
550
564
404
696
997
500
602
511
208
538
804
533
545
1000
174
486
921
652
266
66
735
26
113
614
80
896
90
229
512
268
168
229
72
270
229
585
865
910
921
943
76
656
19
452
485
261
561
536
518
694
958
724
696
340
738
499
846
948
47
748
340
146
514
603
482
316
923
288
148
455
788
786
691
709
335
411
225
111
449
22
296
522
432
606
780
498
53
435
305
361
717
166
238
413
380
908
682
246
852
641
376
856
23
298
606
9
786
75
880
721
540
841
300
79
69
942
836
151
7
593
509
463
704
923
177
105
697
357
718
306
162
928
682
334
452
648
125
224
626
372
215
250
695
160
285
45
936
135
346
272
446
726
108
259
480
115
924
585
770
426
929
31
562
883
565
782
240
624
414
983
897
575
802
644
444
792
342
527
19
346
145
544
679
947
888
644
474
15
756
638
257
954
95
110
469
946
910
777
134
84
789
243
420
936
919
160
678
692
240
685
250
391
392
684
989
698
437
396
333
495
116
917
925
94
545
633
273
908
40
926
844
490
447
617
179
709
991
325
738
560
987
114
426
788
577
867
529
893
250
616
595
345
827
641
999
512
215
894
414
434
695
638
733
130
274
96
941
880
665
942
88
108
237
811
263
804
996
384
880
365
665
791
292
137
254
91
167
171
669
132
925
882
753
831
333
799
15
56
59
260
877
662
38
285
730
129
826
174
58
476
823
547
390
354
803
574
8
414
970
350
587
474
899
692
773
536
207
137
21
178
745
930
133
51
773
437
173
310
150
903
803
777
759
353
708
863
883
666
885
926
730
962
913
742
584
204
138
682
947
247
548
12
939
533
146
819
349
834
34
590
422
590
874
903
967
408
560
339
150
663
452
502
365
605
522
72
694
450
785
455
726
241
767
98
557
620
270
922
511
823
310
466
11
814
119
182
891
361
315
423
552
531
254
193
898
338
633
776
341
810
5
122
202
462
559
282
878
482
548
930
810
500
86
432
505
167
140
87
272
702
518
453
805
747
934
787
402
640
665
156
662
113
391
339
799
523
380
219
951
120
966
440
30
812
823
794
432
585
992
142
918
595
276
580
817
405
527
777
455
490
861
143
369
444
984
501
413
713
246
797
177
920
485
741
679
895
166
535
193
19
518
596
6
306
522
566
365
370
194
320
156
427
991
588
280
593
300
863
458
270
425
542
922
534
948
92
818
620
801
480
88
13
833
740
543
362
898
881
664
150
362
631
77
510
992
180
964
1000
694
724
38
811
345
142
419
388
906
939
592
731
576
398
39
624
874
88
511
415
197
957
508
639
63
305
411
114
623
879
280
627
801
740
183
421
0
138
284
311
519
247
53
956
848
445
948
130
310
932
664
912
186
95
527
98
479
668
397
689
921
756
232
715
721
889
232
323
836
134
659
763
190
307
360
917
545
155
726
908
842
359
30
300
145
582
122
567
589
882
532
771
375
35
43
467
643
774
50
598
73
671
48
743
916
361
610
518
832
942
956
235
523
171
599
96
807
6
23
664
709
617
587
544
694
855
514
639
791
739
429
283
358
593
31
371
837
101
773
970
980
189
827
447
629
637
652
297
549
106
230
901
975
882
411
204
886
342
277
489
256
328
492
84
170
771
569
584
469
412
544
328
784
798
519
58
545
504
186
219
512
78
287
367
83
407
966
256
702
77
501
181
181
491
715
128
545
262
15
12
894
785
856
474
205
430
28
246
974
943
513
784
650
662
783
271
730
40
322
160
601
890
578
825
128
618
255
266
945
839
17
787
171
93
262
525
232
767
247
12
910
540
707
632
819
715
467
957
633
867
903
284
947
787
98
136
337
537
274
314
411
412
274
234
914
77
984
998
811
521
319
840
253
432
542
367
294
805
639
462
791
791
47
666
227
901
476
831
2
863
381
416
146
652
194
770
403
117
88
656
560
730
88
364
479
387
3
736
183
727
683
45
57
375
569
804
219
566
552
799
812
585
383
947
697
699
538
346
259
114
441
936
22
697
79
748
585
876
520
733
241
369
556
59
68
766
587
611
544
733
213
496
908
228
337
730
446
148
241
74
537
890
19
107
781
834
48
14
927
858
224
127
834
126
424
624
120
903
39
764
238
406
356
650
520
603
337
616
272
815
257
378
343
90
145
454
90
856
88
936
457
763
408
649
476
592
119
303
784
740
565
774
904
544
302
302
820
872
919
295
867
867
680
826
957
552
118
356
345
781
970
436
350
70
292
241
815
281
294
496
932
618
385
576
652
55
227
384
994
798
281
509
881
213
475
937
40
150
115
234
698
589
459
162
408
515
670
65
576
703
283
574
902
767
309
174
862
145
701
119
9
802
914
669
371
518
111
806
553
542
652
284
408
665
164
404
331
23
695
202
459
917
586
114
763
335
573
699
501
761
624
138
820
143
742
888
931
274
276
867
749
222
875
57
597
584
669
799
866
472
845
693
174
521
122
766
384
913
770
426
483
540
214
948
46
655
259
625
683
608
9
464
627
352
214
983
7
44
210
25
873
186
389
504
758
743
798
462
240
455
658
39
611
933
551
626
680
264
900
503
457
191
813
394
715
765
196
505
691
92
771
194
671
762
38
510
262
669
56
50
227
260
4
41
84
868
228
319
784
360
395
792
471
675
632
470
53
647
453
430
728
333
60
310
563
710
515
37
912
854
108
376
984
520
971
594
925
544
283
65
636
556
47
927
21
637
409
700
961
311
642
178
606
156
195
394
530
485
290
824
718
146
285
42
375
285
569
60
839
353
765
31
137
505
166
144
105
401
895
680
631
175
241
846
777
44
172
600
430
593
230
638
863
814
77
81
253
656
528
243
55
0
891
833
874
474
94
543
972
674
657
10
343
397
519
148
528
138
4
676
503
704
346
441
984
369
396
159
359
884
151
506
57
850
909
306
694
838
411
751
40
135
991
39
816
182
700
420
277
229
938
372
607
528
790
200
116
713
427
702
255
87
851
67
941
590
448
658
817
228
260
875
13
64
968
310
228
792
6
91
434
890
987
312
632
797
804
580
684
400
679
567
76
129
657
356
54
531
973
691
175
7
555
165
357
732
421
455
713
667
753
179
964
100
315
377
746
583
81
417
473
710
571
292
289
538
235
413
160
96
0
898
757
833
391
628
692
526
723
568
694
581
450
929
973
725
359
476
678
371
299
931
600
109
465
694
653
159
755
57
834
6
944
794
138
630
59
723
816
288
654
81
676
181
690
160
905
234
446
76
880
560
11
790
404
430
322
507
931
225
79
435
913
781
660
638
40
89
878
105
310
920
609
365
810
26
3
646
842
211
370
191
407
34
232
13
437
45
54
776
777
350
779
441
839
34
686
740
741
953
918
364
31
422
762
438
975
664
502
119
329
322
798
53
202
971
324
62
918
569
925
492
871
332
972
774
964
312
458
146
993
744
120
69
959
513
543
94
274
460
383
373
162
2
595
315
948
369
294
290
652
109
26
337
981
187
56
338
387
181
982
138
925
887
293
702
537
242
13
617
734
935
941
40
19
904
723
382
853
971
938
206
227
637
718
482
394
768
642
801
73
980
128
805
722
947
873
880
599
310
341
632
194
404
620
879
998
480
748
219
359
582
859
544
314
764
314
266
173
777
690
273
411
852
40
58
612
528
280
245
923
602
681
155
137
465
896
160
672
633
850
286
619
786
748
768
830
353
868
674
137
308
7
331
468
520
205
951
118
151
136
756
827
445
793
513
663
420
78
797
374
367
900
903
499
869
771
203
610
879
868
410
637
587
467
623
640
755
859
972
947
994
29
347
665
83
333
142
611
906
192
335
788
387
218
124
220
441
117
738
386
720
139
391
248
516
666
340
366
76
972
945
592
646
515
846
571
2
112
263
176
393
992
681
278
43
203
517
5
447
891
481
137
0
209
292
117
391
606
863
511
38
914
576
872
251
251
749
601
895
141
633
479
531
731
199
201
858
991
954
417
438
953
801
987
255
215
165
602
282
251
445
801
42
822
704
439
806
712
558
310
381
670
390
890
507
624
373
810
297
262
795
404
157
169
170
113
536
439
639
743
13
711
963
874
792
111
378
473
492
206
619
257
824
900
556
776
620
325
990
583
271
146
792
119
800
555
393
875
518
606
297
861
751
234
305
872
665
379
679
692
677
230
163
326
939
939
952
10
609
270
778
812
582
248
920
713
231
56
902
682
166
674
431
732
36
273
710
747
994
81
877
177
359
164
142
829
540
164
416
414
717
546
553
988
821
420
223
950
498
293
373
232
601
67
436
224
664
477
470
490
257
346
743
907
125
362
643
307
923
506
334
192
190
682
430
517
518
22
322
57
93
704
176
744
681
602
965
308
913
162
256
97
686
451
830
56
500
247
397
413
754
760
814
289
20
151
132
60
950
815
627
595
391
564
258
81
84
791
608
632
944
773
913
500
430
891
982
866
485
914
603
301
20
352
744
562
361
991
588
294
960
294
885
542
54
626
638
529
983
700
930
699
93
453
247
403
996
970
475
423
692
967
167
601
528
336
616
990
101
723
589
398
359
700
279
258
45
463
556
565
723
305
906
38
476
801
613
814
135
823
87
151
658
106
417
978
529
302
506
471
963
144
368
275
311
104
310
923
800
635
715
523
356
453
451
251
809
560
938
85
247
277
61
338
610
950
466
550
331
954
583
124
562
343
961
534
646
820
94
100
464
620
316
325
493
499
882
156
30
226
763
249
548
698
801
553
596
771
460
224
430
257
726
216
81
90
377
874
915
857
293
478
270
229
941
676
107
805
273
134
268
79
823
832
787
580
860
269
674
71
840
455
731
527
388
216
411
701
902
789
208
905
312
751
433
138
843
901
772
173
880
726
820
341
281
888
813
28
503
745
819
685
122
428
322
945
799
978
615
204
422
725
212
715
398
230
723
327
191
603
750
443
252
884
112
315
799
964
683
656
918
982
323
636
304
798
288
127
813
303
570
40
961
705
607
950
126
940
437
784
972
747
906
366
133
328
967
252
147
711
836
559
40
538
242
553
205
877
122
115
381
72
40
917
817
733
366
229
240
595
672
280
868
446
696
28
338
673
39
511
959
319
621
515
512
609
987
387
500
587
970
219
366
660
259
720
526
200
821
546
249
746
843
802
551
11
340
879
752
300
826
950
927
3
408
316
327
805
951
727
833
142
170
212
72
844
760
300
901
968
379
377
525
691
875
40
991
92
595
54
178
710
573
90
459
453
752
903
942
124
579
75
545
164
219
318
5
427
854
8
440
67
910
334
275
633
184
87
687
197
402
974
700
350
857
100
665
959
7
865
339
734
506
136
726
145
121
879
764
645
387
262
377
268
510
919
995
651
134
550
902
220
765
744
769
901
823
518
692
712
276
335
260
642
495
556
816
887
134
704
401
412
337
659
788
312
782
701
136
275
741
822
271
536
500
212
822
908
820
78
891
955
467
506
819
974
226
885
696
68
41
601
609
364
631
361
981
776
252
847
120
781
219
420
696
76
344
240
598
169
340
892
977
128
56
254
330
982
264
460
191
413
273
60
893
8
85
8
31
430
995
804
845
708
624
802
242
780
96
683
798
634
74
950
826
85
732
482
851
866
216
796
264
124
906
434
199
212
481
53
330
322
190
396
982
962
667
437
890
95
789
321
405
287
662
885
621
702
449
469
504
563
150
708
66
750
430
119
722
242
179
903
574
46
318
9
710
302
251
139
550
137
545
174
601
739
572
161
32
610
459
584
490
530
604
218
487
19
209
594
350
407
899
790
753
290
413
359
498
785
963
743
662
732
602
324
109
952
601
114
415
63
341
866
506
80
425
379
666
433
520
63
85
184
844
326
900
87
5
80
454
366
54
149
457
578
674
384
242
353
427
592
360
648
936
818
714
33
203
415
716
197
287
931
514
442
969
167
200
973
875
568
680
745
165
686
217
818
176
932
941
601
988
472
912
640
549
904
162
844
952
248
452
681
349
788
751
412
159
447
303
323
270
715
183
291
499
312
633
237
906
391
864
845
926
265
125
872
71
922
538
468
196
484
926
116
367
777
527
966
598
799
693
151
542
668
149
705
183
803
854
341
53
749
907
838
438
66
539
384
652
811
480
410
60
502
205
434
583
587
687
224
64
662
342
983
910
43
783
12
813
45
468
186
740
464
687
83
612
598
88
549
622
16
465
490
226
520
618
557
668
613
243
495
876
924
569
356
257
854
679
313
407
448
944
301
748
679
528
301
733
14
550
908
600
878
401
530
99
612
530
879
40
555
220
947
147
556
169
844
524
84
720
900
46
6
124
424
383
766
226
102
426
379
944
311
476
533
452
65
339
215
178
438
888
455
327
148
488
837
388
159
874
212
95
132
268
26
408
650
818
29
958
470
878
219
551
156
128
633
814
454
718
471
337
905
765
722
338
504
600
529
2
998
571
549
720
298
526
977
380
227
207
761
576
790
622
290
963
175
221
222
121
532
930
510
707
227
140
478
890
800
187
50
695
8
535
910
718
259
434
977
634
197
537
186
594
430
156
755
712
506
45
465
45
582
91
325
940
30
464
866
675
627
113
168
987
216
377
747
258
674
483
411
985
74
416
503
64
475
841
62
880
67
908
681
94
238
597
406
73
676
75
500
467
618
309
203
150
127
319
203
30
226
356
880
986
653
529
361
487
238
779
491
13
867
513
49
455
532
488
654
649
181
880
981
66
98
342
729
269
393
906
117
219
470
273
573
955
266
569
290
313
549
264
41
988
0
237
912
631
907
221
195
814
898
733
803
997
976
78
920
280
803
725
245
545
803
44
70
841
677
830
519
960
201
298
969
328
516
119
448
882
27
900
666
490
44
712
731
925
701
669
912
869
288
524
959
726
525
320
527
315
838
270
32
248
704
695
85
284
73
140
387
359
950
217
199
115
654
899
95
282
935
462
590
97
194
652
847
60
404
946
99
579
62
883
671
912
447
375
505
141
463
501
796
825
246
103
513
429
435
176
827
773
212
994
452
872
873
542
328
222
550
990
633
389
810
36
955
890
21
601
660
828
583
440
594
652
477
176
224
832
661
853
128
344
855
984
26
182
536
715
899
796
565
851
507
606
825
380
464
704
140
517
82
830
689
986
15
272
710
470
663
162
172
350
590
421
424
576
381
691
91
578
435
723
961
862
791
189
508
488
834
937
622
771
425
442
483
1
363
902
832
92
857
988
616
640
699
755
855
534
464
143
731
807
869
992
892
812
666
38
450
681
832
148
538
219
37
844
863
173
802
90
176
398
218
60
177
338
599
945
837
31
226
207
5
629
743
438
81
645
892
634
780
639
106
344
80
406
199
407
941
209
158
871
400
721
473
714
256
307
113
447
919
873
364
214
456
704
418
917
901
984
318
155
297
477
182
197
204
26
27
36
956
53
236
73
713
632
149
268
71
769
918
977
833
249
867
865
971
784
831
408
698
119
210
215
387
303
105
398
398
182
839
416
530
79
199
284
616
867
70
575
197
580
968
280
266
288
73
247
99
621
133
884
617
591
728
670
405
340
906
674
221
544
201
88
551
127
154
978
322
222
626
690
983
229
374
984
900
172
694
592
589
948
854
821
792
112
385
155
943
745
346
271
87
432
470
555
295
842
201
304
807
803
670
828
657
260
110
589
319
438
540
624
483
825
320
577
598
61
180
804
457
549
94
227
710
703
735
915
534
254
436
578
797
395
445
133
490
990
485
102
93
542
208
178
300
532
108
426
323
719
54
317
96
207
584
15
521
977
731
506
735
172
953
39
599
71
656
200
783
672
991
850
92
410
670
805
993
402
308
948
669
206
969
93
895
453
96
820
247
716
397
158
874
515
943
907
456
650
146
963
283
742
729
801
66
314
672
733
235
746
317
739
327
665
135
479
939
498
163
97
725
694
558
85
139
996
692
715
954
742
8
177
291
94
368
406
328
974
922
313
738
992
81
946
534
190
659
974
396
612
960
248
691
736
913
239
452
792
156
94
263
719
868
368
350
751
285
531
961
703
819
169
933
797
438
13
641
471
186
11
530
198
791
887
703
839
844
382
725
816
705
449
410
766
992
227
725
252
437
740
543
569
39
332
755
262
113
26
560
433
567
559
733
365
985
202
108
58
776
714
797
211
227
73
367
470
85
26
854
37
574
670
536
443
847
607
271
133
338
154
259
41
865
753
37
717
510
574
63
422
137
426
541
437
287
200
322
65
660
967
196
325
841
211
403
709
229
648
117
77
435
112
456
81
692
170
871
945
420
227
508
267
791
569
117
70
599
531
703
876
700
870
988
183
840
459
367
943
473
410
223
43
297
67
584
846
182
934
660
75
113
411
654
280
279
110
596
309
429
560
514
205
286
344
12
745
424
685
827
106
292
857
495
479
15
455
560
198
857
55
770
900
39
499
923
640
671
589
527
746
274
684
707
17
577
368
354
992
700
611
723
582
225
538
108
677
650
536
384
920
47
805
937
27
445
470
223
923
923
116
349
966
216
882
844
9
305
385
662
474
938
447
448
983
344
22
921
720
562
850
460
981
955
474
518
736
698
546
227
543
382
750
525
428
820
434
92
401
311
133
317
313
201
634
804
352
940
300
476
247
539
523
454
926
86
140
605
529
486
184
132
59
354
696
360
359
905
542
740
990
368
346
249
573
571
830
312
764
216
653
234
436
818
359
199
140
818
904
654
776
629
533
545
924
237
1
792
718
231
772
75
809
791
637
844
441
14
178
870
853
591
614
753
670
120
139
988
597
195
394
608
456
270
310
537
301
238
563
763
905
724
437
174
311
131
537
380
591
342
739
456
84
744
234
987
524
136
197
810
863
880
506
865
82
173
588
253
578
522
635
553
371
822
285
880
67
323
793
475
362
714
5
468
791
527
933
673
158
452
23
252
266
986
939
552
996
409
456
469
257
661
418
13
833
607
983
321
695
90
617
798
588
442
539
518
507
389
132
604
524
130
24
130
470
932
668
346
395
698
769
568
466
61
285
273
375
458
614
667
994
183
197
491
178
240
530
924
295
186
624
17
461
111
929
738
195
435
853
477
10
877
507
206
733
801
408
19
773
15
868
341
297
580
22
285
224
970
581
361
134
158
269
39
818
467
67
417
382
276
251
83
358
757
402
454
310
185
959
1000
516
640
186
698
280
606
298
973
189
597
302
982
810
966
557
590
830
253
1000
570
824
139
517
347
240
23
885
173
547
98
715
853
349
843
150
647
517
931
480
27
54
110
56
434
948
734
144
832
270
732
812
565
79
125
754
995
900
864
49
754
956
631
946
361
183
483
55
805
401
543
717
528
860
198
742
498
473
670
148
468
829
852
412
67
286
660
29
439
954
797
143
545
891
500
930
13
786
608
87
696
168
854
770
458
953
438
995
309
439
577
289
835
819
913
546
136
1000
160
74
668
304
386
602
414
487
747
157
247
550
819
480
941
391
549
63
454
11
160
771
872
706
544
163
365
455
26
144
196
334
42
294
522
365
995
1
104
189
882
747
797
618
816
36
847
377
229
274
533
683
846
341
594
415
216
300
254
800
918
390
960
357
475
805
675
398
58
710
31
621
288
322
440
186
255
656
76
313
10
481
26
809
187
485
361
307
920
993
73
988
927
892
462
318
498
780
681
421
485
903
512
266
973
946
478
912
336
248
727
950
564
537
798
723
726
323
662
809
651
486
536
653
386
146
963
849
475
163
189
318
541
1000
804
630
816
340
743
494
536
310
494
58
18
66
338
563
139
627
406
519
404
425
327
221
796
383
172
842
687
213
170
444
892
336
372
33
861
179
280
994
730
187
228
484
839
388
15
244
133
73
435
126
776
261
37
61
91
221
239
762
193
376
115
549
109
396
523
931
415
55
153
369
685
402
969
878
147
331
903
552
734
384
276
677
489
121
897
415
229
805
441
417
872
730
891
660
381
106
466
571
900
193
816
620
482
344
317
130
479
787
796
994
984
665
979
475
211
140
422
496
9
21
458
244
624
423
29
595
211
354
614
8
633
39
487
859
303
834
568
639
520
850
881
404
413
572
657
260
292
557
818
673
830
962
593
23
696
458
473
736
504
110
144
330
184
930
709
708
250
933
401
248
740
445
392
338
672
531
956
195
271
392
229
264
146
723
789
783
900
345
937
533
425
114
489
415
190
683
802
207
797
480
934
406
93
928
756
277
233
102
777
84
796
153
892
321
120
892
298
154
247
479
833
600
542
510
320
933
416
642
940
810
624
596
625
638
730
777
51
54
704
210
712
729
308
846
373
606
788
785
702
234
347
992
588
532
831
591
992
257
615
348
438
502
522
196
208
267
649
311
17
169
554
218
893
703
85
998
523
533
804
274
673
276
191
688
98
994
821
403
770
631
202
923
859
803
419
903
207
671
857
938
716
696
961
495
424
827
539
852
65
700
460
138
312
459
80
407
550
952
660
954
93
807
459
136
387
902
411
351
624
405
280
424
927
236
668
494
130
536
398
75
574
746
956
299
61
56
41
760
796
364
783
331
599
656
613
380
504
735
923
99
129
805
309
46
598
455
914
268
146
465
502
882
703
835
65
409
442
386
130
665
230
821
773
199
502
667
181
766
256
701
798
952
44
981
147
985
248
836
160
909
853
272
21
62
710
346
834
203
801
457
72
159
752
759
332
263
270
354
301
44
860
316
738
540
960
600
415
150
325
128
659
438
190
421
339
71
940
534
414
214
642
451
345
448
962
573
931
164
132
653
432
417
739
291
329
956
230
408
981
803
36
317
920
429
43
779
378
63
828
237
996
562
650
33
117
996
965
99
757
577
677
128
377
61
712
23
928
71
417
832
141
305
140
443
166
591
251
51
446
470
875
723
775
301
0
445
339
153
717
444
673
891
380
996
392
479
377
565
134
267
124
665
753
136
562
624
419
135
228
368
915
742
608
825
143
800
417
516
539
529
3
55
325
47
843
342
968
505
455
541
392
405
237
75
101
828
901
49
366
765
442
415
298
517
824
577
429
264
633
677
794
641
294
244
38
480
904
316
738
457
121
773
207
802
163
37
278
848
17
26
749
88
135
137
331
830
168
378
819
2
405
868
741
246
989
199
410
993
813
810
347
15
758
82
333
425
181
63
54
315
864
724
617
237
864
357
5
67
311
54
157
632
843
725
501
298
455
567
963
790
750
881
475
661
485
305
32
544
958
195
746
766
432
824
421
767
582
87
798
168
184
66
468
612
324
747
559
902
373
853
684
630
135
754
672
389
789
253
365
786
286
375
560
497
608
993
165
684
108
356
605
301
334
931
207
46
265
926
505
371
438
42
208
954
509
761
40
775
246
882
279
896
667
708
420
916
678
272
652
788
120
621
168
453
689
184
718
183
667
330
910
475
533
21
848
366
30
583
370
400
266
527
908
375
168
240
714
851
158
957
753
321
667
542
114
736
583
296
818
796
862
726
984
358
697
949
444
433
710
136
176
237
433
480
13
8
219
811
163
476
349
246
343
268
852
407
966
379
363
708
630
5
4
901
909
189
962
436
219
272
564
700
57
708
366
876
373
921
875
477
875
741
827
268
188
540
862
887
731
151
580
782
337
594
254
808
179
178
584
282
62
956
508
398
342
998
318
694
903
895
228
806
400
440
769
265
224
302
616
651
600
543
329
865
909
402
34
758
57
898
558
908
257
744
900
133
618
475
396
214
53
349
669
684
76
50
931
659
353
139
837
334
36
335
919
981
218
937
903
962
758
484
540
719
975
67
868
718
50
211
558
192
558
297
443
819
206
382
938
220
571
138
537
223
171
281
37
539
942
453
1
667
876
216
63
834
76
76
831
172
138
628
4
724
927
841
546
824
32
798
88
845
12
636
627
267
868
499
271
750
282
670
121
279
686
766
246
492
61
442
336
844
401
208
345
208
801
133
192
617
200
928
79
910
369
243
16
572
335
676
216
328
705
953
527
424
94
951
469
629
787
16
383
453
473
467
99
611
242
679
672
698
751
891
675
541
708
106
748
219
739
684
881
552
51
822
552
219
811
927
808
253
282
325
886
241
321
809
15
835
224
349
586
502
738
642
281
836
57
88
712
907
381
369
324
692
163
604
391
411
808
388
74
647
410
15
398
529
248
46
875
815
72
246
548
387
135
195
264
721
833
906
97
595
26
396
744
938
538
50
325
340
152
119
518
183
548
930
703
399
807
94
832
456
127
154
778
490
595
402
843
111
806
527
490
50
632
456
110
969
937
951
292
256
144
852
294
565
598
576
334
257
241
969
266
130
13
581
480
413
226
545
189
503
579
588
598
194
362
146
210
650
583
356
903
301
26
52
837
838
259
590
585
823
601
817
708
951
623
892
528
845
915
967
963
214
582
142
125
332
546
192
411
430
49
938
670
220
776
329
929
987
304
884
701
327
283
884
201
530
830
357
905
895
148
551
26
594
47
886
342
19
78
102
898
753
68
332
746
952
889
817
724
990
948
434
772
643
51
659
357
151
209
708
471
577
126
631
791
797
599
841
762
872
283
722
997
214
152
974
622
410
182
426
255
176
133
865
227
853
717
619
603
831
410
397
321
384
303
632
246
972
536
330
69
115
738
13
512
848
640
954
275
632
946
338
703
533
566
851
526
756
938
150
492
74
766
619
487
482
61
380
288
167
243
186
410
803
204
958
121
858
824
339
276
139
163
72
664
542
678
824
279
761
990
267
779
220
258
131
838
164
82
505
530
180
869
513
489
842
29
325
697
922
161
61
518
307
188
208
216
760
649
169
911
269
146
180
384
800
44
663
62
90
906
556
782
185
580
481
149
11
172
282
407
133
102
92
943
71
988
76
635
362
99
71
262
111
249
643
747
771
453
125
470
470
13
785
32
819
634
831
962
646
948
509
461
49
612
463
637
658
606
179
176
900
970
463
247
169
367
832
437
237
420
875
482
298
32
566
194
581
666
166
14
679
27
591
310
955
715
801
730
992
356
32
468
138
117
585
248
72
644
775
814
877
387
912
483
183
709
852
499
137
482
331
964
828
185
489
624
178
459
666
689
949
96
678
868
789
331
968
40
566
245
415
421
826
467
214
595
457
276
726
984
201
19
989
170
948
219
374
573
741
425
124
301
938
41
296
407
590
855
732
356
437
933
615
347
897
502
632
408
725
964
983
496
918
837
37
567
838
246
473
480
814
448
437
517
614
532
794
3
384
292
518
428
472
36
27
22
413
361
496
664
692
928
868
368
827
64
439
336
739
473
76
4
20
593
305
93
182
855
986
43
423
264
488
27
303
270
479
723
932
244
176
755
845
95
848
578
300
718
572
384
820
562
835
559
670
364
715
190
817
10
712
670
884
13
722
146
537
653
451
542
780
666
846
405
521
382
870
499
576
780
886
820
30
10
464
957
794
950
578
303
10
281
458
196
385
511
880
813
603
925
720
414
771
453
980
704
669
871
869
987
505
620
750
254
431
248
506
463
104
676
831
390
495
763
507
115
800
980
339
702
1000
290
882
887
239
495
421
541
281
713
82
488
166
753
605
868
252
5
3
417
951
25
383
636
152
483
323
68
428
549
312
641
252
949
120
153
504
549
914
175
224
933
632
868
99
697
856
694
282
610
547
232
1000
320
717
521
810
465
856
210
437
813
167
810
674
479
287
680
390
468
440
298
450
102
962
246
895
449
958
130
673
818
75
415
547
535
957
539
422
205
148
26
552
400
85
645
27
541
420
425
179
24
202
864
176
289
155
811
657
295
674
34
471
49
888
674
816
371
508
985
108
331
322
216
532
610
496
696
419
230
674
803
957
875
133
566
586
683
559
150
672
847
960
221
55
695
245
739
627
448
358
489
740
366
559
52
999
609
501
525
157
911
80
274
967
804
345
100
170
947
986
50
598
777
13
623
968
859
481
28
373
900
305
205
39
828
110
605
609
657
447
882
102
90
78
359
421
294
443
215
380
466
835
347
641
29
781
485
573
58
26
942
524
822
654
600
575
169
984
883
945
859
135
4
782
688
262
981
669
227
789
66
317
962
431
743
175
890
428
432
842
956
168
436
566
436
282
368
365
135
981
77
454
854
622
157
754
22
788
842
92
933
705
16
815
779
346
287
508
565
112
921
394
141
685
1000
641
188
630
450
611
254
217
936
773
849
448
277
695
767
177
477
732
445
454
906
298
619
665
519
932
825
379
866
863
145
263
725
198
108
809
475
345
397
21
457
59
895
793
257
730
492
942
458
369
978
742
989
132
94
634
174
732
280
610
163
191
269
247
143
28
148
280
759
820
833
524
966
838
76
187
494
948
151
994
473
619
478
887
175
608
458
347
485
141
137
454
863
143
310
277
619
535
744
20
256
989
595
700
14
716
359
574
471
531
974
677
212
524
316
701
371
188
325
643
819
747
799
32
943
373
396
352
867
140
961
172
971
11
90
813
638
667
53
381
274
372
260
95
760
933
146
18
36
983
945
425
110
380
480
700
19
24
981
549
681
383
172
374
364
232
831
122
586
509
700
497
523
506
473
375
62
503
4
639
926
839
226
508
436
941
230
599
556
826
954
374
229
695
847
542
341
608
630
76
374
543
827
390
140
758
110
785
812
69
425
992
822
441
995
622
895
915
319
58
173
460
746
8
255
299
816
843
561
765
165
275
966
361
905
576
366
311
753
343
328
523
427
856
652
871
546
622
471
339
647
86
668
385
19
476
33
608
309
280
385
289
425
964
347
445
672
596
890
421
98
697
435
456
652
186
110
430
268
23
805
343
263
778
630
606
465
306
497
778
686
36
952
83
851
771
181
676
178
917
459
109
234
247
412
693
39
672
556
413
440
231
257
686
934
399
747
277
307
443
659
390
599
939
407
234
764
287
993
595
306
778
182
214
110
250
54
35
676
632
715
211
408
424
471
740
655
389
349
941
630
433
96
210
727
371
206
184
800
642
565
766
369
808
767
993
680
357
718
736
646
189
345
739
394
815
733
829
346
56
971
288
552
290
913
965
671
388
33
718
227
214
477
239
386
621
439
449
923
198
465
443
828
946
168
593
468
660
236
68
761
850
739
878
421
446
294
499
446
387
28
743
439
322
447
445
506
50
127
850
148
950
8
280
595
606
624
851
776
445
652
590
947
738
515
462
589
187
691
485
497
273
54
743
801
519
531
761
879
966
930
446
502
343
437
779
332
771
503
954
563
998
107
375
922
959
398
16
22
558
251
805
18
820
219
229
997
209
450
726
547
949
627
656
985
122
260
307
60
658
604
783
268
884
140
752
924
238
289
543
234
739
609
28
81
689
0
730
159
386
63
588
678
891
117
90
40
487
994
864
149
850
118
273
772
837
673
621
356
115
146
500
796
958
799
824
261
524
130
5
674
252
893
663
811
707
554
733
598
195
665
745
779
887
429
506
277
519
507
988
675
183
767
859
279
134
423
397
257
171
548
753
169
402
510
462
268
328
463
822
379
889
612
257
447
213
971
968
713
147
144
156
719
456
238
233
214
888
366
667
697
929
456
575
973
61
563
92
353
534
691
877
791
316
803
700
789
947
67
623
703
80
192
565
14
926
501
629
192
124
662
502
589
662
307
633
337
993
297
138
185
472
244
916
219
771
986
855
482
806
291
930
541
260
33
969
573
828
565
282
273
178
99
341
162
800
486
41
75
293
230
643
240
505
585
960
757
28
458
969
565
59
516
109
759
257
713
944
223
479
967
309
2
932
252
282
938
242
919
618
537
832
914
29
332
105
547
691
867
971
947
262
842
377
376
175
227
10
521
355
107
805
231
884
534
776
927
224
998
37
749
407
964
924
217
151
685
331
455
884
491
311
159
661
663
238
963
803
335
534
571
48
256
198
666
726
262
869
867
957
367
971
363
792
454
917
751
59
674
672
264
887
294
961
273
837
268
715
39
481
299
45
82
983
849
432
681
567
352
616
206
72
610
355
252
942
339
346
588
475
744
915
373
265
135
167
78
340
994
338
205
944
444
191
137
735
983
517
597
920
995
415
689
283
961
147
492
557
43
412
507
623
185
677
372
845
790
458
829
238
789
12
31
92
804
98
845
935
574
112
532
790
983
156
32
339
161
653
803
817
963
351
719
456
856
483
460
352
317
448
646
546
351
892
186
831
394
498
10
712
841
533
647
159
800
778
368
349
51
907
598
509
82
698
250
388
541
136
382
51
503
315
466
798
331
816
544
78
247
654
14
497
115
439
456
928
784
511
118
95
261
343
32
291
137
878
759
955
613
634
335
640
833
548
279
324
257
917
777
159
211
330
417
699
547
330
235
150
421
60
995
17
863
469
27
990
949
406
619
983
56
215
676
924
885
634
778
622
261
814
752
58
785
440
696
481
847
877
955
189
443
271
785
581
377
496
374
680
793
771
912
175
268
321
369
274
203
846
706
266
739
106
412
910
652
212
339
982
24
567
463
622
346
899
431
15
583
751
421
437
127
810
579
363
48
861
21
553
366
91
703
564
645
918
624
146
331
974
868
830
700
940
586
908
701
337
166
908
530
140
920
102
363
431
236
646
143
568
189
71
402
195
977
934
675
732
286
799
359
768
604
525
414
822
920
957
361
606
406
359
255
666
159
794
684
467
827
996
642
954
275
36
849
177
97
708
268
922
82
18
848
256
562
127
685
597
422
784
304
836
815
297
512
582
26
936
571
225
292
228
631
608
575
729
747
962
506
138
735
802
58
796
557
727
575
758
74
671
385
751
985
242
657
194
514
243
54
288
124
773
474
981
234
479
448
672
83
892
27
751
477
942
470
22
266
683
659
321
734
777
34
625
415
592
794
649
298
434
710
673
57
46
711
375
295
807
920
957
898
822
492
513
703
187
297
683
298
484
339
459
679
415
137
937
911
857
483
865
467
369
490
804
390
693
292
865
906
750
220
957
166
770
416
96
993
649
801
571
942
947
72
942
653
372
583
787
835
227
198
671
664
528
791
928
97
799
813
294
797
967
30
288
564
928
513
188
660
299
534
435
451
903
389
895
778
689
801
559
910
769
674
929
280
792
929
539
56
163
46
858
107
454
220
980
943
266
249
979
425
608
149
277
518
34
151
980
770
258
253
450
207
327
854
299
424
605
711
357
898
62
242
899
676
210
420
733
134
229
545
105
719
694
33
653
596
456
576
551
923
368
650
90
159
88
180
995
470
879
569
56
62
686
952
838
233
807
224
297
109
961
442
462
968
206
738
653
611
73
153
553
881
46
493
964
268
96
136
456
495
430
28
454
373
710
103
738
987
638
364
505
500
261
298
620
44
144
447
656
993
375
445
639
945
443
637
558
589
857
983
336
687
782
22
623
63
462
901
64
367
799
681
381
518
462
679
773
880
705
5
788
367
359
522
119
911
650
299
421
225
871
770
648
649
253
923
659
709
770
672
790
622
307
881
619
100
922
62
130
989
685
572
860
769
90
144
618
706
381
67
837
966
306
257
58
532
662
335
186
920
148
914
304
207
704
629
527
500
78
870
954
88
831
982
566
747
125
577
879
857
64
184
909
42
596
889
41
82
442
477
355
282
395
92
753
5
344
494
294
343
968
510
512
730
724
604
989
614
18
860
669
249
484
225
399
197
312
778
991
371
580
963
670
96
335
976
261
83
879
110
162
65
155
613
238
717
939
653
614
96
562
156
651
313
943
390
526
241
158
277
745
520
359
891
427
802
434
376
216
415
285
527
345
489
201
573
361
879
0
121
119
136
748
580
912
462
741
534
75
770
987
669
138
573
101
186
16
413
403
385
555
665
734
353
707
520
882
472
26
83
235
410
423
497
863
94
517
30
568
996
602
923
570
365
181
215
383
958
104
881
303
199
203
131
387
192
904
627
829
664
486
142
73
453
320
42
725
332
148
849
642
205
33
369
752
507
134
880
573
5
315
986
788
580
983
970
592
715
556
217
180
338
769
735
278
650
661
855
506
826
682
458
736
996
164
345
201
896
233
1
124
388
862
538
421
900
518
414
85
887
332
543
681
284
495
534
965
406
410
456
535
847
34
559
496
598
414
377
596
550
961
536
216
952
665
724
839
900
955
409
241
632
667
440
501
318
372
86
1
352
940
706
306
444
981
853
494
535
477
200
348
923
172
203
266
355
40
539
732
763
514
965
143
942
796
145
784
324
937
60
861
939
824
508
161
224
465
186
438
923
142
797
326
725
381
0
575
627
405
23
960
186
168
693
289
511
509
147
333
701
628
420
807
76
14
463
73
814
995
245
359
925
573
411
949
700
619
122
363
254
625
418
891
835
521
441
288
228
374
581
424
806
629
226
73
938
855
932
204
802
690
607
645
899
566
838
942
779
432
286
98
148
594
580
492
889
608
541
598
557
922
854
955
899
563
260
208
48
289
818
153
655
106
964
790
818
160
67
108
196
992
342
714
720
33
397
678
159
282
407
941
789
517
730
939
56
721
672
127
451
955
785
389
485
910
357
551
732
4
747
427
543
871
939
129
250
4
653
663
473
843
907
130
104
659
900
871
584
418
257
499
698
391
877
965
187
313
528
194
378
278
472
306
89
143
776
551
854
753
411
289
516
463
425
869
349
366
309
594
990
235
383
264
285
44
689
521
342
783
414
632
422
27
672
14
38
748
788
652
900
771
939
569
339
54
169
985
903
306
282
894
401
95
317
696
856
695
875
725
504
107
607
345
751
777
69
194
314
830
744
750
353
365
672
234
186
190
750
4
623
636
957
201
946
595
877
364
8
940
207
302
110
135
262
502
732
211
946
724
122
619
49
546
938
309
739
666
512
706
937
543
445
974
987
48
563
210
884
991
541
374
535
423
225
541
129
291
882
650
64
352
427
942
477
892
634
827
352
748
870
592
462
906
406
483
142
66
163
511
191
299
203
314
189
46
861
650
537
92
575
264
793
150
317
856
669
746
490
999
615
397
870
264
506
53
313
373
664
641
543
922
19
501
266
877
59
702
664
914
185
893
183
968
37
786
913
985
339
72
532
853
440
463
979
295
796
179
644
565
186
283
631
552
471
656
231
780
929
658
451
680
849
933
648
143
38
231
599
89
80
729
559
460
3
798
481
182
845
521
250
272
46
380
379
435
547
812
536
561
68
778
377
502
357
259
200
7
956
225
490
671
867
703
15
696
914
446
835
255
470
266
524
298
895
161
299
463
306
833
707
680
96
389
424
545
494
652
524
688
580
337
380
208
48
554
338
630
811
123
684
666
953
219
443
964
972
705
940
935
634
728
304
87
743
710
448
526
955
273
621
380
814
827
729
625
424
204
735
89
378
636
276
805
177
152
874
14
442
622
878
47
154
444
10
108
540
127
520
201
837
490
707
766
174
479
570
985
267
41
349
707
495
834
533
833
892
122
409
519
395
897
448
397
201
346
620
374
6
477
565
717
719
651
872
665
259
191
962
172
850
955
977
998
268
785
698
178
156
520
584
848
53
49
400
720
329
52
294
375
947
818
343
578
698
697
141
519
37
114
92
655
304
657
467
90
493
125
529
137
93
106
917
937
673
672
698
684
533
57
983
901
18
465
328
646
375
641
624
948
32
825
475
605
599
829
856
959
326
335
459
804
300
386
107
535
277
964
220
866
895
890
683
824
209
18
222
80
805
527
693
975
41
295
404
591
476
854
390
16
34
943
259
862
486
266
849
825
964
650
665
301
121
837
407
178
817
785
726
373
702
810
504
915
12
265
442
773
427
829
959
692
249
711
190
611
2
858
906
540
348
720
880
842
956
89
226
3
178
235
201
892
636
983
734
828
964
919
561
626
320
558
622
670
611
272
36
437
544
204
393
676
9
970
814
785
218
114
890
24
994
489
288
230
325
623
317
113
433
312
357
976
307
547
44
901
727
479
145
552
26
723
354
859
997
46
952
983
367
492
494
254
358
640
758
162
578
255
536
36
256
762
573
328
689
862
448
570
198
841
693
217
550
951
554
530
282
409
51
963
821
509
592
486
591
418
316
338
779
349
800
307
179
629
410
749
577
302
658
275
415
250
812
974
228
162
204
792
327
405
363
888
564
327
854
889
332
884
101
150
18
563
879
959
386
211
375
560
217
672
217
837
880
990
155
683
383
399
958
567
665
893
15
310
427
80
968
821
893
141
669
480
259
94
666
232
898
870
50
228
290
371
56
849
782
756
8
525
290
49
467
800
703
63
530
876
333
142
350
593
332
340
182
41
543
307
505
104
409
599
490
5
318
896
299
682
733
851
871
615
125
658
860
177
356
755
734
886
83
56
764
743
766
615
67
110
926
737
397
246
230
338
46
447
660
810
901
455
919
4
810
741
551
277
228
262
911
451
663
909
754
454
94
577
103
935
458
643
627
294
546
213
635
615
963
674
68
664
109
48
120
608
956
711
118
725
320
62
894
443
979
581
422
136
278
143
458
321
589
697
811
195
61
497
556
836
653
377
694
209
250
527
384
580
154
711
110
6
718
327
412
424
85
321
352
737
581
716
897
276
996
840
727
879
143
512
103
956
750
610
242
989
359
216
409
709
210
661
272
763
480
825
749
571
549
377
801
295
927
852
36
772
960
739
582
568
484
900
696
213
543
596
734
88
845
636
163
109
200
549
464
903
875
461
789
808
321
435
552
139
975
460
305
377
793
382
110
911
69
34
177
167
564
592
912
668
249
608
355
351
376
231
544
963
271
60
249
894
438
108
94
928
36
851
204
591
883
991
712
878
570
649
43
687
558
229
474
10
148
868
19
872
647
441
654
61
614
415
620
696
527
472
369
97
608
179
367
464
63
607
420
951
224
335
390
185
476
885
625
141
175
440
180
790
692
402
139
839
231
808
807
261
405
312
284
82
880
93
31
510
124
896
786
288
608
108
45
412
21
199
129
587
169
687
738
974
627
683
913
308
337
796
152
304
656
169
915
342
411
590
396
27
465
618
888
728
368
832
573
436
40
98
411
328
531
968
513
389
765
144
865
258
560
271
277
278
186
878
910
754
645
952
93
2
294
918
639
544
41
516
264
228
652
771
544
54
423
873
550
285
226
843
422
909
679
5
289
342
463
299
76
721
903
73
884
643
990
679
472
93
298
838
469
646
668
519
456
275
287
142
348
535
896
816
926
624
846
950
44
913
110
912
526
902
419
2
535
44
456
949
876
445
746
810
87
186
105
347
439
976
641
323
645
749
202
982
905
308
220
26
867
259
131
80
758
544
318
390
958
785
529
461
804
293
875
259
905
292
175
312
798
16
561
614
512
948
224
94
981
182
542
782
403
156
962
299
775
367
447
677
916
500
387
199
793
934
762
519
873
35
777
817
348
943
658
962
902
162
115
980
180
553
101
867
338
266
199
278
368
673
116
114
653
988
851
999
195
111
28
495
393
883
175
17
187
81
239
845
783
54
121
499
374
381
792
761
497
853
61
142
549
83
581
534
490
155
125
603
77
902
350
104
204
319
578
787
509
503
988
481
131
890
137
887
253
906
308
116
514
118
679
526
169
409
808
329
946
263
923
553
880
918
108
994
475
298
323
691
730
67
923
280
989
181
848
719
344
723
371
425
808
602
921
802
265
761
679
419
111
118
462
389
591
695
871
819
974
852
646
446
203
849
510
23
897
988
433
661
544
694
493
921
441
718
547
142
332
854
944
551
401
306
450
106
392
101
97
990
325
799
602
625
496
432
672
432
89
567
509
282
773
466
905
590
276
217
284
164
393
89
897
200
544
474
567
493
146
408
3
686
548
275
176
687
95
585
549
255
722
9
116
140
261
516
56
628
683
78
491
561
109
48
474
65
635
420
66
432
447
178
51
763
136
413
294
967
613
154
262
590
352
285
160
851
964
892
307
533
225
869
704
449
402
167
410
602
114
756
905
542
62
889
710
118
735
204
171
601
719
926
661
439
379
448
323
425
445
771
556
295
912
307
254
758
277
491
113
0
284
65
836
323
123
655
199
597
564
825
183
182
316
743
261
759
490
46
295
512
438
924
549
802
869
756
503
849
459
981
776
777
282
688
925
650
167
370
729
876
842
637
301
78
945
235
290
889
993
311
706
84
85
202
66
50
576
548
900
251
49
283
253
605
438
277
934
127
183
620
101
317
809
297
973
513
350
978
963
228
691
237
146
397
498
491
452
51
162
375
547
59
260
592
565
792
769
719
877
127
275
758
737
649
543
387
82
844
378
734
49
311
678
465
859
693
630
38
262
507
36
996
470
741
38
403
804
308
382
386
660
175
110
663
691
755
517
681
870
919
253
398
836
398
324
218
520
91
866
486
656
577
563
492
190
74
391
183
117
92
755
108
380
227
984
836
835
234
59
981
759
66
447
655
30
67
75
246
160
197
693
379
946
630
711
623
961
608
77
87
38
200
276
322
697
588
603
930
896
982
541
115
116
464
423
567
854
506
170
297
526
193
230
67
489
501
267
938
686
300
750
9
730
65
421
574
473
767
401
971
782
441
437
578
470
945
777
727
58
559
999
686
384
38
199
624
669
439
546
675
923
698
469
445
342
57
41
13
33
143
787
125
600
528
218
931
953
698
473
180
522
367
899
734
184
646
444
583
924
259
834
171
908
340
150
479
678
152
745
12
499
316
227
932
799
13
309
275
442
960
447
984
788
302
362
722
399
776
26
995
469
575
771
158
54
950
428
321
136
496
980
938
443
3
477
76
699
304
607
373
134
942
184
97
433
2
876
678
893
148
129
205
193
496
512
943
366
874
641
266
518
974
536
931
233
402
66
212
209
670
108
314
596
761
857
87
427
986
269
491
399
667
313
61
106
398
343
470
537
912
129
593
151
359
444
391
182
80
824
336
955
571
359
714
22
243
724
516
617
808
498
308
475
359
26
87
795
754
459
156
778
33
706
918
699
379
979
826
226
611
662
197
772
149
954
127
507
761
75
973
105
652
580
771
96
398
614
972
631
663
903
418
689
767
787
612
996
585
404
739
250
69
154
828
549
359
870
545
748
522
880
664
293
339
997
417
276
217
11
371
892
527
349
739
562
18
582
912
932
261
690
440
709
683
523
658
243
893
104
382
899
692
324
20
559
820
309
540
829
989
651
438
355
529
886
463
576
123
52
198
391
546
552
309
529
431
215
724
827
360
592
200
409
273
504
300
390
424
83
998
517
813
752
282
216
245
701
845
146
945
616
225
676
735
35
819
437
760
901
951
852
219
832
897
284
217
905
401
513
762
22
189
349
924
792
136
768
575
418
644
733
247
649
104
440
17
664
449
385
655
600
185
44
390
256
713
531
335
822
599
763
958
660
329
978
913
815
359
767
88
337
630
210
248
263
442
135
414
75
64
484
29
401
797
556
256
132
626
924
586
497
167
73
298
716
237
382
618
337
566
898
121
143
896
23
553
12
26
181
174
475
578
151
226
720
841
40
333
526
486
776
578
135
884
457
8
620
431
17
365
504
936
308
358
112
179
136
848
392
576
334
371
834
654
380
979
318
658
382
394
675
884
163
678
767
452
10
766
625
432
770
53
530
738
716
400
30
374
797
937
149
572
56
848
676
942
515
313
620
594
832
718
3
288
31
110
858
678
237
137
176
390
910
800
33
422
783
374
300
686
346
797
975
103
373
648
207
944
724
843
862
149
53
22
592
389
661
442
868
236
547
618
740
286
225
413
497
194
709
107
947
91
254
280
513
256
797
834
873
726
467
265
556
532
658
234
75
558
385
750
973
98
211
839
345
133
920
123
104
632
697
28
395
85
954
424
133
300
211
694
336
191
540
582
687
767
186
501
829
549
287
587
124
414
296
202
991
942
946
824
773
360
567
989
441
856
232
218
730
758
851
275
21
28
379
464
704
937
555
57
73
926
663
615
274
703
958
304
150
33
659
84
703
469
195
781
505
503
45
641
192
59
956
239
646
752
227
435
554
794
977
860
129
622
409
399
309
710
194
658
593
360
676
668
137
473
319
198
682
598
550
654
913
889
441
711
102
119
118
780
406
400
235
607
261
213
270
339
160
569
556
135
315
829
456
89
608
797
273
754
925
315
318
244
773
333
448
183
214
18
235
557
758
916
123
984
445
455
51
520
110
567
948
678
7
659
936
137
828
491
117
625
123
838
45
389
308
955
593
922
423
47
470
614
904
808
914
448
289
477
686
641
983
143
702
744
686
965
478
598
644
371
831
892
434
484
293
173
435
897
444
656
807
103
849
434
758
837
310
970
910
981
181
779
219
478
892
764
229
970
440
24
847
551
23
947
69
717
37
550
12
748
711
725
858
318
549
798
956
114
103
65
378
187
103
522
771
805
197
972
284
499
740
23
358
859
670
996
267
735
377
738
814
233
999
342
855
211
324
164
291
221
730
378
866
212
447
613
906
649
454
900
11
931
849
320
229
620
622
645
870
223
800
335
746
260
85
80
786
666
369
578
679
619
567
996
174
712
961
175
202
469
282
664
990
607
4
84
268
594
840
6
818
114
609
246
988
655
658
146
150
421
548
914
822
897
379
359
807
503
39
103
349
0
229
816
638
146
812
732
964
512
748
521
685
833
253
210
971
558
440
373
710
356
684
165
177
775
686
977
535
453
797
931
569
671
354
972
14
198
152
116
281
114
316
454
460
385
3
779
1000
853
458
302
647
880
94
91
214
696
613
320
637
424
919
321
183
823
335
223
373
143
798
76
825
551
761
51
591
6
710
947
283
116
733
645
308
484
404
909
738
222
348
321
518
316
568
5
783
827
303
184
460
137
375
312
860
615
520
185
194
830
955
955
641
491
515
549
132
946
547
952
888
56
538
991
666
157
470
459
765
731
918
784
127
295
394
562
68
254
434
373
760
307
902
314
996
448
639
611
354
242
649
152
877
670
215
310
804
575
969
854
482
478
851
173
18
201
51
96
495
296
200
700
926
681
901
539
223
837
326
976
587
967
43
705
905
965
510
245
986
139
774
340
778
120
271
404
421
476
132
430
500
231
559
46
789
256
499
776
680
161
283
132
600
667
861
446
908
22
742
574
461
122
998
487
915
808
867
193
212
522
217
890
32
489
701
218
471
879
19
833
4
687
110
554
756
543
224
634
768
783
130
130
562
668
375
826
652
654
457
648
364
360
916
637
279
569
378
461
563
898
454
737
60
784
401
647
68
991
552
41
514
661
751
480
246
84
322
265
882
557
55
386
128
308
655
973
480
216
941
474
756
514
578
690
77
258
948
574
244
790
692
875
122
580
862
473
447
489
664
808
841
862
446
199
779
556
39
658
373
773
597
129
952
168
878
42
572
867
867
447
897
49
263
925
406
255
636
26
514
52
527
15
541
485
511
645
262
828
450
195
168
557
919
152
603
332
550
104
661
986
366
149
607
630
390
514
798
836
718
297
342
1
516
417
565
608
549
196
14
523
695
476
20
919
907
919
163
77
912
57
32
537
341
108
749
812
601
459
332
485
459
752
83
945
27
726
209
769
947
677
721
797
54
548
486
32
432
384
565
213
884
164
116
897
116
78
152
623
628
579
97
316
154
75
777
427
105
710
441
232
839
453
544
337
782
876
441
512
906
65
60
336
923
449
458
22
943
897
599
202
52
768
863
697
281
89
924
858
662
836
176
294
926
715
706
893
567
50
604
153
467
903
268
468
44
67
726
922
636
116
734
409
426
753
583
65
524
668
77
629
112
754
801
35
336
340
939
717
425
739
741
678
424
946
68
780
218
79
566
518
122
247
642
156
562
234
145
690
861
723
96
820
457
252
757
497
693
382
486
191
436
261
761
628
893
70
718
356
557
135
280
435
764
649
100
167
800
278
523
973
656
722
306
497
103
587
747
395
391
24
866
929
215
356
60
627
444
490
258
667
873
176
627
214
564
187
133
842
72
955
320
472
529
967
41
554
164
439
1000
61
256
134
466
598
32
539
509
657
87
370
580
305
778
321
1000
264
823
133
601
113
675
936
935
699
712
287
300
646
608
871
642
956
216
695
852
380
245
379
550
196
68
986
663
827
649
250
199
893
892
308
141
925
127
559
700
834
159
397
623
192
540
519
591
203
241
196
340
3
374
169
14
24
9
406
105
694
815
689
729
776
730
499
590
532
473
888
121
237
427
80
897
686
170
659
976
948
840
344
543
856
292
459
514
63
830
389
531
992
475
7
908
363
342
993
822
803
828
957
765
180
815
793
711
334
333
159
609
129
106
291
674
600
620
392
74
492
504
590
239
865
293
921
73
37
933
301
140
273
521
569
383
11
2
2
804
578
483
681
299
774
338
995
57
361
837
415
109
754
498
327
321
297
926
686
227
491
89
731
987
545
740
631
686
951
614
793
952
203
488
177
548
388
743
346
616
75
574
135
64
37
160
400
257
546
118
289
534
306
128
566
215
754
709
946
848
786
395
462
955
200
995
740
418
852
637
98
927
837
52
511
673
768
422
465
787
47
778
937
599
829
681
639
45
987
765
565
677
219
24
28
527
986
601
840
754
96
527
341
754
897
936
900
648
708
813
347
154
973
603
495
846
717
331
450
184
831
608
374
303
516
887
720
322
196
111
941
95
499
554
368
116
835
367
416
580
482
486
85
506
142
517
771
195
242
987
73
932
842
507
29
843
850
120
905
79
393
700
806
79
913
88
260
782
975
866
222
320
245
727
943
856
887
968
917
660
308
112
826
20
547
433
995
10
681
350
178
663
439
130
854
506
542
499
780
335
365
713
266
874
682
56
912
358
119
8
169
625
859
789
550
845
589
123
968
905
838
441
680
375
520
820
293
497
68
912
597
342
605
544
768
676
559
656
846
844
396
336
442
923
227
614
890
683
509
345
958
744
919
223
842
495
628
283
335
458
594
343
653
260
325
568
597
3
902
602
376
180
249
899
805
11
748
811
820
268
81
429
902
818
651
988
745
281
856
168
699
944
352
561
879
909
15
201
518
120
688
834
161
613
892
815
980
840
551
892
461
550
688
803
892
737
328
218
977
773
860
652
883
388
255
963
12
6
815
108
719
468
643
378
776
840
235
659
628
470
281
346
424
313
82
373
562
673
936
160
937
536
352
226
804
305
838
321
855
568
457
278
89
290
295
639
138
45
678
537
306
239
275
411
327
513
700
538
659
874
750
752
28
305
670
423
697
843
640
986
486
69
811
188
782
253
861
889
951
600
800
30
422
210
171
552
6
206
246
154
363
568
466
158
902
753
882
585
499
135
540
879
50
88
382
786
942
578
539
227
274
221
686
418
65
26
161
989
522
844
653
335
416
590
713
421
2
122
749
1
745
763
581
873
952
622
922
9
424
49
494
113
524
550
759
674
423
352
723
551
566
275
473
833
636
323
671
697
490
61
591
62
404
40
632
244
872
185
724
381
69
283
321
618
618
741
307
485
176
55
418
17
483
456
261
869
152
876
535
604
55
967
60
217
609
247
455
301
897
556
412
742
452
610
621
690
618
760
981
594
680
260
559
970
265
877
396
133
764
950
943
285
84
521
369
307
444
986
46
760
142
926
737
968
944
32
987
98
706
44
18
106
262
979
970
290
302
168
20
302
441
240
668
777
796
969
477
495
993
201
406
579
538
758
417
971
432
552
805
193
770
229
335
56
524
363
819
382
756
147
398
733
201
907
838
179
899
47
745
468
551
407
161
855
435
330
964
386
922
601
229
208
600
858
450
625
988
76
206
383
485
865
986
948
252
493
289
691
113
869
420
92
632
486
614
572
309
60
543
152
0
801
405
135
530
814
425
112
438
850
619
376
258
976
104
731
457
146
239
675
883
236
432
338
952
890
115
913
516
472
782
378
720
662
632
533
225
863
355
572
180
72
364
339
638
525
520
265
850
563
358
906
432
898
141
437
223
216
765
205
633
607
749
735
623
376
70
516
772
512
800
270
665
440
824
977
918
349
415
652
2
18
490
576
125
430
849
386
944
783
503
241
820
918
291
440
382
470
870
122
839
100
577
204
512
89
991
59
439
203
72
684
31
68
54
831
161
63
613
820
979
170
859
74
884
791
118
265
125
874
321
866
291
112
930
88
669
726
346
880
469
726
541
730
48
475
729
425
123
515
115
68
973
64
298
765
194
709
660
105
440
893
439
603
959
675
978
985
910
788
320
695
655
635
153
774
455
156
393
213
357
929
42
11
538
142
253
858
784
664
205
362
22
590
747
461
700
277
15
338
458
939
260
642
458
943
704
525
641
729
893
287
998
313
621
32
359
225
111
989
961
635
70
818
201
26
585
872
948
874
691
733
789
323
253
264
970
162
390
396
989
659
239
999
634
794
957
297
245
488
423
253
846
197
829
32
451
797
635
911
370
357
226
511
353
985
44
414
562
626
910
418
307
361
523
35
261
77
173
338
691
533
659
984
248
852
498
695
515
427
133
412
2
717
528
746
22
92
167
647
46
222
459
596
426
749
428
788
928
559
988
417
68
780
507
692
545
153
731
564
59
211
533
376
405
547
952
598
119
5
56
460
285
872
983
183
885
124
226
616
708
887
182
867
455
561
842
936
580
969
885
870
55
399
387
906
736
410
333
56
52
465
792
934
252
908
394
200
193
447
490
878
274
936
411
934
994
965
914
408
687
995
747
835
689
86
25
766
48
401
91
831
387
965
926
124
274
741
657
680
648
462
216
619
921
151
170
545
30
947
471
999
284
675
801
336
521
511
225
136
526
997
527
633
602
583
291
183
174
848
804
876
278
759
664
612
958
884
1000
799
229
546
599
403
652
491
823
544
454
758
585
845
397
547
813
851
648
168
693
300
137
752
899
125
422
551
249
363
882
958
396
471
480
806
655
538
598
773
885
544
432
459
585
140
864
823
518
425
434
643
598
631
411
810
580
317
546
966
111
701
950
799
730
572
265
362
172
508
357
949
604
17
785
374
527
846
771
403
48
432
74
889
340
619
272
997
484
619
515
896
144
470
739
68
688
996
263
556
354
430
673
899
436
550
519
76
405
454
791
150
591
304
401
48
197
995
491
502
225
934
893
38
319
588
293
251
768
664
220
763
8
445
415
826
659
613
994
441
862
178
961
74
707
590
6
78
708
75
337
461
955
49
45
339
909
553
278
272
560
255
115
150
498
446
447
37
92
564
344
64
205
804
940
494
889
91
211
910
111
364
796
594
909
324
71
265
41
990
614
642
838
832
248
515
328
52
138
166
638
341
890
801
73
704
128
686
261
482
278
619
613
865
567
960
554
778
494
781
273
127
705
433
368
38
692
345
392
656
456
550
134
60
995
459
309
22
465
832
460
82
481
465
315
527
103
367
43
69
93
5
10
332
426
436
78
476
90
582
727
697
28
316
488
52
308
680
757
274
350
619
920
955
904
816
402
299
473
309
10
365
175
473
924
208
812
334
628
115
807
957
794
531
212
949
675
826
7
961
838
832
779
291
908
769
566
765
928
578
638
607
712
942
76
770
376
55
22
962
152
811
159
936
938
796
175
550
941
629
120
373
417
872
432
738
681
910
895
742
34
821
486
476
234
416
37
765
452
651
83
744
340
418
123
12
610
522
723
276
120
168
547
475
814
38
418
28
362
314
637
799
363
67
64
660
736
2
16
197
392
913
243
410
933
177
923
420
454
177
122
506
663
833
618
303
771
217
630
784
93
483
263
62
881
953
667
601
151
960
366
499
193
66
377
326
960
873
302
667
196
445
191
691
739
7
597
565
186
221
933
145
427
225
458
992
795
43
199
210
706
395
43
876
183
349
523
482
55
684
128
715
763
650
498
546
118
421
165
184
798
153
668
138
928
618
878
929
764
682
256
25
835
898
262
606
931
727
237
385
736
474
454
180
839
573
326
10
903
482
836
531
189
712
397
274
147
96
506
671
230
798
934
729
333
432
238
729
193
100
488
561
667
566
915
548
996
666
303
73
986
215
986
649
593
767
288
97
74
22
645
790
703
989
447
46
423
847
788
293
944
449
552
746
293
693
848
597
115
999
226
798
371
580
77
878
217
550
319
941
298
504
77
598
633
599
207
453
337
957
473
242
286
339
660
159
896
686
866
138
930
48
385
391
669
388
472
383
278
272
608
338
179
181
617
986
141
584
26
750
531
435
262
614
185
773
955
737
110
221
599
889
765
87
13
947
392
864
470
738
344
672
737
322
828
560
748
386
406
350
954
741
408
249
510
253
294
12
870
429
337
688
570
875
717
625
797
708
343
429
745
660
226
152
530
96
552
869
588
798
399
849
740
704
354
337
120
968
900
342
500
105
240
806
71
525
602
451
295
682
253
708
250
574
635
607
557
967
635
860
327
777
446
988
98
499
565
190
266
240
123
784
447
249
599
588
72
785
752
599
187
216
866
270
857
29
980
167
490
288
319
204
144
785
145
697
725
64
247
752
673
601
187
394
669
742
697
168
627
937
734
785
40
612
288
738
779
587
592
247
49
620
961
415
525
199
643
802
629
441
157
200
182
396
960
761
870
602
217
257
994
948
687
130
505
45
606
60
785
111
12
337
972
327
345
406
533
602
72
739
812
82
650
46
539
297
229
601
483
826
271
70
931
957
580
593
503
619
821
723
769
400
124
880
841
480
951
857
38
854
226
234
197
843
592
954
525
438
173
737
266
506
589
118
914
7
392
820
788
28
117
79
297
586
180
459
938
208
883
142
254
616
208
37
462
314
997
182
3
560
293
431
99
241
583
860
579
801
300
779
472
739
687
231
149
817
685
654
424
105
706
37
101
478
790
851
125
312
670
53
745
118
996
954
683
590
579
476
278
1000
540
564
38
393
224
228
143
638
915
145
11
809
697
898
941
557
444
175
456
775
269
387
872
598
969
153
901
609
652
0
270
385
891
383
485
188
514
293
816
187
793
844
515
153
333
143
379
547
28
496
323
878
258
516
219
493
658
173
117
737
81
550
783
565
152
141
852
85
601
750
542
546
311
535
827
513
899
924
444
953
605
207
59
411
480
482
602
978
773
285
485
194
789
160
565
233
484
596
63
428
130
506
253
227
356
74
11
81
790
333
226
993
943
734
478
48
199
77
56
196
587
230
124
902
656
175
143
844
726
934
604
375
404
271
416
513
220
488
501
65
816
86
138
808
869
622
941
303
244
542
957
554
516
786
269
598
885
820
341
254
614
40
558
293
361
530
307
53
642
964
342
219
896
848
381
768
627
275
776
599
208
160
22
1
542
304
547
630
36
282
339
917
438
896
597
704
220
604
149
496
950
484
222
10
854
522
732
741
515
459
201
683
453
765
501
457
503
732
488
837
255
986
389
238
372
737
658
607
232
253
582
996
864
218
512
41
126
918
37
466
81
865
357
184
504
801
670
133
180
381
131
326
368
54
111
664
990
843
940
7
854
686
486
696
463
314
516
697
115
307
889
654
517
473
120
886
953
614
208
829
435
0
408
625
654
815
841
454
12
372
150
791
59
277
772
591
230
808
20
269
391
808
820
212
134
56
56
972
147
598
878
829
428
732
780
558
446
338
109
360
625
377
986
916
79
74
968
508
348
594
352
214
572
498
408
593
881
361
929
640
453
511
752
890
971
581
857
602
763
18
999
335
458
757
152
676
282
800
216
621
522
947
82
3
686
551
224
749
92
491
511
836
308
921
831
42
199
378
650
898
54
649
577
774
241
510
654
449
914
631
527
882
69
905
794
702
573
181
919
543
131
691
627
971
127
266
685
408
743
473
514
752
59
894
948
437
167
589
786
635
10
681
917
291
715
543
817
712
919
723
676
728
546
31
646
386
59
881
356
880
442
339
228
376
159
211
477
254
392
662
784
382
606
25
379
30
855
291
357
899
877
853
16
384
640
688
691
30
956
506
268
585
94
694
619
420
535
326
689
555
321
952
960
717
506
901
33
828
130
747
25
42
251
475
94
97
720
900
424
371
412
746
626
617
678
853
995
170
64
835
249
815
888
218
326
136
965
785
180
88
726
294
605
388
838
662
970
443
587
975
533
554
156
807
905
348
755
567
425
253
451
576
960
479
226
35
354
882
924
917
586
576
238
790
198
302
85
129
589
176
592
773
426
36
510
354
529
88
324
199
260
58
327
264
156
762
458
337
365
194
145
134
849
629
469
614
19
108
932
390
227
220
407
70
292
804
716
808
862
821
491
144
388
502
628
140
876
751
296
321
944
848
735
673
61
310
681
440
44
948
506
169
276
945
86
724
171
188
225
186
860
760
122
41
15
200
651
818
566
188
161
421
190
852
312
462
746
847
70
578
132
942
430
644
340
95
939
380
979
66
421
831
59
524
812
654
232
317
39
901
311
416
268
46
813
272
974
235
524
584
513
276
953
886
297
908
346
835
187
113
313
400
87
351
918
704
342
564
167
996
957
119
83
509
433
811
267
84
930
553
440
844
797
315
952
209
68
934
239
266
471
736
795
897
404
542
247
622
95
926
6
835
156
815
293
369
274
595
735
984
57
735
5
991
50
896
669
773
123
109
832
359
490
139
183
176
16
848
531
608
246
271
160
889
932
866
756
958
923
497
715
138
373
123
167
889
735
85
905
773
55
852
913
463
733
791
810
754
60
123
563
948
552
97
239
29
748
922
39
822
768
543
778
261
905
814
799
591
505
633
330
941
335
31
875
774
601
779
898
735
657
99
522
472
861
233
862
496
978
817
440
195
141
422
668
962
331
256
660
691
355
200
124
770
4
548
106
897
42
840
67
914
526
998
261
502
898
561
928
94
292
565
292
272
758
341
159
383
5
796
595
802
796
529
807
73
658
793
435
789
562
973
498
823
203
736
404
815
590
260
617
888
127
709
26
153
22
820
241
647
337
941
403
133
14
202
776
115
220
329
98
514
132
814
202
101
143
30
459
321
852
338
158
8
388
84
680
551
30
14
882
202
929
801
475
241
123
5
571
414
705
710
200
878
155
308
964
708
458
548
868
235
630
499
513
377
111
80
803
442
879
207
639
419
756
669
212
389
315
166
159
973
859
355
32
660
0
795
826
170
178
309
649
969
460
915
772
933
192
807
219
120
437
554
366
988
405
94
859
9
224
614
65
899
66
750
926
705
852
107
688
629
208
724
29
