12
306
860
808
223
386
612
58
366
780
790
850
687
122
482
606
182
921
170
596
726
776
526
958
465
575
116
696
327
27
74
611
778
503
1
805
479
16
364
344
747
991
73
933
164
382
127
485
211
274
741
492
587
237
1000
427
39
375
395
89
276
335
316
488
689
848
917
803
940
673
500
10
224
948
590
254
406
993
865
347
586
950
296
71
590
924
555
801
69
955
668
623
844
768
170
316
554
80
728
901
654
102
491
452
445
750
256
840
629
650
517
725
93
520
654
623
940
978
391
233
110
104
859
110
697
274
815
294
966
158
478
76
988
667
461
78
895
550
164
102
59
345
126
874
645
827
319
869
380
317
16
958
664
776
947
752
1000
461
508
592
689
840
58
651
644
599
390
9
981
890
961
613
586
808
446
511
136
766
454
942
629
321
911
161
332
958
519
889
642
724
252
201
796
697
63
882
660
808
997
38
566
134
955
712
214
255
784
973
749
440
408
270
450
913
978
463
747
876
968
120
527
654
802
947
456
410
799
800
425
713
88
337
440
14
68
472
887
943
465
31
615
35
334
504
176
147
315
941
636
634
352
513
836
88
236
332
574
546
960
212
223
327
290
539
17
958
625
20
980
533
126
391
407
674
358
357
914
901
782
410
963
820
526
340
974
192
458
161
261
235
605
734
934
419
236
685
473
530
631
385
797
913
289
420
459
141
772
957
960
840
973
969
154
274
513
827
646
190
812
340
584
116
982
683
810
90
838
441
441
34
961
654
608
1
74
95
520
482
953
252
179
11
144
254
320
909
734
730
945
882
304
536
976
815
11
711
228
57
600
395
25
925
166
656
31
938
767
264
773
795
218
407
385
54
27
73
223
115
447
331
245
129
374
369
31
953
243
378
763
494
630
953
847
200
950
212
967
623
601
261
780
328
847
17
754
29
337
976
151
735
491
625
279
634
35
307
957
181
593
677
67
802
343
851
602
663
590
576
892
568
669
966
14
28
246
330
741
586
134
871
141
310
491
597
791
341
216
916
756
847
747
895
140
39
363
335
406
986
797
396
612
198
800
141
935
532
543
322
437
890
311
187
459
80
179
912
560
6
428
260
263
526
564
766
837
119
336
466
256
846
728
503
925
297
472
360
643
576
527
760
249
146
517
851
221
294
491
938
827
42
51
613
600
878
126
437
949
839
250
140
714
859
55
755
672
21
108
246
92
694
132
319
309
462
879
539
395
970
198
17
360
683
724
289
712
592
122
72
153
407
962
117
316
82
146
315
722
355
160
846
364
285
413
168
414
746
35
246
321
471
197
623
324
741
596
199
774
631
937
485
599
840
75
831
969
539
374
386
114
405
442
710
572
522
104
948
406
213
194
427
221
755
757
143
927
637
932
259
652
221
623
474
281
878
757
360
725
373
48
131
897
641
779
466
846
250
743
495
410
473
953
436
255
145
283
230
559
311
551
700
655
479
655
433
72
909
393
784
690
759
342
830
382
353
976
605
671
98
834
728
595
910
472
144
762
997
793
980
978
90
631
171
751
115
545
890
327
831
343
176
758
615
94
186
771
698
283
840
704
121
423
16
773
841
518
778
493
385
836
859
115
5
667
186
90
474
42
268
741
449
802
316
692
337
788
500
754
820
17
309
156
911
496
457
972
838
931
754
66
42
460
160
523
1
240
39
110
809
942
724
224
546
962
131
470
387
82
743
760
458
582
113
63
655
163
433
204
411
545
275
753
656
507
435
716
571
474
603
643
14
899
678
108
978
699
323
955
987
810
689
373
399
571
82
960
442
948
99
944
408
862
441
167
980
919
718
757
343
631
298
400
948
858
688
900
624
46
728
706
446
237
589
180
962
87
770
12
925
153
293
432
345
737
175
5
593
842
900
155
175
854
910
431
351
652
412
668
155
546
464
527
49
524
337
143
509
371
562
699
584
813
162
934
460
542
85
927
169
661
672
961
535
463
239
213
531
553
799
298
385
136
96
198
301
451
661
991
960
624
914
489
587
248
783
799
133
701
198
157
674
409
589
433
203
295
149
753
452
848
82
654
738
239
998
161
461
108
773
404
259
636
938
730
775
852
988
625
260
591
391
843
443
120
236
836
977
599
594
657
436
736
236
898
248
830
233
449
601
11
280
719
334
963
408
388
7
412
34
459
738
931
706
447
142
607
935
486
228
719
773
826
519
760
844
440
986
36
394
433
250
471
948
198
47
934
497
674
774
381
457
341
746
3
908
987
489
609
451
193
724
101
43
257
589
188
115
235
910
957
257
613
279
511
76
88
356
523
487
50
506
752
772
312
130
2
781
480
50
166
370
327
716
41
947
909
189
397
133
572
10
965
525
346
111
276
356
600
263
295
291
738
510
799
605
647
938
515
624
2
974
6
292
54
459
33
654
359
433
758
655
459
207
173
33
452
578
907
601
235
436
171
683
916
914
893
998
126
696
765
117
643
559
235
427
366
407
494
839
1
884
596
523
276
561
961
679
241
721
685
468
562
851
846
154
399
341
959
186
597
963
807
657
931
470
956
595
922
865
865
635
560
451
161
398
227
490
532
406
272
821
205
645
234
51
90
782
676
323
667
183
36
426
15
384
166
102
615
221
423
800
802
905
669
766
874
337
850
615
965
397
657
378
332
631
70
835
371
568
142
546
8
280
424
766
468
487
503
979
64
982
836
234
594
944
921
959
453
109
792
880
868
266
714
824
67
486
868
366
35
588
719
31
698
584
440
562
232
596
988
786
737
866
473
917
729
437
532
512
361
694
937
617
419
392
259
616
165
598
391
591
303
964
788
566
860
367
295
798
776
492
713
542
283
455
579
477
83
313
438
703
501
363
46
357
705
865
388
775
741
700
518
104
554
700
804
920
247
559
945
529
825
150
688
968
207
156
131
836
75
576
262
93
266
853
109
57
414
647
21
397
936
101
223
705
568
974
85
114
765
740
136
602
744
624
231
772
865
653
658
76
253
492
191
262
34
48
71
648
666
617
518
225
267
881
848
453
643
509
248
213
343
90
604
289
238
903
579
611
439
801
503
547
496
264
531
277
516
876
980
124
784
698
300
854
387
564
487
197
420
738
398
834
871
308
44
175
359
827
793
455
722
72
144
32
891
30
846
458
219
374
369
346
913
887
758
650
937
556
244
57
297
947
767
945
655
481
188
24
925
847
564
721
318
423
529
60
976
523
568
561
748
210
587
7
986
109
300
113
820
831
807
263
926
219
505
682
626
773
79
203
764
887
683
798
518
305
80
193
901
810
967
791
542
669
692
894
632
1
386
161
185
436
105
478
454
821
897
388
451
132
15
638
114
433
23
313
381
303
740
604
501
3
222
261
420
316
969
904
630
827
123
964
590
161
331
911
126
1000
23
940
15
325
741
536
355
407
134
820
36
404
77
258
829
393
191
896
689
806
57
306
53
942
222
831
657
690
958
770
450
300
723
552
896
939
266
927
921
115
702
68
663
688
731
937
874
646
548
644
659
332
471
40
959
372
665
834
257
406
142
592
182
561
221
820
375
634
204
407
233
805
34
418
157
6
441
858
480
309
559
317
483
307
214
802
194
186
786
113
810
251
381
657
634
853
387
281
265
444
2
525
500
201
360
814
623
183
167
21
779
428
370
489
859
440
430
615
83
313
311
494
909
882
948
606
559
55
920
788
112
471
632
987
92
130
197
145
123
952
263
843
436
581
237
949
402
720
260
408
620
86
290
681
369
387
34
725
253
686
724
568
581
24
662
690
338
933
562
600
922
798
340
515
44
170
515
673
475
218
383
134
721
362
437
737
564
301
384
8
372
123
17
254
696
450
567
183
333
433
89
36
293
57
707
160
902
727
59
518
545
102
951
238
797
993
591
280
306
322
861
937
148
938
449
698
495
260
480
516
874
870
587
34
140
353
59
714
239
505
564
603
642
221
669
917
878
951
312
96
763
300
366
774
354
372
15
147
196
711
130
607
632
970
544
372
227
374
858
419
381
162
963
653
66
997
555
938
788
831
856
714
465
49
734
450
82
197
842
2
647
889
826
998
426
164
541
560
431
709
672
23
281
51
104
180
188
688
231
785
556
548
969
410
724
809
128
884
166
687
953
395
416
313
931
760
506
941
841
358
954
34
975
688
841
580
398
713
797
333
923
264
995
996
767
789
916
660
632
587
962
630
849
391
539
43
857
130
677
840
516
712
644
930
156
36
444
321
923
189
906
328
190
354
537
146
456
288
982
216
130
874
383
311
482
507
785
92
115
466
313
829
969
769
809
441
541
941
306
264
774
564
584
476
369
874
549
184
366
102
208
70
48
352
252
993
235
384
74
617
206
530
375
70
260
896
660
511
484
425
810
424
130
9
822
68
104
455
196
893
642
2
42
932
341
676
855
727
191
627
303
448
985
187
157
279
620
882
421
206
486
367
197
898
325
700
365
831
296
363
237
504
548
243
352
941
608
502
335
174
156
657
196
567
604
600
902
366
183
900
874
828
968
430
962
280
328
363
635
292
290
661
670
164
713
510
584
651
945
21
131
700
583
622
685
170
645
253
640
675
985
251
642
240
43
361
634
648
798
533
320
740
646
212
663
721
405
63
400
741
213
98
810
577
141
288
239
757
503
198
963
947
100
259
701
525
725
439
388
65
242
259
960
896
688
832
97
284
296
655
952
921
150
731
536
336
497
339
966
533
193
537
541
478
365
290
73
654
373
309
502
936
187
691
322
904
829
586
890
390
63
849
213
812
397
338
46
188
425
292
178
294
389
815
994
672
926
682
674
120
144
141
250
847
938
884
420
489
15
371
448
147
487
152
858
150
594
395
739
374
254
841
232
261
503
778
975
712
257
612
448
369
827
184
86
501
176
109
706
499
697
102
210
257
42
788
910
376
968
610
607
69
806
154
709
266
398
391
150
417
946
732
765
802
208
884
831
531
89
916
363
274
656
670
464
779
461
673
614
318
42
526
632
804
373
656
564
924
945
932
669
805
166
531
977
707
891
468
305
185
930
14
381
938
15
743
564
713
777
907
183
500
810
286
959
225
482
235
926
108
154
48
457
399
4
909
721
349
378
6
755
125
897
611
751
236
385
953
976
418
101
854
367
489
987
646
963
775
830
890
454
811
966
904
862
916
64
877
487
281
462
471
323
671
94
63
280
421
181
418
210
393
218
231
67
825
840
261
337
117
857
897
364
134
502
886
817
29
408
484
477
728
150
235
15
821
125
597
163
805
991
545
207
98
676
316
992
472
250
154
640
999
369
446
758
704
2
907
217
824
207
537
988
550
751
448
692
308
891
307
347
859
54
408
904
183
326
877
413
714
432
740
326
687
970
647
484
765
35
766
584
667
745
497
927
182
858
370
555
944
534
123
639
179
754
175
300
670
893
325
429
204
686
111
602
782
700
983
576
107
217
86
659
519
566
425
176
778
550
300
849
95
22
909
350
425
247
7
215
739
570
0
999
880
797
264
740
381
66
991
536
567
72
697
96
305
889
658
330
205
455
206
210
162
723
121
862
156
447
133
969
994
784
239
411
924
446
60
465
354
892
614
643
769
57
142
466
205
619
695
894
469
478
850
509
248
257
807
597
830
522
320
548
985
204
287
178
158
551
499
423
423
867
653
334
970
987
687
716
717
476
888
158
246
665
402
448
391
175
939
807
73
619
49
639
887
503
288
925
66
194
302
977
112
989
519
392
17
118
999
514
137
957
181
533
95
181
580
242
589
654
142
233
847
614
774
124
393
625
436
445
899
99
506
449
499
459
478
94
797
476
984
779
797
978
522
479
905
353
673
830
688
586
713
621
166
613
519
565
455
423
840
274
450
761
528
957
581
336
417
235
583
267
432
461
456
556
122
178
976
597
781
543
988
933
789
142
102
501
6
226
434
91
203
191
649
935
906
414
200
830
690
32
180
919
244
515
36
181
766
64
474
698
243
953
333
444
412
968
678
350
807
139
538
56
158
954
711
451
406
873
844
121
90
520
414
406
925
36
330
104
984
529
901
649
701
439
450
276
254
2
837
431
331
58
672
271
226
231
213
471
653
125
949
445
465
335
388
321
446
441
47
921
108
772
958
753
476
310
199
392
48
799
166
872
373
276
489
561
624
321
828
58
947
154
305
230
407
986
376
940
504
57
835
13
460
112
132
245
943
339
866
401
526
316
491
368
656
529
966
671
569
690
491
123
461
951
261
382
62
687
364
281
773
694
905
975
827
762
33
636
141
387
536
45
257
150
758
367
916
910
576
618
116
631
468
735
887
654
240
539
843
577
573
453
817
184
288
1
63
400
798
31
361
645
269
587
762
897
777
69
262
303
883
188
238
639
887
505
830
681
337
841
593
697
922
71
567
59
343
687
944
472
666
11
141
946
904
245
337
308
982
656
998
420
749
953
953
907
574
551
758
148
162
627
951
561
975
825
486
149
323
466
304
173
657
410
119
572
488
175
225
726
554
272
855
956
465
510
102
564
565
512
396
756
769
43
285
296
507
307
538
500
685
122
681
320
888
385
974
742
319
533
461
786
224
530
763
551
950
262
577
862
969
919
924
422
816
302
39
842
401
203
121
877
371
979
172
563
185
244
87
8
329
885
68
781
319
926
478
661
81
279
569
603
570
454
872
758
428
970
910
602
241
348
75
569
829
242
832
87
703
367
0
186
214
426
258
171
1000
935
23
104
516
946
457
431
587
235
412
263
133
322
724
71
615
275
906
160
381
476
510
468
56
18
224
370
698
3
540
428
165
430
654
449
289
133
491
121
957
921
701
837
248
432
896
748
394
518
240
603
511
910
965
418
866
610
299
399
596
685
65
395
146
857
484
459
370
907
141
142
49
721
978
714
259
254
545
50
931
92
982
491
162
888
668
39
290
553
237
941
905
575
822
178
600
706
898
703
898
790
941
713
453
807
521
352
626
772
854
262
282
251
579
316
13
580
450
761
304
794
505
440
724
945
480
694
968
969
974
372
306
38
337
577
860
229
847
734
526
569
583
220
416
466
302
6
945
953
499
36
979
602
895
41
167
568
963
382
958
860
974
858
162
159
454
133
619
825
765
675
871
394
344
445
221
383
320
299
288
352
345
46
670
651
442
478
700
867
283
813
285
301
711
127
329
187
338
426
628
357
46
105
10
905
418
571
82
106
46
653
810
800
79
84
949
245
80
701
864
391
466
137
976
583
967
854
426
847
284
335
985
99
608
944
10
590
100
549
347
749
166
391
520
257
822
101
328
202
494
370
665
529
736
705
821
260
834
327
461
591
68
506
457
551
814
454
202
898
893
457
862
26
666
966
467
861
488
653
356
249
896
31
638
259
672
685
312
972
778
736
581
368
753
486
735
714
543
823
697
607
772
873
991
664
557
4
215
125
514
201
39
181
10
781
176
798
968
326
985
260
866
322
80
875
22
932
941
208
746
5
945
984
374
599
434
421
783
505
494
987
626
352
214
278
134
720
724
826
574
629
341
287
448
845
980
706
218
150
927
639
723
272
453
649
342
693
182
818
432
160
316
865
971
605
31
420
332
108
333
882
871
941
859
328
152
83
337
866
791
340
188
49
599
141
570
825
738
23
194
278
379
244
129
471
970
452
711
194
707
204
943
924
399
371
940
601
969
136
334
741
715
121
412
63
450
140
627
281
366
144
498
239
706
964
466
427
935
631
780
524
907
603
614
247
433
848
672
989
442
88
189
634
377
90
417
935
995
630
364
854
42
64
259
766
144
184
938
899
33
731
758
776
562
371
554
340
560
75
803
350
250
618
274
158
971
710
375
657
386
944
744
534
829
961
469
598
770
390
76
997
126
839
834
899
360
1000
654
795
818
437
379
72
573
742
989
408
953
936
136
959
113
354
787
976
372
814
924
964
332
206
628
400
633
741
468
440
956
223
358
77
337
430
926
488
877
345
862
394
623
516
477
883
381
173
496
553
92
715
563
340
211
870
823
928
106
16
851
615
870
657
195
173
682
50
288
479
329
930
212
125
758
155
830
547
509
899
829
613
227
210
951
41
58
923
66
774
17
379
35
876
726
674
862
154
803
516
751
409
343
309
167
531
502
142
137
670
313
275
799
817
285
167
355
176
606
909
450
982
127
216
811
423
98
800
501
179
410
295
751
621
129
683
236
659
447
407
672
462
89
401
920
89
384
419
375
399
896
813
130
117
979
308
982
516
666
633
741
540
135
631
561
145
575
815
605
155
965
421
38
28
198
824
683
304
409
366
855
956
588
230
501
558
290
32
142
66
855
561
736
542
76
324
17
837
535
666
680
966
623
318
630
365
745
147
542
802
93
485
236
37
789
423
890
50
58
912
683
966
617
106
727
100
596
906
234
136
0
783
430
677
407
816
667
668
115
503
788
211
904
682
575
708
72
282
561
174
149
761
545
387
81
80
181
669
136
635
649
95
582
179
793
316
732
362
505
287
890
960
804
577
918
227
703
620
558
987
989
434
902
426
933
790
892
683
900
903
924
559
635
851
567
849
594
792
301
164
32
698
298
167
132
984
442
171
970
550
247
595
435
439
786
29
723
726
375
570
827
890
354
145
531
9
316
951
621
197
644
932
951
224
941
270
725
171
988
734
238
207
162
112
560
505
191
735
625
591
714
949
70
384
488
200
805
341
306
969
356
417
108
912
498
596
179
298
783
186
880
956
330
569
844
230
628
341
723
707
386
519
82
648
201
311
433
760
343
373
59
58
948
771
397
444
836
96
62
420
573
922
647
87
902
289
77
136
918
957
235
143
80
791
478
857
279
402
59
381
646
1000
784
30
282
746
180
426
942
344
651
51
157
940
975
931
612
678
964
137
812
948
762
522
178
957
466
628
534
8
545
669
276
240
612
919
315
90
930
111
360
595
476
548
570
104
784
721
252
937
126
365
122
853
318
667
378
6
625
34
233
738
411
848
615
575
827
270
713
155
252
334
937
855
317
345
614
294
204
717
523
24
439
984
592
159
356
975
880
724
162
797
964
264
821
232
77
347
573
958
236
610
202
920
811
602
578
767
680
137
194
202
122
17
529
329
58
778
563
732
421
830
692
473
635
278
800
939
427
540
776
780
545
560
775
422
999
79
787
400
374
778
539
289
632
59
169
189
456
683
663
382
370
753
692
213
787
209
298
227
929
12
191
652
618
294
916
633
21
777
461
573
64
299
984
937
746
493
533
664
491
957
502
230
970
791
637
875
587
306
174
131
14
452
142
844
6
642
800
610
676
892
356
998
890
965
676
843
203
794
553
573
963
259
65
447
127
52
529
607
319
74
203
755
757
925
954
324
522
489
679
686
970
353
355
730
42
540
233
721
551
646
551
569
424
950
414
639
862
301
525
951
97
505
560
909
584
338
731
474
524
307
410
716
889
736
148
59
343
611
496
429
546
369
116
717
297
917
298
322
875
199
459
98
564
260
131
702
606
149
290
940
529
792
522
272
413
453
780
151
561
470
540
767
635
625
562
594
613
804
392
933
456
215
609
841
216
136
943
643
793
528
377
606
648
218
402
888
402
761
296
672
940
477
563
401
706
473
721
204
215
193
264
940
976
293
849
135
903
149
917
861
22
342
43
117
787
450
252
45
163
847
986
181
363
119
987
146
357
32
188
882
925
159
74
51
626
936
574
256
128
625
509
311
892
93
681
471
222
788
942
582
609
986
78
323
893
470
656
893
975
892
209
475
59
544
809
35
425
359
306
996
773
998
988
178
135
890
617
729
981
392
823
765
855
956
869
567
975
540
30
625
381
434
295
523
324
407
745
768
916
879
390
585
333
650
856
528
277
29
758
131
463
867
518
508
422
214
904
673
652
965
860
593
524
765
821
908
593
495
589
955
738
166
911
626
898
212
766
908
691
944
582
835
941
16
513
361
286
509
149
236
658
673
45
692
781
230
527
547
995
594
435
13
54
16
136
569
361
322
670
624
314
770
676
190
486
833
956
505
416
267
627
462
599
443
170
481
828
528
334
817
624
80
255
603
796
556
424
634
628
259
830
944
934
333
103
828
473
482
358
793
344
577
749
854
312
668
903
389
419
880
922
247
615
334
818
676
753
290
571
675
249
387
22
13
857
871
997
920
668
986
575
80
702
26
610
611
245
199
550
260
426
215
31
242
265
789
29
218
220
731
27
975
613
616
201
152
292
645
135
435
77
957
79
465
178
839
941
625
898
494
479
232
694
952
677
477
254
545
898
611
264
75
70
693
922
488
937
662
221
944
99
712
24
461
926
596
140
522
425
734
99
934
127
747
453
717
208
66
231
683
883
498
524
975
548
570
833
422
800
506
220
231
632
115
619
42
802
545
386
365
716
892
136
386
132
664
1
702
869
937
208
952
299
731
622
672
725
529
910
809
525
505
727
463
144
262
157
969
415
780
980
751
224
902
188
502
64
62
910
751
396
479
591
167
591
265
281
298
510
764
753
913
381
802
883
532
582
870
77
102
384
914
918
437
222
97
253
896
717
45
412
0
530
208
879
897
463
68
179
486
458
469
633
674
154
444
265
902
358
706
435
515
717
82
377
654
289
61
983
453
860
226
139
716
558
330
224
803
738
444
514
216
461
651
857
67
391
643
617
326
446
517
945
796
205
120
830
403
678
786
936
229
741
716
706
834
773
109
101
565
842
704
104
822
188
657
986
890
357
618
756
84
826
329
531
711
818
724
300
378
924
162
749
281
523
544
8
558
435
374
682
588
696
515
979
502
655
991
883
616
267
295
819
530
100
365
322
661
387
216
346
5
988
157
286
428
545
392
730
121
876
745
442
886
81
902
982
135
355
495
179
420
859
833
795
89
523
278
980
972
346
100
610
718
68
717
347
485
691
233
853
233
898
836
536
43
210
723
411
33
810
322
461
731
363
283
372
697
395
984
284
488
265
335
202
621
334
126
67
248
441
304
41
270
578
119
527
773
523
250
484
229
95
652
82
970
611
462
776
693
833
75
157
491
689
163
34
899
435
7
270
152
71
679
495
252
338
413
371
348
769
44
114
800
17
437
917
291
116
738
936
359
113
37
767
850
702
149
707
998
261
71
254
484
142
929
654
875
870
903
904
147
212
712
826
575
83
83
524
93
186
932
946
781
668
895
7
793
399
118
811
803
995
601
744
956
432
935
27
511
827
48
263
938
64
134
972
320
15
935
299
115
842
376
875
324
880
812
305
957
772
524
57
380
894
873
885
492
792
758
0
27
982
820
307
115
791
236
162
655
533
522
934
37
628
886
50
763
837
121
22
3
467
667
345
401
589
273
971
301
767
794
884
651
996
7
804
977
2
916
133
666
845
367
102
846
580
944
830
753
7
985
514
459
282
304
468
5
457
276
179
123
354
124
752
197
392
287
119
847
502
667
691
323
578
367
969
247
263
646
700
76
992
208
51
888
831
840
739
991
959
975
63
661
850
699
39
946
538
610
256
718
66
26
468
355
443
334
25
209
496
760
442
934
514
664
220
434
193
532
361
296
15
758
872
877
216
246
73
513
543
576
833
260
931
897
94
371
353
270
983
585
817
564
773
66
513
102
781
760
388
379
107
976
726
91
808
269
761
130
824
599
99
367
710
755
185
582
990
961
464
5
574
464
955
218
165
852
234
491
57
484
575
760
272
191
3
105
693
469
564
808
941
511
183
258
386
904
957
211
992
398
372
429
36
391
472
701
427
256
476
642
391
549
981
919
943
41
225
468
527
325
231
326
103
299
976
54
796
250
643
804
496
881
374
900
417
816
854
294
701
350
154
624
459
830
497
743
683
356
513
994
380
265
784
731
195
444
599
159
638
732
770
33
898
231
567
357
19
962
809
727
423
273
755
725
880
578
945
147
793
844
181
549
414
526
456
322
756
365
613
402
157
993
36
353
244
279
83
592
578
988
906
916
616
229
775
825
336
838
894
872
536
475
283
500
287
971
896
770
910
385
644
766
280
350
33
192
905
454
640
357
843
874
44
660
993
301
600
657
531
954
950
471
969
589
40
240
690
0
871
923
824
458
630
611
803
852
562
82
620
674
408
655
196
623
577
402
215
15
203
948
579
435
671
248
816
904
351
460
401
606
558
157
796
742
615
582
692
270
608
47
911
58
411
467
398
529
622
994
899
331
442
263
198
476
9
549
377
235
953
222
76
46
890
596
377
148
832
727
772
702
99
602
586
167
380
647
489
778
69
264
988
487
338
962
116
722
349
418
341
111
536
777
304
755
686
587
137
321
17
968
132
294
345
419
113
250
400
246
515
35
150
227
68
683
174
121
920
424
72
30
583
421
736
587
226
833
674
878
934
213
585
399
493
553
267
277
696
876
881
995
524
847
433
136
894
991
228
80
880
500
248
5
488
330
656
715
666
826
253
345
310
905
728
875
105
612
988
292
363
100
281
373
412
782
110
894
128
168
442
189
748
705
276
265
580
64
521
285
65
81
226
278
711
916
844
664
728
323
707
949
4
318
272
68
746
153
107
336
631
355
440
804
44
485
622
555
821
640
986
459
592
704
535
562
111
260
229
838
391
763
211
235
703
33
556
652
141
686
855
194
274
601
921
246
755
935
701
551
312
857
928
99
712
90
629
690
439
446
625
954
264
857
512
925
236
349
559
921
62
674
929
559
28
554
717
95
203
127
930
578
878
378
117
142
384
573
657
289
469
658
572
423
407
84
457
673
301
542
901
56
228
991
233
58
998
962
586
797
770
214
912
670
979
398
851
667
180
408
645
841
188
636
214
360
912
885
648
184
11
972
514
485
904
592
742
539
914
890
584
357
717
762
125
89
487
419
366
9
765
786
529
355
32
808
184
842
259
345
853
396
896
411
850
698
5
993
111
891
209
400
941
417
618
63
169
329
570
582
267
441
564
526
784
359
584
764
696
352
907
865
536
565
688
599
521
253
717
630
751
444
473
284
773
622
47
238
656
863
569
380
673
641
516
543
202
76
947
624
851
345
672
373
16
856
437
787
960
140
66
537
868
982
543
142
632
702
809
801
119
699
36
132
876
947
301
132
526
850
978
461
150
502
919
671
977
336
902
750
192
700
142
479
501
743
573
775
714
615
877
409
42
868
695
919
507
652
499
758
991
733
210
119
917
907
246
184
75
885
399
627
585
627
970
556
891
300
842
466
388
535
995
442
999
897
532
125
935
729
756
589
988
493
298
694
78
919
962
700
278
225
1
672
69
413
766
460
81
510
747
783
854
629
481
540
381
329
277
845
86
227
299
323
391
66
728
490
29
631
200
951
881
623
141
821
770
592
619
290
780
590
920
782
737
842
804
265
653
350
232
910
807
282
752
969
661
220
867
574
103
384
362
928
559
647
940
376
609
466
284
219
225
172
291
456
844
702
384
474
13
354
378
227
472
361
994
794
510
303
401
466
924
550
855
817
205
880
642
775
322
302
790
283
350
665
761
939
796
789
438
909
938
759
9
58
613
626
159
934
109
972
1000
434
715
433
152
171
506
904
860
64
905
198
802
656
850
785
461
399
706
995
339
598
61
23
659
467
766
787
843
348
368
239
577
53
596
562
235
851
186
784
621
352
193
863
358
153
437
791
987
407
316
350
242
332
403
793
341
791
909
58
731
286
372
159
355
345
407
824
128
668
804
483
373
347
81
414
533
397
60
274
234
729
678
735
174
468
260
640
418
822
288
153
964
916
564
892
593
552
370
949
450
85
436
968
670
493
202
530
746
27
589
251
902
261
615
74
463
239
501
969
451
179
465
94
720
463
650
468
679
85
531
454
887
515
153
202
64
429
439
585
211
10
621
145
166
516
431
187
718
459
911
628
533
10
154
276
339
135
520
646
367
878
829
754
418
736
429
252
764
702
330
698
987
528
750
492
59
904
965
498
884
299
855
140
64
660
122
877
597
655
572
703
857
330
160
258
742
600
245
237
929
463
598
406
34
411
161
21
142
329
954
391
768
790
735
73
347
464
889
489
353
654
113
505
602
86
108
677
384
958
900
742
293
962
740
283
834
311
638
819
144
668
721
69
846
932
393
608
521
798
937
691
684
935
860
955
266
159
738
47
725
426
820
676
890
223
468
299
867
746
564
129
219
750
389
208
355
655
523
721
240
819
266
947
57
153
924
439
537
431
260
677
687
409
578
541
209
477
459
599
213
662
754
262
334
768
138
152
896
880
868
360
402
614
886
35
837
526
497
280
565
611
17
175
743
671
759
479
750
802
502
917
133
993
814
72
281
820
908
608
624
591
147
259
921
617
989
325
202
986
73
986
962
47
372
53
0
983
546
767
508
928
376
395
280
454
235
771
706
392
341
56
936
359
262
81
512
957
505
387
35
223
995
71
360
797
126
485
977
948
881
798
415
338
72
107
929
194
473
348
375
302
876
216
738
742
298
650
717
499
608
686
693
156
443
489
997
594
540
879
195
789
151
69
25
230
812
932
871
284
235
878
905
953
562
551
203
988
523
548
573
560
796
886
250
374
397
44
731
379
186
823
156
518
160
442
754
637
130
291
957
421
137
878
868
530
7
453
187
795
1
452
290
102
294
192
465
966
298
440
64
804
171
203
511
809
571
218
636
254
598
687
67
879
11
840
93
743
516
980
683
494
60
911
503
794
948
896
643
424
932
228
656
895
248
285
827
469
804
212
451
722
629
620
712
732
450
180
821
436
436
118
880
727
387
851
248
897
726
759
960
265
35
51
714
550
637
710
36
289
766
760
20
311
237
684
512
639
385
521
990
431
47
949
550
208
316
547
844
64
941
135
524
133
565
576
257
395
933
599
637
314
135
580
678
92
866
98
240
609
210
742
534
704
409
368
175
589
187
837
765
465
498
777
268
727
765
361
85
442
102
967
651
267
958
434
434
173
676
910
345
147
189
706
168
68
872
970
310
305
924
866
270
252
820
849
576
901
374
121
621
836
933
321
966
369
636
554
949
117
655
8
700
256
256
627
826
73
284
740
775
249
7
739
520
307
780
296
892
739
216
886
801
752
649
893
87
579
917
822
966
358
443
696
787
851
747
579
735
290
226
691
761
313
504
374
703
261
860
942
781
530
324
11
973
848
174
987
735
42
632
419
495
52
876
715
138
229
518
962
621
435
878
251
538
919
340
445
175
473
877
474
878
725
633
437
141
849
62
879
499
524
600
785
679
970
180
832
232
911
630
865
832
750
925
258
514
107
976
692
63
653
115
279
318
712
932
177
922
305
695
772
398
86
424
968
795
214
397
777
222
464
464
548
936
736
18
60
233
282
776
430
895
682
194
276
15
903
658
842
196
726
538
244
557
802
391
279
51
423
130
963
48
105
440
198
661
732
195
46
847
318
774
138
701
893
737
105
121
216
200
214
486
573
956
741
568
295
250
682
956
544
533
367
938
899
775
599
676
199
895
760
201
937
839
169
193
452
861
480
81
808
205
693
153
541
332
827
2
64
385
731
184
260
760
84
22
896
957
926
832
937
436
917
639
935
378
550
310
248
904
496
44
944
317
213
197
474
396
440
482
390
359
165
470
72
503
781
769
989
101
25
969
830
891
969
146
535
322
534
410
524
392
35
749
107
191
10
189
496
739
902
552
387
603
463
551
447
487
327
595
349
736
219
305
499
688
72
237
280
954
318
587
565
264
429
35
608
806
542
7
790
769
375
279
578
944
386
321
637
560
70
809
565
346
708
15
495
731
159
137
42
921
70
840
947
836
260
194
118
15
940
879
496
750
177
720
659
177
919
151
491
855
363
220
57
951
145
601
505
411
849
683
698
160
444
401
275
881
908
439
915
235
586
1
946
501
597
685
811
432
552
547
518
642
953
227
192
157
738
728
36
357
326
505
873
544
95
744
621
682
333
139
148
86
315
528
16
465
88
529
536
476
13
771
735
986
739
627
552
913
482
315
96
819
757
51
622
426
214
926
169
574
319
232
463
613
194
881
136
333
752
213
2
712
315
416
544
360
473
751
707
219
696
291
565
165
977
143
60
64
622
759
294
750
123
452
623
456
421
0
914
711
708
58
122
689
722
296
409
420
231
558
958
917
19
182
109
673
175
265
986
982
261
25
270
877
449
982
256
634
671
817
766
276
972
707
48
839
897
144
498
720
2
849
603
911
547
673
14
385
806
223
642
521
118
147
250
989
88
435
131
333
558
884
259
361
962
499
363
89
345
337
208
124
891
228
575
203
971
444
966
845
107
219
730
840
703
495
95
131
945
276
866
580
807
2
700
803
111
726
636
981
617
749
506
71
84
770
429
886
23
86
262
696
222
599
783
16
5
851
891
539
393
982
50
643
208
963
45
850
378
102
507
593
2
109
633
571
433
121
757
203
286
422
705
478
104
590
200
726
399
889
213
821
101
818
73
961
978
976
601
159
795
694
197
661
744
842
89
721
133
635
65
887
747
181
78
740
99
539
960
29
921
968
551
382
946
169
510
65
36
84
905
221
514
100
356
760
556
109
549
279
229
906
886
806
68
251
469
691
617
848
12
357
665
839
799
741
237
205
60
883
768
180
949
781
489
657
944
493
260
984
747
170
197
809
355
208
998
588
731
303
489
884
78
320
357
0
169
294
410
629
11
428
183
535
790
56
215
19
863
636
668
761
455
326
790
371
360
707
880
407
91
430
465
762
921
331
316
815
122
824
714
167
247
749
102
402
138
32
16
308
694
699
400
312
60
149
307
348
230
890
253
318
85
614
872
496
812
405
474
764
707
292
163
444
5
378
854
748
955
976
479
714
943
179
178
353
127
731
567
678
240
111
762
314
60
269
42
198
618
419
927
498
616
772
866
289
481
252
785
163
358
671
164
283
62
229
766
160
637
298
857
681
718
881
969
447
625
2
276
730
455
263
350
649
571
615
508
437
998
314
433
858
415
399
455
907
450
692
731
718
827
77
437
440
611
752
453
300
873
802
343
634
660
795
255
573
440
593
746
114
479
712
972
243
108
461
280
14
160
612
216
906
599
110
344
362
859
481
473
374
870
887
331
445
11
460
61
7
923
336
129
549
260
602
936
833
605
862
539
188
970
719
824
590
940
694
357
318
581
656
263
54
95
864
261
178
198
54
287
807
36
705
216
305
952
920
349
254
622
911
377
701
28
942
157
166
564
869
255
905
791
892
189
99
510
399
200
525
184
431
750
518
228
409
356
641
265
184
389
630
411
916
697
29
948
160
11
61
510
462
158
482
339
202
15
653
52
864
94
114
941
327
163
519
240
353
949
765
306
773
76
842
636
340
716
440
891
969
356
239
913
136
937
896
477
890
452
112
109
21
288
190
621
360
476
272
159
938
533
276
91
757
450
439
56
741
437
494
621
313
64
271
918
412
803
584
312
390
611
657
970
842
90
482
512
620
660
492
923
245
832
406
52
880
210
255
732
793
149
132
841
507
11
470
23
43
434
396
829
476
460
588
760
34
381
992
758
371
625
739
798
700
702
763
825
805
164
304
185
522
435
696
291
864
458
252
292
144
954
357
693
58
471
287
604
730
782
686
177
787
315
836
532
803
385
367
495
247
534
284
490
962
653
450
375
255
191
449
902
97
819
652
802
465
929
315
858
622
292
32
105
99
76
856
986
364
276
670
649
232
587
248
649
341
612
233
389
6
679
10
82
778
331
873
222
877
346
581
814
586
370
870
246
847
838
233
21
954
713
284
720
113
617
573
160
995
459
258
899
819
791
366
665
303
85
196
633
407
696
800
518
191
691
555
509
652
54
486
982
614
133
174
926
857
626
230
778
124
223
85
113
847
975
935
227
852
619
125
759
143
789
488
965
128
293
779
384
227
785
908
298
590
919
631
655
233
448
349
334
125
646
151
842
484
653
964
390
485
58
597
655
259
968
607
619
447
714
93
624
831
525
244
734
610
371
144
470
554
438
837
510
157
581
762
380
22
50
6
174
290
138
766
588
115
251
348
806
427
171
321
904
853
357
80
850
71
808
487
985
945
17
76
65
89
230
232
352
645
483
970
33
705
57
685
968
656
923
745
952
45
945
268
644
540
492
426
209
113
756
556
87
36
366
605
548
716
504
204
463
12
995
117
542
221
401
666
76
141
536
266
44
585
234
107
647
39
682
118
662
814
434
318
846
713
28
947
223
74
505
732
538
41
129
260
510
491
467
319
578
421
567
691
289
617
666
528
74
64
376
823
100
387
684
199
654
331
467
712
25
585
571
932
233
359
166
172
457
18
648
214
788
114
325
262
504
915
447
551
108
315
17
290
752
796
272
31
415
550
215
293
875
923
194
45
607
208
504
242
258
400
331
208
663
572
603
196
228
426
209
428
507
697
20
723
968
653
707
545
512
247
64
351
819
793
248
366
89
263
352
308
577
987
327
128
91
292
757
293
406
720
318
593
943
149
9
168
733
444
952
335
370
856
223
584
298
579
291
342
65
362
924
714
42
572
458
247
460
834
339
94
316
746
253
747
560
91
517
44
820
879
881
110
358
306
38
329
659
177
275
882
353
948
566
295
639
276
566
760
676
330
729
42
521
901
651
746
962
603
161
459
788
883
558
170
742
672
992
190
307
423
796
92
649
101
207
327
564
781
520
33
693
906
649
98
865
604
804
400
226
155
347
514
932
274
69
530
633
567
454
269
754
481
498
156
801
290
313
923
688
462
175
279
699
205
903
604
423
913
565
57
329
828
264
742
6
950
973
128
888
577
486
676
947
286
543
56
53
380
892
994
423
443
764
461
660
815
535
360
794
82
672
364
396
712
99
33
862
152
256
856
644
97
78
6
926
543
75
520
566
210
175
84
39
822
83
173
523
127
535
827
451
193
190
14
710
200
107
222
714
599
469
18
767
78
126
827
256
854
392
784
576
515
396
549
154
0
460
303
405
305
581
37
467
41
252
623
705
427
490
263
434
493
799
562
790
669
243
312
606
554
20
387
564
275
583
515
620
543
326
265
10
923
555
101
296
507
918
551
425
575
818
475
106
800
153
80
590
295
986
833
582
256
714
933
372
702
49
616
389
492
404
111
855
637
670
66
114
371
72
494
860
440
132
364
546
313
910
688
625
722
116
859
984
482
39
156
120
520
265
895
535
579
855
371
749
576
216
704
170
97
447
356
620
999
380
626
461
835
161
588
641
957
281
168
542
372
880
342
683
69
297
491
733
200
828
246
773
904
922
127
876
957
921
985
460
53
71
39
766
427
674
577
380
980
63
811
45
4
21
587
314
272
219
63
18
626
428
338
310
372
230
57
190
298
522
383
127
790
7
649
577
652
680
61
272
692
874
653
510
88
166
385
883
645
136
969
558
378
704
341
805
262
481
815
270
896
539
510
260
974
528
551
495
972
355
196
43
667
21
113
944
996
11
511
56
931
54
25
784
884
554
59
412
493
28
662
370
165
563
573
951
604
972
444
799
455
798
990
687
168
670
819
937
39
759
685
773
890
792
204
672
70
562
553
939
371
720
269
693
234
404
642
773
520
298
812
545
688
167
548
602
240
68
918
677
553
778
844
591
538
372
164
315
390
584
599
454
671
401
283
384
208
878
805
791
72
642
654
566
925
661
109
64
290
607
209
625
743
36
517
411
357
775
496
817
788
976
492
889
552
87
165
785
648
214
158
258
399
826
375
573
546
753
96
910
936
767
790
996
537
117
726
555
830
762
611
296
995
56
120
137
685
874
227
815
901
577
634
320
146
878
262
104
994
803
890
956
427
882
360
26
690
962
988
744
865
795
341
819
85
532
285
183
609
117
962
923
575
436
531
943
132
460
365
287
86
187
314
400
26
189
856
913
574
497
213
867
719
949
86
330
370
108
686
961
287
662
821
706
742
686
394
647
290
410
153
659
658
203
281
436
414
86
906
592
995
75
395
868
964
265
555
507
217
548
619
588
726
181
668
884
360
797
1
311
164
573
966
397
216
459
157
87
464
927
812
783
687
276
39
772
275
416
581
574
810
80
566
562
875
192
776
573
590
140
460
674
586
714
774
817
573
82
498
347
847
186
810
525
245
482
669
20
385
395
713
72
732
996
739
912
741
852
129
305
802
35
543
692
424
581
209
234
741
801
35
337
825
263
496
113
96
848
765
867
688
930
723
594
77
821
336
566
257
339
320
541
297
391
461
982
919
189
56
744
679
458
152
807
277
147
971
778
74
577
417
395
377
283
120
755
993
46
625
683
691
338
374
524
495
786
692
321
962
43
820
733
712
386
258
959
243
599
582
278
991
717
124
805
553
979
109
676
225
999
535
68
468
785
363
10
733
423
651
953
267
844
372
850
847
307
674
187
575
294
405
736
358
998
549
464
330
441
441
36
940
780
780
76
149
413
1
384
237
474
725
853
980
693
166
537
182
443
69
491
189
334
94
826
191
456
782
100
968
404
589
333
144
797
630
642
266
625
823
447
596
347
758
856
886
437
959
226
545
738
987
967
412
936
712
781
95
659
37
235
233
397
828
486
182
337
569
91
229
336
361
721
576
379
405
983
512
308
663
506
226
881
714
217
750
184
556
753
914
663
420
60
204
422
723
846
969
849
159
368
697
687
444
635
18
399
836
772
808
425
555
623
286
127
137
600
83
513
890
335
689
707
85
137
264
497
861
253
308
903
71
491
190
930
170
826
169
355
123
214
622
945
873
968
521
525
774
236
898
995
630
464
309
581
474
625
150
885
597
784
15
60
282
49
300
154
444
101
14
664
395
275
738
627
860
6
324
651
442
674
215
98
344
675
661
162
837
277
823
97
707
712
216
948
76
58
523
341
941
604
889
252
456
244
394
418
551
127
921
266
217
548
925
49
701
124
504
756
317
175
323
503
250
363
669
391
120
782
441
623
376
10
726
276
737
487
382
107
526
510
666
620
978
190
678
533
801
565
376
908
202
762
757
990
175
470
518
889
904
140
118
169
743
763
332
638
805
696
488
790
740
615
117
87
610
286
32
667
960
563
80
715
324
414
611
711
247
349
2
408
728
139
54
845
868
608
934
182
256
550
596
883
377
123
198
315
288
323
625
686
332
508
645
954
773
515
337
933
191
98
355
825
509
93
44
877
538
740
116
389
614
562
822
162
930
842
684
843
554
818
208
143
113
856
550
637
929
974
314
918
450
343
581
337
923
48
235
514
951
333
672
203
126
807
438
357
752
911
683
429
495
839
400
778
163
783
867
820
484
573
523
277
373
570
258
846
937
642
705
387
403
339
167
584
248
695
879
911
841
375
349
97
13
447
487
951
849
139
54
644
351
549
771
711
726
203
44
875
309
833
406
298
933
148
745
64
469
663
252
407
674
676
367
910
684
887
952
950
81
29
321
43
705
367
440
247
515
36
164
698
84
892
718
611
86
512
817
395
550
676
829
594
200
487
145
203
781
176
789
629
958
854
108
951
204
588
914
660
867
69
978
430
381
513
547
40
8
499
986
11
331
322
708
712
453
223
684
372
488
583
892
648
681
508
367
872
24
431
662
275
178
384
817
517
373
111
192
500
461
835
428
802
382
549
288
375
687
480
843
749
604
449
585
176
811
895
508
724
403
707
392
152
116
200
307
121
245
542
735
889
587
654
673
361
467
78
807
636
784
41
753
180
967
505
390
535
0
835
210
923
146
611
23
94
855
440
314
609
542
464
72
738
674
938
360
668
870
643
348
866
39
64
665
954
933
87
255
99
555
455
870
229
890
978
120
702
32
489
45
430
486
982
331
893
856
629
367
847
740
108
539
302
64
13
625
357
574
975
951
944
477
278
423
681
349
327
459
327
994
757
609
468
730
555
822
92
528
843
529
412
758
587
304
80
934
225
222
321
168
611
410
657
169
413
790
801
189
988
761
617
137
36
168
384
668
486
743
201
805
491
239
127
529
726
481
218
151
508
606
728
420
452
766
595
712
831
528
144
15
608
767
517
106
525
35
542
849
381
520
812
870
479
559
678
870
665
48
983
241
430
750
218
712
905
980
274
764
54
623
235
991
504
718
767
856
974
320
181
967
106
350
822
565
963
248
536
278
108
300
89
197
689
921
142
856
890
480
625
256
587
978
741
606
855
405
322
263
253
273
870
29
179
433
382
513
781
693
297
26
294
743
119
813
673
843
126
1
312
834
444
968
427
521
705
138
2
459
539
581
183
16
31
365
705
706
257
768
761
837
190
285
29
829
147
346
742
357
863
356
538
79
885
6
412
597
489
8
561
491
825
50
757
817
247
332
221
918
949
769
477
433
154
951
972
869
565
975
125
649
321
249
686
709
52
740
162
393
623
852
341
353
566
791
105
421
603
606
506
916
561
104
994
195
384
528
890
781
954
274
903
938
784
196
319
776
156
984
12
386
485
544
280
58
573
588
646
185
628
450
776
839
645
438
850
555
696
897
708
314
47
912
847
875
663
693
963
434
658
795
753
940
0
926
577
896
474
508
559
387
683
392
870
96
116
239
950
33
267
380
342
55
508
194
605
653
772
345
329
747
464
258
492
323
631
814
765
696
526
276
554
712
495
999
677
213
165
771
921
368
896
293
133
649
158
11
511
190
839
115
484
631
183
942
87
490
538
123
89
934
193
791
446
285
576
499
275
255
570
605
485
598
510
674
73
874
214
548
104
263
912
206
767
613
511
296
719
759
453
853
872
87
110
586
706
283
114
900
984
567
163
575
492
633
726
386
667
403
248
914
652
189
888
666
920
414
943
429
972
424
410
152
123
452
335
822
195
364
56
178
236
194
600
708
85
239
423
25
756
588
909
382
725
967
741
545
234
571
124
640
81
328
156
114
419
543
225
999
443
615
282
823
909
604
263
456
930
219
641
146
50
607
628
5
543
137
236
232
798
552
869
682
464
219
282
848
554
700
806
793
946
666
671
213
357
511
319
692
668
928
896
505
953
786
445
875
840
184
450
760
507
971
493
214
452
579
935
472
195
619
330
129
893
717
456
285
659
876
439
989
421
189
945
444
547
7
387
738
154
550
259
826
980
9
833
421
826
734
392
291
798
0
894
551
105
521
627
349
53
99
531
591
584
295
602
75
2
400
643
846
237
290
202
113
493
480
307
882
252
276
552
116
359
20
486
150
165
705
916
976
980
920
292
638
448
250
480
92
942
799
224
795
61
851
573
225
247
268
369
750
276
16
439
908
835
290
795
348
270
850
885
37
716
959
978
461
352
489
654
31
317
929
206
78
903
372
926
846
999
638
194
364
724
619
1
447
486
820
234
527
705
828
539
814
791
906
210
127
675
722
543
849
195
871
153
767
828
887
856
434
934
302
454
199
458
864
381
926
139
800
184
115
672
886
33
84
154
630
300
287
29
869
392
273
289
129
746
630
505
308
689
874
760
198
753
668
848
740
422
254
11
883
430
526
556
655
338
446
293
106
744
955
351
517
870
233
451
522
963
862
833
758
987
971
331
673
608
241
665
967
775
698
197
996
929
903
31
564
518
220
756
102
258
718
356
854
915
307
62
225
550
586
891
708
211
394
535
827
918
370
610
756
201
156
634
548
424
116
123
659
446
974
211
102
141
627
250
283
948
426
351
135
318
638
799
224
27
285
335
52
343
70
775
678
737
547
322
458
794
709
965
965
476
82
410
305
906
218
115
233
706
865
451
660
610
73
35
487
541
192
208
175
869
83
329
662
260
695
90
259
407
451
531
263
648
159
145
545
194
665
18
825
433
317
585
482
920
119
792
844
189
404
922
582
836
622
437
910
933
141
786
74
239
430
599
591
867
231
717
161
430
185
655
215
402
159
495
893
299
331
533
808
654
25
4
566
782
159
39
929
610
62
702
183
462
76
270
812
108
670
855
217
964
340
516
903
826
179
327
449
177
876
544
956
928
866
484
384
580
969
802
310
185
991
997
168
839
81
691
552
656
162
984
194
858
719
471
127
320
743
908
154
740
30
888
561
991
476
42
295
591
273
209
973
516
466
827
910
747
74
176
863
807
621
689
167
945
423
671
986
936
164
559
892
114
526
929
793
219
347
956
151
256
673
121
663
294
905
463
4
754
986
621
787
761
385
970
552
812
828
686
318
218
708
601
505
427
435
440
374
603
272
475
37
943
257
166
897
237
390
623
163
618
457
973
526
739
512
642
240
516
37
769
522
924
19
246
189
427
659
502
420
434
264
605
573
116
416
500
802
265
717
869
899
467
375
982
993
112
736
439
172
585
445
775
712
209
953
535
641
102
967
345
626
795
705
330
415
763
624
865
890
528
105
871
346
592
593
39
462
658
670
930
423
957
631
520
16
482
217
669
49
83
259
553
797
175
231
265
55
616
469
130
141
611
537
122
354
678
887
358
59
19
728
258
597
38
669
940
830
468
623
142
879
143
246
867
977
928
263
639
955
956
626
512
581
933
83
611
642
681
134
184
489
123
563
48
387
782
930
789
769
505
140
878
648
124
637
667
564
784
306
795
614
10
892
977
33
638
633
498
235
618
648
74
663
149
628
430
512
653
245
851
798
307
352
384
223
566
512
110
348
775
225
779
626
609
371
62
691
848
590
729
180
551
85
866
63
637
431
92
825
403
379
301
744
941
586
840
654
799
931
452
827
843
127
469
709
558
923
795
357
8
378
809
819
204
703
775
306
247
736
566
119
950
562
544
785
858
707
640
939
983
140
812
227
436
978
662
971
992
188
475
864
426
733
813
246
937
169
931
888
240
545
624
422
979
882
184
651
637
581
36
299
265
223
750
822
284
28
180
496
361
548
136
300
101
137
284
910
66
891
231
385
57
625
298
218
643
114
607
8
488
882
818
329
3
816
137
754
104
263
196
659
575
275
945
270
47
278
53
405
802
509
695
915
675
760
433
54
647
536
241
628
46
587
12
689
940
477
746
90
54
189
407
259
756
990
119
656
772
219
944
62
222
344
761
460
501
183
690
938
189
286
458
971
183
120
35
344
33
528
905
944
351
661
660
819
139
464
621
802
988
54
170
478
272
656
308
444
841
135
488
782
136
700
710
69
274
240
178
991
829
761
650
214
287
183
622
859
683
937
761
776
792
214
291
799
411
507
697
283
856
446
477
371
782
619
805
667
340
248
352
212
730
812
810
784
698
281
59
905
858
337
111
923
427
204
364
198
691
918
135
635
420
516
626
813
568
149
832
412
663
356
78
347
43
562
658
321
479
920
588
197
742
617
884
479
182
496
182
784
820
481
464
473
815
324
849
853
350
249
484
517
939
550
877
101
831
803
61
334
585
373
509
909
21
390
455
131
799
530
962
998
316
322
699
801
547
238
718
607
259
101
885
290
60
979
25
297
268
171
933
376
132
522
828
637
264
574
597
351
239
253
134
321
673
867
529
543
500
914
697
315
405
70
794
852
326
221
728
953
16
285
903
937
288
565
470
181
887
353
787
400
653
559
832
597
681
490
337
903
589
805
461
730
541
258
185
500
959
285
906
746
349
386
239
848
638
805
328
886
976
771
25
104
797
0
890
667
240
397
412
361
168
164
62
102
420
594
679
953
537
818
124
936
478
357
20
199
922
603
501
192
199
382
935
65
44
320
370
162
62
785
494
398
250
319
46
455
718
620
466
733
845
836
925
33
737
704
651
204
832
77
179
112
739
192
327
156
410
468
174
389
951
811
910
626
593
736
594
168
959
319
286
754
364
895
100
661
274
747
236
600
656
963
782
906
795
567
547
195
306
987
776
321
273
813
624
622
462
241
621
233
934
963
511
623
492
701
806
256
348
407
587
688
254
236
236
669
745
72
819
375
884
822
819
992
299
572
875
295
147
963
374
518
147
984
255
176
946
893
560
846
256
56
749
691
523
244
375
34
963
490
170
315
142
943
290
449
209
966
290
800
407
882
692
65
719
215
305
920
427
380
317
677
171
495
194
447
114
777
286
396
457
654
22
24
934
517
523
54
624
347
372
855
715
306
573
317
7
215
371
775
665
901
208
864
3
465
668
105
999
42
287
2
297
819
971
617
969
550
645
930
466
21
913
112
707
403
930
886
964
312
261
278
777
56
286
709
590
906
795
770
599
117
30
605
710
110
769
515
367
15
707
120
804
219
901
157
494
251
195
219
19
750
628
639
694
392
241
161
243
481
809
547
380
625
65
822
49
135
473
351
880
530
176
536
779
828
270
580
578
997
889
234
554
80
914
689
689
166
613
470
244
850
858
752
269
864
608
189
686
634
323
364
93
712
826
200
562
587
627
156
621
635
882
413
11
815
500
985
602
85
379
461
64
335
417
273
114
87
521
871
51
257
261
518
541
712
346
121
50
348
667
398
288
438
965
534
39
73
420
440
949
42
519
572
115
212
225
736
63
193
583
700
398
348
640
401
232
405
954
512
821
524
812
929
719
392
531
161
643
40
892
325
4
983
296
910
166
81
363
579
795
177
614
636
876
404
172
658
179
269
854
383
978
445
426
710
197
96
416
505
222
772
791
34
3
285
732
164
485
804
776
715
961
338
956
16
642
80
321
366
840
201
167
768
353
893
31
27
544
906
612
483
131
612
644
665
454
666
934
802
573
987
781
486
918
111
362
716
744
492
236
664
753
361
74
696
955
326
9
164
262
493
964
221
12
637
365
988
465
620
986
875
389
340
152
722
383
256
751
440
621
670
679
939
897
612
261
213
662
188
617
211
269
431
126
863
495
361
526
827
280
456
655
720
25
271
850
94
564
484
832
501
356
320
290
187
51
124
696
877
318
112
75
459
982
995
456
961
300
707
619
501
635
929
984
85
187
972
755
258
274
951
985
650
174
933
661
340
299
136
277
778
634
760
208
871
122
663
208
155
638
757
183
635
800
217
467
33
482
789
349
256
496
895
233
953
951
96
454
742
179
88
748
894
694
842
196
141
968
778
850
823
522
204
174
295
401
372
546
111
815
692
818
917
173
934
148
51
556
842
912
885
367
22
695
453
739
654
335
47
399
888
582
390
878
767
105
424
888
613
665
37
346
169
624
136
672
625
864
801
655
154
654
444
497
725
679
105
235
382
521
551
790
48
734
699
959
616
649
641
285
459
599
3
262
638
758
461
423
659
21
478
363
673
643
560
378
253
723
770
967
332
550
455
736
230
490
654
65
494
533
544
795
276
816
353
514
229
795
911
857
257
785
578
482
88
48
684
98
193
68
564
700
460
480
124
405
155
107
969
97
765
750
185
613
453
216
625
769
375
931
337
939
96
419
71
691
553
273
507
564
918
746
418
805
724
172
221
331
609
352
486
26
957
569
82
919
997
869
164
923
717
870
40
558
812
565
230
644
169
75
421
847
491
496
399
605
841
657
545
947
635
398
227
334
681
148
852
146
494
739
581
361
640
369
291
385
267
230
705
768
905
102
344
922
844
268
978
574
978
385
275
952
670
455
499
111
802
968
516
375
642
702
912
487
895
296
946
720
811
934
973
545
701
264
612
572
977
35
791
803
404
830
484
281
10
617
923
763
404
498
241
998
304
677
736
336
570
866
643
96
651
647
1000
881
468
202
114
209
184
831
696
32
461
76
936
317
66
397
753
72
847
417
961
279
244
867
922
665
490
428
149
103
496
541
60
528
992
201
963
199
430
760
680
974
924
413
292
294
311
955
981
186
239
877
247
683
115
773
747
278
758
699
823
183
363
20
604
142
238
551
764
365
478
686
145
531
321
106
978
304
270
441
82
531
550
997
143
702
232
111
221
245
542
778
984
215
208
858
852
981
279
283
451
972
363
817
223
14
666
364
308
429
310
997
45
902
112
729
718
24
718
592
857
294
427
920
217
451
703
50
558
398
912
275
647
210
131
821
372
675
646
645
509
960
128
982
453
40
281
906
736
254
96
15
777
74
141
344
224
691
989
588
602
490
428
45
549
445
509
153
103
910
739
4
398
382
222
768
975
639
460
567
213
783
662
95
820
747
178
724
827
159
821
790
466
960
463
836
163
200
614
104
586
379
497
127
913
941
733
37
909
654
530
896
37
627
600
559
327
662
587
550
317
575
991
827
288
236
893
48
223
697
303
955
433
240
590
803
166
534
220
783
627
105
416
645
502
238
973
991
878
446
616
25
317
81
514
86
866
306
585
949
603
300
679
374
935
870
540
549
743
830
494
993
713
915
250
498
127
944
560
612
459
898
185
734
610
840
230
505
526
666
206
17
890
337
673
39
283
763
184
178
843
278
252
665
888
101
875
717
711
822
497
127
178
337
251
378
684
385
839
793
968
178
524
816
976
272
860
224
790
961
601
889
320
464
527
540
752
208
13
11
688
902
265
113
555
157
100
442
795
662
659
483
338
881
418
58
311
731
757
748
182
150
761
360
573
234
223
161
439
460
323
683
603
783
662
283
859
80
50
687
895
145
510
359
472
625
386
728
402
688
650
153
951
601
212
456
238
655
940
495
739
792
347
593
918
437
886
398
158
220
228
346
723
125
538
390
67
729
560
807
348
266
655
165
452
434
478
948
641
713
595
183
7
674
652
13
796
320
676
291
626
238
761
284
567
375
880
55
745
913
34
254
103
753
32
718
123
193
434
973
425
222
922
10
390
982
816
967
613
858
983
579
872
343
115
816
264
666
455
905
519
303
803
512
163
555
931
638
705
348
883
524
976
45
26
154
907
704
104
11
67
279
269
536
335
120
835
183
134
847
739
351
758
718
595
259
116
27
711
375
822
483
635
23
620
307
300
774
627
820
267
24
577
954
824
82
561
169
36
125
121
698
119
602
716
806
293
760
422
425
423
606
383
981
646
295
533
923
642
172
944
284
787
714
635
340
47
723
982
541
105
174
668
715
671
804
506
592
859
811
712
249
863
171
712
287
226
247
152
699
340
982
880
136
44
32
942
242
124
369
911
963
260
576
109
332
570
266
237
476
941
71
628
335
413
374
333
293
851
191
449
460
508
767
906
400
297
542
645
920
427
683
817
32
227
814
457
79
186
137
921
300
649
62
720
966
256
120
126
494
156
72
448
729
188
235
495
874
533
426
982
864
874
346
305
271
65
263
125
389
752
177
340
895
992
945
902
336
429
607
519
434
128
719
526
826
972
996
546
699
376
924
501
470
848
65
429
223
649
350
883
530
63
641
330
521
111
820
532
495
562
684
889
945
719
338
496
492
72
319
762
843
775
83
252
132
295
297
346
84
810
321
567
648
174
881
370
306
857
710
970
654
292
0
771
646
430
176
333
603
501
514
178
348
328
289
776
912
291
183
25
44
193
793
549
156
632
82
172
185
113
832
434
321
912
304
844
874
32
462
195
74
62
934
924
703
822
527
977
687
781
740
625
359
470
473
759
569
492
81
761
795
784
615
674
724
54
487
361
613
723
845
399
494
174
904
584
168
462
556
519
442
414
2
366
499
83
519
685
733
637
138
985
436
309
771
86
864
277
59
296
887
288
688
701
26
801
63
400
599
799
147
693
246
716
373
896
445
153
844
601
801
891
355
180
391
354
168
997
546
41
669
900
329
702
131
868
163
896
903
487
833
535
663
309
251
867
829
673
271
965
719
859
320
297
522
633
652
564
602
203
302
80
834
343
311
583
974
997
154
563
326
657
637
759
462
81
378
314
771
500
651
719
776
726
135
639
125
675
183
899
929
940
876
591
313
771
724
388
635
97
890
150
765
455
782
965
51
556
171
233
375
83
96
976
622
926
168
728
540
626
556
286
946
567
547
219
460
633
753
448
279
957
100
725
76
88
556
182
951
942
279
650
88
226
403
238
875
555
757
715
983
948
615
659
12
188
748
48
204
359
142
319
592
614
365
182
221
480
468
555
703
923
92
676
376
516
202
572
367
820
60
962
42
48
554
331
519
777
974
899
795
51
836
541
826
307
893
922
246
73
167
215
760
246
728
138
600
962
764
17
401
433
500
411
440
523
631
537
796
843
845
422
518
850
276
756
102
931
429
684
238
363
245
913
188
394
885
825
577
57
305
630
640
931
547
883
493
65
702
166
972
396
239
922
101
693
243
855
32
740
594
826
435
971
486
437
27
185
991
83
777
609
925
610
611
340
91
626
210
54
387
990
467
708
271
674
980
780
185
887
858
125
561
946
115
866
547
34
796
781
228
284
819
110
536
765
140
981
62
288
336
882
284
193
903
247
132
925
843
381
798
412
267
72
892
437
378
28
835
678
946
718
75
85
535
459
147
822
391
398
100
625
575
938
442
814
644
696
75
32
463
945
453
416
762
643
967
303
470
597
363
83
261
167
635
156
4
503
563
726
919
193
569
260
735
848
264
77
888
459
634
43
132
373
766
869
492
402
646
907
980
46
664
539
822
911
561
796
835
823
721
801
581
796
51
601
538
218
18
323
563
145
439
244
37
448
717
288
942
544
875
354
990
449
854
466
206
320
786
314
282
875
848
570
36
490
938
299
134
7
175
638
815
574
734
95
351
512
434
144
343
133
962
467
964
622
392
639
806
332
870
938
242
208
691
650
709
131
53
876
828
13
407
658
991
644
249
51
743
141
954
380
603
152
903
251
47
584
559
802
318
932
83
949
503
21
412
295
351
943
226
460
69
384
958
498
727
343
508
677
885
24
341
640
760
560
825
143
283
120
670
218
585
94
15
886
835
307
4
54
785
132
156
999
625
643
877
779
270
991
975
236
816
288
866
887
306
789
617
114
782
599
423
669
671
871
871
821
757
122
892
193
208
642
447
189
756
824
80
231
517
26
968
408
816
165
151
815
847
307
402
992
930
962
738
219
860
811
413
913
35
896
752
531
436
104
473
864
670
967
43
650
521
407
224
352
241
992
759
659
675
98
724
774
347
249
92
767
107
170
968
325
389
440
152
24
771
210
70
69
17
57
455
392
543
232
979
37
39
169
441
819
621
312
992
556
772
107
107
520
103
564
970
264
770
13
521
855
1000
474
875
37
32
880
161
472
324
625
721
123
431
256
597
594
843
1
116
822
515
23
925
15
391
887
731
823
656
215
734
965
890
3
786
124
100
263
352
160
900
709
960
990
684
117
402
398
809
469
216
315
91
590
146
671
158
323
79
422
744
473
757
770
763
527
312
417
508
976
769
756
615
700
315
515
733
524
917
542
818
894
713
188
719
453
535
654
285
230
1
118
340
730
619
396
85
794
945
688
808
22
682
616
519
122
733
155
591
606
46
389
197
949
266
615
209
817
860
323
907
402
418
887
376
607
177
164
883
514
416
870
585
116
611
689
349
761
451
687
611
828
117
34
433
898
53
286
671
508
76
217
349
161
413
871
917
613
972
118
771
583
887
262
658
225
81
497
518
751
828
612
966
955
667
811
827
435
418
561
189
254
175
741
741
940
817
440
298
263
629
288
173
190
192
441
595
89
660
800
377
883
248
589
671
647
900
592
907
666
416
169
886
965
757
287
472
218
825
64
378
369
620
173
212
171
647
727
177
624
407
661
149
519
892
488
80
170
298
788
592
171
513
624
517
553
503
401
277
130
685
445
170
997
85
635
832
592
441
793
31
614
987
895
757
895
374
681
240
259
190
759
92
365
990
893
361
656
833
500
25
418
659
168
176
523
282
259
699
866
981
805
317
43
144
960
408
698
734
207
50
701
727
166
669
518
429
995
138
633
898
400
68
953
889
345
157
279
813
887
274
940
871
563
729
361
199
770
481
90
564
816
641
691
271
236
151
205
637
975
652
106
338
997
997
558
735
193
80
702
877
650
29
844
458
502
36
326
305
653
441
509
643
951
210
444
679
489
48
921
207
378
871
993
780
934
234
493
567
514
683
911
324
482
192
353
900
437
677
589
949
314
444
94
314
163
298
220
332
729
289
217
79
830
971
138
331
563
280
764
272
986
830
146
43
442
453
80
159
628
417
576
276
12
170
750
590
682
147
214
580
25
714
903
278
5
436
543
288
556
835
301
963
15
148
326
216
122
41
896
299
551
600
660
840
186
151
347
933
647
750
296
980
654
305
222
580
326
133
830
699
366
720
232
977
751
845
69
101
636
995
35
554
176
257
978
523
488
730
315
745
138
183
374
995
911
775
453
563
887
126
249
577
906
587
916
911
938
689
3
158
247
611
846
183
75
892
184
485
4
129
993
971
211
180
567
654
596
94
76
872
218
34
514
805
324
614
807
321
463
162
211
151
601
467
796
548
196
214
307
835
315
32
376
67
598
8
90
344
805
15
146
422
758
343
499
852
225
908
419
705
894
46
699
9
433
448
604
950
246
518
651
268
829
652
656
282
569
977
521
907
368
428
684
958
220
504
585
146
236
985
553
738
378
510
607
927
341
831
462
243
149
490
613
499
378
725
778
97
144
992
13
15
437
978
316
69
815
385
647
989
904
550
977
316
457
129
830
446
247
89
632
945
44
920
714
437
559
108
991
447
801
408
509
886
2
854
433
579
242
671
731
704
125
719
260
355
906
990
426
35
557
934
8
977
866
299
937
976
652
807
268
89
126
371
632
308
878
277
207
261
458
692
48
401
380
352
830
757
535
175
529
608
446
818
662
184
552
458
742
419
656
103
622
712
33
964
584
584
330
158
681
938
795
757
884
252
358
925
704
167
687
114
537
764
789
502
5
601
28
736
138
563
686
788
731
399
274
271
732
128
646
852
766
228
39
935
475
940
377
525
453
54
617
264
17
653
38
840
777
895
649
245
528
612
618
53
241
705
389
649
283
912
326
86
515
23
992
463
23
765
895
478
390
294
709
305
370
983
294
114
61
914
701
614
140
146
6
687
179
1
751
200
634
995
850
240
142
930
628
637
5
718
818
349
823
431
290
824
846
44
569
100
716
302
755
156
23
150
364
299
684
561
228
103
649
462
441
947
6
827
172
39
627
145
211
457
453
305
771
849
772
633
450
912
485
534
164
362
910
832
204
68
317
956
194
7
30
393
600
17
651
920
414
274
760
635
848
331
86
490
253
788
980
805
964
74
824
515
327
681
450
201
115
620
152
196
502
126
875
144
318
522
188
768
874
626
732
597
356
641
986
887
369
217
864
726
83
209
291
815
770
270
741
408
114
116
191
504
809
888
413
431
547
156
488
875
356
787
676
115
627
109
44
206
475
730
794
383
53
951
745
112
462
811
551
201
960
283
26
204
192
348
756
70
568
265
209
238
578
3
639
268
932
872
698
780
975
337
881
28
39
477
576
975
918
474
173
634
294
280
228
675
88
319
692
912
568
564
696
321
551
973
539
93
563
974
868
660
827
39
338
114
429
304
904
884
749
61
305
595
142
726
985
414
476
436
877
49
406
632
237
883
857
904
765
993
708
13
181
168
249
217
889
298
904
951
260
272
14
640
677
429
134
249
725
36
953
549
91
562
719
175
110
136
493
781
322
408
956
397
438
242
352
955
548
842
542
228
50
842
739
158
251
562
966
528
0
899
418
997
547
647
516
743
565
866
703
485
697
127
913
181
519
969
276
825
411
129
667
660
461
488
102
534
518
23
62
449
217
830
906
435
57
277
712
996
578
754
228
626
338
557
826
245
322
446
33
580
216
73
683
115
677
39
190
386
454
889
763
454
178
68
907
260
1000
450
286
870
472
782
640
493
97
706
66
938
142
461
810
27
771
458
382
259
392
631
230
514
73
459
792
177
701
391
226
869
488
473
670
316
286
38
410
856
979
589
836
572
532
23
605
204
133
40
59
270
225
689
961
831
124
748
71
938
367
709
952
653
90
283
617
985
401
389
722
196
535
701
913
418
525
558
81
993
998
721
553
691
870
848
633
258
248
633
644
523
553
780
799
946
455
794
284
727
599
372
577
667
761
607
124
103
942
444
29
968
559
801
432
764
640
722
432
308
158
258
204
857
453
491
119
777
2
526
1000
208
216
667
210
621
773
457
776
555
16
354
822
927
971
636
606
772
718
362
162
474
871
691
468
70
55
124
296
972
274
496
441
944
68
507
637
745
671
508
489
387
239
505
780
405
435
201
528
412
96
556
736
578
696
788
945
143
599
790
824
858
812
183
891
556
678
667
94
376
817
903
786
587
655
576
644
652
927
65
984
638
160
367
393
577
672
547
69
13
173
854
633
100
547
783
570
284
135
569
960
744
185
875
149
521
772
672
329
107
748
702
575
14
529
782
185
939
19
264
978
38
168
1000
18
96
506
94
783
1
590
656
192
668
477
584
572
712
973
154
807
959
117
41
478
719
636
416
959
588
37
147
425
966
118
865
777
466
734
236
693
11
588
932
252
977
675
663
877
225
667
613
341
857
447
965
481
215
207
74
467
283
436
347
977
75
731
516
957
605
136
80
195
339
895
315
370
997
441
55
196
739
625
534
200
349
36
378
302
179
859
699
836
736
966
486
402
944
969
254
131
753
726
490
197
588
282
509
416
243
475
301
306
914
929
864
581
189
508
375
929
734
455
123
962
625
158
258
425
887
394
691
596
148
72
233
404
181
988
792
353
295
729
181
518
558
915
429
406
580
795
906
30
594
378
918
259
851
473
91
657
938
657
502
537
890
269
594
957
771
866
106
798
958
548
27
871
703
234
228
620
776
398
881
125
891
249
714
497
600
123
260
791
861
593
392
913
910
224
626
809
181
765
401
514
589
38
423
310
241
923
832
256
209
85
501
872
599
520
254
517
196
457
525
189
769
206
183
686
728
233
167
409
598
421
41
147
868
23
820
140
413
238
344
572
587
709
84
83
449
131
297
69
622
712
285
85
229
338
790
637
742
853
458
324
224
789
954
855
969
78
942
163
8
91
392
717
107
778
423
107
459
511
478
121
813
688
69
360
124
832
151
362
162
672
775
461
96
347
138
50
186
956
430
381
609
766
486
951
574
19
476
771
599
389
605
802
199
274
658
610
211
126
758
295
262
835
226
117
763
630
192
596
198
583
720
818
911
770
894
331
594
157
22
30
674
102
232
830
969
628
113
218
930
307
453
32
278
540
913
942
563
788
699
517
671
252
430
479
742
388
619
876
612
263
25
228
585
736
474
95
974
899
698
350
394
739
319
290
401
313
595
474
861
992
807
812
991
833
495
214
15
661
598
204
928
499
673
14
674
387
737
783
108
203
230
947
451
807
688
897
437
262
984
270
809
968
188
77
163
368
622
840
815
824
717
217
688
877
398
355
596
204
867
979
40
552
131
924
498
638
346
801
700
996
443
294
455
956
607
479
986
869
735
133
498
460
694
516
116
469
624
908
190
645
146
821
243
741
368
927
139
631
413
46
859
844
119
625
735
233
202
78
793
983
362
647
666
28
891
427
286
428
167
230
612
191
377
585
674
630
648
466
100
830
174
115
2
611
463
683
531
273
451
902
618
568
646
313
859
852
653
157
692
211
406
900
868
109
23
70
825
274
771
555
986
421
239
867
122
833
144
714
613
429
707
803
743
910
350
25
332
524
868
841
422
609
860
215
828
538
486
862
536
548
60
102
675
368
434
317
995
690
846
846
412
577
162
412
936
938
458
822
391
872
968
964
548
851
406
79
216
91
87
763
323
383
283
500
731
429
456
264
496
187
702
901
933
362
678
674
212
460
635
214
830
710
167
633
595
625
141
766
480
80
923
498
819
912
945
199
451
790
412
388
333
364
529
418
122
562
454
934
942
910
944
422
195
95
698
677
729
31
747
341
629
340
296
827
708
449
281
995
207
892
940
598
22
46
563
118
133
821
807
761
639
537
988
552
751
979
996
552
555
838
932
465
866
356
582
831
637
217
803
415
3
29
314
538
557
307
274
988
621
332
941
704
995
495
171
619
746
354
32
335
513
570
853
229
982
666
594
870
611
242
484
321
971
376
71
489
613
266
398
913
519
134
364
899
92
361
74
940
128
119
320
786
887
613
335
830
554
300
876
626
634
67
395
844
802
80
13
84
538
944
191
372
492
581
292
139
13
481
644
81
615
492
98
695
540
431
676
39
909
239
348
545
104
137
8
391
71
308
275
958
441
1
607
83
616
146
633
450
591
346
535
675
790
961
966
781
520
249
325
338
626
619
190
883
761
208
647
897
994
974
394
493
730
786
530
353
387
157
903
768
23
126
332
309
565
736
889
401
799
449
661
11
905
786
743
451
572
921
967
847
431
170
549
106
587
232
832
506
80
376
728
458
715
499
834
117
56
812
479
948
37
169
300
210
675
325
249
288
314
787
946
734
432
156
725
823
231
103
262
92
648
407
409
219
106
15
954
367
383
533
848
149
618
690
718
971
976
277
457
815
749
911
161
732
45
138
559
737
694
175
479
932
724
691
358
714
238
602
853
959
872
681
404
494
697
643
140
408
652
636
685
383
119
589
346
873
503
697
587
194
869
72
349
429
858
64
283
748
212
468
438
729
616
983
624
74
597
818
548
725
10
696
937
235
901
200
262
662
189
630
564
707
528
692
209
636
613
234
683
512
387
389
332
781
815
109
966
547
287
681
509
559
832
176
753
162
397
710
546
31
104
136
715
445
142
52
372
597
102
548
459
27
64
951
615
650
918
937
20
225
696
904
424
171
260
91
204
562
448
528
465
949
156
159
22
868
380
85
716
522
893
71
746
648
531
295
31
295
468
283
691
986
413
885
49
618
193
317
374
216
954
144
156
272
983
386
124
231
0
961
306
256
173
16
849
175
854
529
876
112
459
776
684
116
767
867
926
268
571
507
920
806
927
151
849
15
63
350
379
589
515
862
450
905
725
981
587
792
15
450
210
4
47
664
133
470
219
772
585
235
651
739
213
765
54
21
188
389
831
806
949
623
980
933
626
450
475
587
852
992
464
663
757
408
426
385
377
789
399
705
380
19
843
203
436
927
747
51
190
419
417
529
925
487
762
615
95
475
713
687
898
965
117
803
802
962
50
659
585
966
801
186
10
136
424
444
804
724
123
341
510
43
681
4
957
681
416
93
780
781
832
1
541
732
721
562
651
80
86
80
821
253
529
115
814
72
346
819
860
758
302
165
708
689
320
159
669
282
66
127
479
445
182
244
260
900
929
431
161
301
382
835
311
423
578
534
552
871
332
848
811
992
716
238
363
211
623
937
446
750
51
144
165
713
518
834
559
850
20
995
921
260
996
21
572
186
306
357
381
39
66
188
282
422
427
167
275
371
424
410
434
868
37
741
662
829
192
109
907
77
127
150
625
883
316
360
646
783
257
904
986
893
815
926
831
78
435
686
277
684
776
274
856
484
336
433
113
624
267
518
127
327
311
840
107
253
521
590
280
861
874
537
799
803
83
941
884
208
912
911
419
951
193
791
815
363
581
292
496
127
120
283
930
69
55
969
626
976
700
162
464
402
245
682
338
276
88
185
940
755
465
131
595
239
215
952
593
238
25
426
105
241
691
951
661
507
867
101
406
464
492
185
438
359
374
757
307
928
736
861
444
639
501
54
14
823
838
117
148
852
543
678
45
855
172
292
20
516
579
600
387
947
950
132
904
22
914
472
361
390
74
317
214
468
829
195
336
928
111
436
115
575
36
426
0
865
771
503
872
377
977
20
446
624
816
642
331
576
701
398
27
320
402
315
167
595
865
227
486
622
234
360
919
459
883
12
346
24
307
686
667
715
318
374
642
951
431
925
626
670
528
960
103
218
988
730
233
244
997
754
641
878
997
795
233
287
912
310
938
917
68
896
690
537
956
31
7
735
576
436
273
550
931
848
325
366
679
907
895
95
119
95
903
501
566
366
408
330
578
296
65
850
450
480
215
876
102
80
596
126
12
218
595
322
768
205
365
640
541
46
809
921
434
687
302
244
264
584
757
316
430
739
635
505
204
791
16
47
659
2
380
865
891
402
863
451
14
248
878
219
232
546
368
443
743
223
51
922
90
406
618
222
337
833
665
16
649
355
472
444
264
788
801
182
444
865
727
623
182
579
101
702
829
312
905
727
1000
769
868
131
410
596
176
853
712
518
965
746
663
502
962
373
280
43
457
666
688
612
780
119
968
86
417
199
979
18
15
52
760
989
161
440
755
125
187
481
366
923
979
93
472
204
750
701
493
131
736
322
325
654
444
285
982
319
905
829
161
985
630
502
687
79
821
404
944
156
726
382
81
492
161
15
734
18
231
451
279
961
914
283
23
310
909
933
666
571
936
284
578
321
826
195
232
539
874
634
242
417
745
213
813
226
946
364
655
686
585
409
176
732
825
398
789
981
442
535
708
72
191
610
223
957
3
313
813
584
667
199
981
341
97
912
289
845
271
56
290
247
522
605
680
826
600
189
898
623
899
36
83
420
961
437
691
299
419
938
202
738
645
377
263
395
437
192
472
804
18
665
895
754
314
401
523
918
471
199
888
844
125
47
766
539
409
61
103
38
887
838
55
928
500
80
573
509
611
811
894
410
38
950
467
611
933
158
480
417
568
679
548
545
839
725
5
257
815
305
109
266
849
466
857
630
349
701
237
767
401
242
57
933
362
273
241
703
453
651
302
804
815
190
164
639
621
729
835
42
346
131
824
758
936
86
623
13
207
806
962
128
998
269
286
956
710
12
756
540
886
123
134
486
15
289
682
54
658
956
526
325
667
923
188
286
958
976
747
536
690
522
964
99
640
523
19
409
156
473
476
692
476
77
706
314
443
756
525
26
69
983
995
292
991
608
887
824
925
732
118
732
549
408
946
236
213
70
105
193
608
948
263
924
551
392
355
975
364
308
790
354
995
925
152
68
278
988
564
292
455
486
804
947
948
746
581
314
632
706
772
579
983
911
739
90
227
284
172
306
844
757
660
195
123
485
77
781
576
734
179
341
663
359
927
199
832
716
256
548
406
617
786
909
146
549
996
238
107
742
9
644
894
536
336
462
234
682
861
387
48
60
401
817
168
804
756
917
941
567
139
772
372
979
844
979
578
756
321
1000
424
205
748
275
154
281
66
453
628
150
792
379
92
422
141
374
706
419
463
108
944
620
217
994
869
627
303
722
20
580
640
389
919
151
908
537
393
746
402
661
177
189
654
976
600
484
629
232
825
733
211
806
575
990
861
768
298
769
156
598
967
360
938
130
426
717
453
92
144
517
540
598
196
59
803
74
553
389
274
34
507
881
183
596
67
486
507
561
102
302
39
790
315
777
111
984
742
682
538
253
866
572
992
672
295
502
464
935
945
448
892
225
598
581
255
822
784
267
777
941
471
546
694
843
45
366
823
472
642
958
833
139
544
228
1
684
702
210
601
349
405
302
76
177
273
96
825
567
270
661
111
619
337
452
753
458
699
45
73
350
564
27
60
770
903
715
307
837
317
810
629
69
862
172
712
656
516
191
748
99
567
940
822
596
703
591
109
493
301
616
85
301
320
956
136
340
107
162
926
622
759
494
487
339
201
94
668
700
787
377
684
726
323
247
656
722
42
398
275
955
544
83
162
444
279
484
311
844
107
969
104
971
675
929
6
914
998
653
721
502
67
421
481
848
109
771
402
259
653
223
812
35
516
470
27
317
144
938
201
15
728
569
421
439
761
537
741
915
141
570
712
862
277
220
656
865
674
764
71
988
837
275
318
656
906
233
32
314
932
148
236
206
355
379
312
778
0
683
285
501
338
413
846
596
678
347
109
160
954
557
130
462
58
531
429
653
513
436
283
542
322
749
960
295
737
398
935
106
131
545
51
260
185
599
162
85
883
475
691
429
545
816
883
921
775
689
315
763
44
497
695
873
928
154
701
518
99
281
6
977
161
113
106
235
955
686
893
655
817
128
781
840
350
988
230
896
865
868
46
186
13
402
531
76
161
852
681
759
61
439
696
466
474
751
457
319
3
156
945
81
792
537
902
373
690
633
942
446
862
247
767
904
570
981
757
569
701
891
282
726
849
708
112
969
45
619
759
501
579
866
311
103
909
304
191
336
946
175
906
496
604
39
486
490
340
958
766
243
273
566
569
147
234
994
652
521
387
74
591
207
777
995
169
563
276
956
247
322
570
883
334
795
489
313
32
764
155
124
111
201
919
87
11
870
116
103
934
637
751
122
327
388
793
193
704
162
589
904
575
887
966
475
29
569
621
63
638
240
760
354
767
253
53
138
125
633
220
722
828
126
795
9
101
749
723
437
35
570
947
811
161
586
962
275
973
724
751
929
660
468
993
220
726
775
389
757
842
0
590
405
569
8
671
499
871
808
267
869
866
634
885
158
802
556
127
954
795
343
103
845
504
249
164
910
731
770
958
300
926
420
223
422
383
570
457
328
987
310
359
912
662
134
822
127
243
774
740
327
622
566
6
938
336
927
702
280
312
335
241
231
899
571
388
292
781
709
840
867
237
917
672
791
421
352
897
951
321
696
54
545
916
490
356
846
777
272
574
472
43
398
546
598
991
251
76
394
678
396
368
595
455
828
370
90
471
721
808
58
933
970
850
656
361
376
313
780
232
860
776
756
845
203
413
710
199
936
988
267
829
925
599
908
550
917
150
399
426
861
905
384
893
470
626
925
330
123
413
493
56
47
481
64
484
1000
651
762
699
343
594
980
490
23
136
969
114
152
752
973
389
818
908
891
364
487
946
364
900
269
825
339
393
583
793
537
852
948
465
837
492
937
331
403
861
764
771
563
798
70
476
769
104
676
258
982
959
954
494
14
289
63
833
560
846
628
226
772
192
637
992
373
216
528
642
214
31
566
318
533
928
704
946
949
748
33
304
117
103
948
345
394
100
595
324
67
57
743
513
121
74
339
843
164
183
540
452
489
207
703
413
215
65
750
291
873
635
706
688
129
116
484
92
564
335
590
840
132
159
564
583
160
256
646
286
603
873
385
991
942
653
511
356
35
963
101
345
274
68
411
926
863
641
443
359
971
281
46
31
185
785
308
741
345
939
952
929
92
505
465
765
556
649
639
729
797
896
293
755
221
976
677
987
20
875
906
179
87
854
374
716
96
32
155
917
185
482
797
336
376
315
563
135
522
711
168
372
197
249
885
581
658
738
396
887
758
292
768
156
477
67
499
791
722
183
106
974
460
693
249
942
724
810
409
484
782
565
948
589
478
812
721
641
878
415
449
307
780
7
765
448
40
3
996
761
653
585
844
387
614
125
988
837
779
250
319
628
523
235
888
372
913
795
774
561
249
941
56
255
547
567
718
911
573
926
896
850
342
232
787
971
793
163
39
126
601
104
164
288
92
694
356
163
596
62
930
223
87
151
791
728
456
792
771
944
720
884
351
717
473
607
218
342
987
783
259
811
851
343
929
506
201
639
656
831
670
946
171
191
117
595
256
48
966
254
653
16
72
267
738
417
960
609
730
542
382
27
29
446
20
739
837
718
400
812
360
842
213
339
896
699
937
267
861
631
979
373
110
95
810
929
44
869
739
587
689
730
216
53
864
783
372
568
652
164
632
575
808
967
515
641
150
320
565
935
295
492
885
933
230
400
883
390
280
623
371
189
121
782
497
297
574
227
709
329
736
184
206
859
214
16
40
800
71
833
740
611
38
542
941
788
90
66
988
869
794
884
801
75
694
910
731
424
475
604
962
331
76
686
200
30
388
794
514
179
797
351
694
614
743
646
501
548
126
523
328
457
635
890
22
198
119
488
309
471
224
533
107
692
526
701
20
684
869
468
688
861
544
751
560
839
739
713
989
90
422
673
171
935
888
255
540
69
952
652
140
943
595
877
227
352
985
873
419
347
213
695
843
453
104
862
969
273
663
214
277
794
187
812
36
21
952
17
52
521
894
152
454
346
573
566
917
801
531
448
951
956
153
296
696
99
741
818
356
617
374
26
917
205
953
831
829
522
985
938
434
462
2
753
642
856
363
473
109
881
191
709
248
353
829
582
60
391
907
627
865
33
517
73
843
375
215
811
258
242
271
189
4
989
236
255
545
615
309
262
619
880
44
109
635
60
789
583
106
159
244
882
525
221
992
89
267
694
977
479
305
194
725
715
94
488
718
61
872
874
533
677
819
88
963
71
930
316
430
599
538
163
750
881
365
988
664
908
293
584
909
336
120
919
533
307
697
270
923
521
67
400
192
554
782
381
16
639
948
519
514
392
128
690
147
740
87
521
282
228
404
238
988
327
134
92
778
782
670
194
147
796
999
510
703
159
265
117
57
919
515
272
475
357
91
128
979
73
527
421
2
440
378
122
21
274
202
153
467
491
849
303
16
860
77
553
503
511
836
615
108
823
272
704
677
377
121
242
180
698
277
125
890
703
681
68
866
317
71
525
786
907
374
257
721
750
969
144
265
16
288
30
969
244
523
329
368
423
215
152
756
95
238
94
319
593
59
415
379
998
63
102
966
725
504
898
468
437
547
101
534
242
547
384
812
627
962
490
701
389
529
590
295
93
769
302
144
745
692
234
998
999
167
81
543
832
142
302
447
606
721
283
422
397
122
5
662
205
551
153
240
955
804
140
653
805
648
54
649
115
564
891
247
196
793
690
704
21
197
468
188
947
533
617
125
522
16
621
324
949
242
892
928
431
781
860
16
124
962
881
194
823
912
265
748
550
711
444
795
42
104
73
727
487
832
934
378
342
991
698
633
556
547
507
676
395
783
14
953
165
251
557
528
173
758
66
821
753
357
985
745
771
972
916
993
248
836
102
889
147
175
669
600
276
685
187
876
837
118
928
200
496
30
979
977
292
651
864
506
574
258
344
645
414
471
531
363
709
794
967
962
805
52
260
309
251
124
466
327
772
81
353
768
687
282
361
34
354
510
735
346
538
966
973
80
234
404
325
706
257
90
572
875
491
185
228
364
244
620
686
926
922
108
360
975
485
999
834
603
877
528
743
553
898
844
707
21
197
856
991
844
625
17
192
158
748
859
70
3
419
145
205
45
912
589
816
214
376
924
945
436
66
799
110
193
568
250
342
135
463
27
320
842
991
645
516
359
832
633
200
753
710
540
322
426
306
396
37
666
850
908
992
813
243
823
241
137
522
749
977
80
270
841
861
465
272
784
348
617
120
337
592
759
406
50
566
816
549
650
262
476
249
242
676
851
681
617
391
147
104
46
959
357
688
519
901
724
209
633
561
337
518
588
51
742
78
392
172
407
735
0
115
341
37
174
491
280
743
82
197
629
286
942
412
680
429
115
915
742
756
712
820
971
641
544
145
116
891
456
26
273
532
942
486
696
7
228
561
38
536
548
774
854
236
249
196
137
458
267
488
176
857
920
326
570
48
623
144
389
741
913
762
660
188
23
303
796
649
370
117
427
520
337
817
399
703
788
192
241
682
814
301
304
704
297
654
826
682
508
945
205
761
195
786
703
427
215
258
888
901
30
948
796
649
168
486
4
496
966
411
150
318
351
22
838
107
545
60
880
354
877
980
152
502
443
866
280
419
544
528
445
178
78
228
764
257
835
260
605
229
120
430
326
269
946
362
765
269
554
692
713
197
264
608
445
628
934
282
405
11
549
105
630
982
396
301
981
53
258
888
939
233
855
918
159
751
454
454
635
211
938
144
989
822
905
42
37
647
367
422
91
474
47
42
591
202
27
646
100
974
784
329
849
996
84
609
636
416
698
705
807
981
610
667
107
507
533
769
321
899
370
75
912
662
596
843
722
364
239
618
812
278
287
616
815
54
994
601
260
538
858
846
909
278
194
876
105
479
63
363
437
970
499
315
486
823
791
874
996
817
536
826
195
94
800
224
36
848
308
899
462
540
853
768
775
358
817
425
102
980
350
109
924
908
860
867
980
553
94
40
78
268
11
361
135
856
30
328
826
526
681
180
66
764
456
460
82
204
100
584
46
428
379
904
225
562
190
37
368
454
171
276
164
916
642
193
268
193
49
65
443
915
98
367
452
49
116
762
308
128
179
419
477
331
421
266
989
18
424
963
610
697
5
657
989
376
694
808
105
526
973
387
687
740
273
213
863
645
474
391
399
555
354
459
675
455
608
89
37
251
317
371
240
140
308
359
269
125
663
684
647
414
84
479
34
621
808
393
89
837
485
43
25
485
502
804
961
917
818
302
630
998
241
591
132
861
59
968
926
386
543
278
959
867
326
382
366
830
907
96
988
336
27
612
189
806
759
682
386
274
173
829
252
843
874
534
435
398
369
187
586
348
0
618
870
189
921
687
911
840
106
56
149
909
636
422
506
637
444
700
3
496
309
188
257
385
188
808
831
959
299
797
528
193
740
629
931
353
90
221
103
822
166
268
731
443
330
300
242
849
457
902
288
859
804
830
373
761
199
88
310
538
17
407
420
97
32
524
959
506
244
569
98
721
798
86
403
474
513
470
780
641
706
586
450
411
802
141
115
24
772
400
121
637
692
222
476
330
55
956
263
965
184
956
468
252
370
966
450
305
511
446
492
352
705
230
34
682
791
938
740
864
347
645
962
901
77
389
906
8
75
896
604
775
938
492
631
225
876
429
284
204
563
280
665
555
890
943
874
64
531
535
305
629
137
375
185
223
724
834
944
638
30
626
371
215
405
378
242
435
862
788
628
677
382
920
522
943
253
530
730
475
139
689
342
412
540
95
602
434
260
321
529
912
883
588
477
95
759
298
543
555
669
803
716
641
479
422
828
815
984
664
467
249
706
860
43
321
21
861
771
166
262
318
198
182
562
163
466
218
692
346
614
352
853
206
675
370
900
376
197
7
641
227
732
726
695
659
933
60
280
55
647
415
380
46
202
422
177
204
902
717
413
543
767
510
342
418
825
54
137
87
992
34
730
279
490
450
54
692
744
264
346
698
25
89
20
504
470
782
542
810
554
319
835
685
865
13
151
892
272
599
869
541
680
60
343
714
274
927
734
362
917
219
780
685
969
260
697
57
47
658
129
725
796
44
547
968
424
90
685
637
103
474
436
388
764
607
180
364
261
646
378
637
431
647
833
446
195
570
583
244
926
431
544
473
106
169
823
228
138
365
569
458
698
370
694
607
882
558
243
87
688
779
867
760
548
652
842
448
437
135
997
968
303
120
610
853
985
548
74
918
248
205
722
46
470
979
601
925
618
548
280
84
391
347
260
836
91
716
718
265
867
544
781
584
379
959
25
308
519
535
736
719
98
189
779
311
265
643
363
772
123
695
362
663
344
223
179
637
92
372
599
590
114
640
597
979
558
976
660
322
283
793
358
810
261
12
583
760
770
706
422
260
729
323
858
2
555
97
118
790
586
356
965
894
701
916
342
360
560
810
447
221
399
287
984
972
212
96
737
130
475
148
394
714
906
557
212
362
500
270
27
369
608
31
328
136
874
181
325
475
574
136
500
321
984
361
510
76
111
11
882
414
237
578
852
534
950
102
894
210
916
549
691
151
155
729
483
307
896
272
946
33
648
214
24
435
597
12
71
130
915
68
693
925
776
19
80
876
783
603
270
35
886
549
97
336
264
919
316
325
102
564
522
770
445
897
846
605
946
764
69
309
331
445
705
208
191
183
538
873
544
248
371
78
622
699
119
663
908
882
383
795
335
696
860
867
861
506
285
917
719
324
162
734
361
867
981
105
184
690
554
597
26
251
112
371
870
85
886
345
915
42
317
316
827
853
807
337
594
336
310
795
258
362
193
685
88
229
495
722
631
514
474
107
448
710
979
260
599
48
395
530
931
789
149
224
355
687
242
525
368
337
238
146
559
764
277
495
661
942
66
294
164
939
667
865
917
208
545
95
97
95
255
735
146
971
690
499
236
930
876
897
494
53
306
684
495
24
431
293
414
603
359
513
65
26
658
682
458
693
725
961
773
631
21
499
971
812
920
621
294
459
162
46
707
447
444
590
352
262
820
346
223
188
522
190
343
960
857
801
728
38
798
871
793
759
358
390
264
623
527
1000
857
242
674
764
299
770
665
799
962
716
134
184
49
165
165
352
19
808
469
73
360
185
743
487
785
165
74
852
566
595
186
207
480
338
296
571
554
360
949
717
627
350
740
722
595
908
6
520
850
167
333
826
743
632
150
642
843
665
392
619
268
469
872
647
545
878
527
763
683
59
611
443
749
689
954
129
502
261
918
353
986
278
227
738
716
597
715
241
912
536
480
745
477
731
690
284
356
366
639
537
594
432
718
350
358
880
20
759
962
714
61
646
873
111
488
722
163
815
477
177
624
752
564
572
863
295
776
865
718
163
440
738
373
318
479
993
670
994
507
113
452
3
183
575
777
890
487
188
238
847
417
744
408
522
320
663
761
4
71
22
117
326
938
808
902
623
191
453
277
531
806
944
182
819
563
200
985
822
849
630
280
480
524
649
632
746
462
422
136
805
762
98
267
814
776
183
124
321
46
662
834
625
935
237
610
879
601
656
894
690
267
598
155
938
951
787
365
970
868
294
533
593
179
945
851
635
607
709
736
975
257
220
337
967
820
302
923
914
974
179
935
443
336
147
666
697
584
346
240
903
78
810
202
764
519
621
673
747
595
8
193
183
564
726
741
3
313
840
0
640
294
446
124
51
99
745
724
422
138
814
517
343
620
4
617
848
368
827
400
423
131
875
999
463
397
167
139
698
146
48
402
617
278
496
160
553
152
638
752
963
126
140
390
285
627
780
76
604
976
23
942
314
639
234
419
748
21
206
398
561
888
41
280
955
776
935
102
465
789
822
693
916
122
776
347
940
526
71
574
69
571
312
177
867
318
130
504
256
538
25
585
197
741
940
63
524
415
179
820
33
301
971
638
520
483
603
906
507
949
746
987
879
963
296
176
624
206
647
880
100
867
981
711
958
542
871
793
69
741
280
697
315
15
81
992
267
11
993
220
853
860
972
481
721
617
906
160
511
838
587
362
80
965
915
147
969
836
630
225
164
178
996
247
414
828
414
783
698
343
585
321
290
270
16
749
203
533
597
408
181
816
710
646
634
40
721
723
393
603
293
320
904
812
278
892
912
833
740
303
352
739
729
562
878
86
544
25
827
117
858
791
331
944
886
509
634
361
561
940
514
394
942
943
147
355
880
951
953
712
783
836
940
863
310
463
526
342
555
435
886
775
635
856
79
172
293
246
648
23
157
349
224
450
182
251
303
15
395
729
865
758
597
692
601
300
265
555
255
363
741
485
693
924
985
655
293
120
263
801
769
669
191
86
305
530
444
606
770
707
105
998
155
695
631
773
315
977
108
907
430
810
910
60
71
143
683
986
967
139
265
287
974
737
171
400
359
672
233
956
644
736
222
697
792
971
883
593
152
214
835
333
839
453
246
888
708
730
31
211
991
43
618
724
566
21
281
152
431
667
5
177
896
540
519
392
847
283
348
305
868
455
701
778
719
815
321
182
218
324
231
130
291
685
265
272
416
50
119
910
248
547
497
686
16
352
284
46
64
25
776
784
496
186
550
587
790
946
12
520
697
26
623
830
417
562
193
251
58
909
179
419
779
469
406
473
971
296
137
857
303
866
429
47
112
794
986
386
23
81
924
843
515
148
621
800
758
446
588
673
897
328
264
125
455
228
458
939
550
375
215
841
34
972
149
587
575
252
492
780
936
94
903
718
561
750
922
936
757
694
47
329
645
744
211
732
775
834
233
47
556
17
518
37
878
643
866
29
199
341
343
572
144
356
989
789
642
306
958
612
377
276
342
498
569
682
136
473
63
631
714
850
261
89
11
349
80
278
210
43
220
325
104
628
870
993
962
784
628
772
544
107
419
569
337
627
842
315
630
314
539
948
817
866
495
318
90
313
335
790
287
997
13
996
415
401
417
850
695
406
965
568
316
194
975
634
114
404
415
198
893
30
743
299
665
325
502
397
681
751
479
522
770
718
232
188
865
338
715
730
212
965
727
406
908
306
73
330
478
574
432
289
590
749
496
118
702
362
125
96
986
964
610
565
885
154
990
673
259
301
969
55
599
892
984
83
920
419
488
149
288
942
885
916
338
307
670
946
415
931
966
197
870
400
25
573
182
347
467
890
780
628
736
30
767
631
545
494
93
53
798
84
912
678
919
183
252
24
12
147
281
422
957
881
931
457
172
552
784
755
284
624
698
243
12
115
509
283
454
881
711
636
630
233
597
588
435
479
817
969
260
351
180
288
427
812
42
239
605
665
990
943
468
648
744
212
683
389
839
466
790
755
61
742
956
594
563
894
681
397
332
571
83
274
520
951
69
657
783
172
859
310
206
566
534
730
798
528
99
30
222
88
794
326
477
789
734
709
898
754
893
320
817
999
134
94
380
848
448
602
660
605
304
251
3
574
675
682
880
827
423
466
651
362
374
938
863
713
197
386
604
642
697
77
567
0
916
369
93
417
694
583
955
323
531
571
28
622
179
105
730
429
146
471
558
451
836
286
530
974
683
542
533
779
688
360
831
76
799
269
335
537
800
108
917
617
687
994
709
179
66
571
525
197
756
918
738
578
895
19
266
506
656
527
237
564
445
179
13
273
853
931
698
500
559
667
534
263
655
955
922
661
934
446
881
611
621
719
735
808
790
924
950
182
328
936
136
267
2
988
473
530
734
927
344
454
584
556
791
276
278
939
607
29
99
597
297
708
11
534
997
301
245
199
436
686
830
768
539
208
524
360
782
59
612
214
436
332
735
927
721
591
802
228
258
212
455
145
259
121
547
929
680
711
517
425
549
607
874
821
777
922
671
915
907
835
995
6
198
88
6
270
498
280
563
702
295
824
451
821
900
299
131
383
796
955
277
865
401
708
736
977
552
97
325
680
982
582
245
230
75
805
883
899
543
887
44
346
188
66
404
537
815
633
449
91
992
17
263
771
853
326
107
771
316
901
201
912
336
759
633
925
981
166
526
202
698
520
265
926
635
269
109
19
625
174
86
419
483
154
388
386
448
910
647
235
352
764
241
333
930
821
834
866
846
587
571
380
658
848
534
714
411
968
527
85
975
634
706
392
73
966
563
717
509
472
771
865
827
767
771
647
453
606
304
656
678
411
538
393
384
129
203
839
278
896
19
406
180
268
815
90
222
332
152
978
755
223
229
111
904
137
234
107
204
704
543
877
329
276
727
238
159
994
558
641
806
350
486
900
816
0
216
5
733
914
353
424
224
553
358
134
500
85
92
867
738
912
327
891
503
857
21
425
175
797
254
50
132
702
658
777
739
234
289
260
953
705
103
408
291
634
938
611
767
404
991
791
902
469
403
660
775
216
295
9
711
993
623
839
867
782
588
743
526
182
539
385
237
803
161
970
204
146
723
405
486
612
19
71
522
581
73
369
336
619
205
614
256
394
112
57
270
720
16
928
717
348
372
549
963
695
825
484
140
933
359
259
849
606
643
549
444
111
180
78
204
670
760
814
225
850
392
232
261
733
233
287
676
922
423
413
793
119
287
393
752
319
883
892
817
461
971
314
319
676
182
774
465
201
180
490
459
410
826
1000
983
724
878
80
80
136
801
556
751
296
744
457
585
332
172
761
284
664
112
846
422
475
84
652
636
351
663
686
197
535
503
775
672
491
998
159
178
289
586
980
47
469
890
721
84
527
27
215
537
792
84
971
661
351
495
372
729
876
530
523
768
46
125
882
768
743
937
732
931
2
770
429
512
752
320
842
795
213
187
855
279
259
965
74
699
919
117
815
13
968
146
891
192
107
138
936
851
301
103
740
949
426
569
974
338
117
382
596
77
948
34
715
665
273
513
642
390
251
344
529
704
227
501
539
763
992
891
568
727
169
207
349
85
266
48
33
466
629
789
863
494
476
978
324
866
952
662
881
436
210
408
432
438
826
493
421
186
985
809
318
361
336
464
801
303
458
715
966
223
455
987
163
665
867
732
978
205
946
89
839
352
134
666
655
86
276
834
994
232
114
923
263
62
14
379
866
493
590
223
341
178
489
639
811
935
638
535
648
517
497
617
281
136
417
958
910
307
980
386
761
495
842
666
556
647
570
856
770
531
423
89
79
103
518
1000
578
79
987
40
710
729
566
512
520
491
723
318
476
160
842
970
30
700
68
380
607
447
258
39
707
384
989
840
240
946
919
972
937
538
815
625
724
35
283
938
289
396
526
962
259
249
113
939
126
447
845
918
604
482
459
995
833
869
739
450
788
892
185
535
587
898
561
293
540
638
675
320
443
742
895
220
186
884
577
424
445
64
423
578
846
34
484
870
254
716
135
795
523
152
443
890
636
849
674
789
434
326
461
893
682
368
155
306
390
298
716
604
314
304
99
844
674
622
110
484
778
828
156
904
694
303
651
199
529
441
294
712
889
895
196
947
837
810
678
47
104
108
830
635
645
28
696
925
235
462
272
215
736
369
903
549
846
330
603
355
167
264
494
902
290
340
248
224
456
476
14
694
416
102
936
110
275
324
183
33
79
506
622
637
632
725
724
445
402
845
809
489
466
144
74
192
413
307
544
902
491
98
109
256
272
951
228
679
46
961
735
993
722
512
152
666
202
891
478
142
423
144
654
428
960
709
722
994
323
458
69
445
710
298
911
235
502
687
155
344
639
439
776
67
480
173
452
975
41
807
802
171
923
524
445
108
504
324
629
217
353
892
183
716
525
819
653
459
829
624
666
112
197
489
745
58
957
991
676
744
295
44
863
186
536
763
97
127
633
745
443
731
145
407
326
723
17
719
936
400
7
745
193
148
47
663
106
796
308
19
380
994
208
808
430
269
265
546
242
657
580
786
148
244
598
502
176
4
460
625
803
926
658
806
348
793
262
281
652
922
607
176
814
323
239
620
397
63
767
178
455
700
675
526
791
662
648
38
989
798
826
467
299
81
246
523
534
173
809
284
661
681
149
165
470
591
258
67
579
16
224
787
889
564
299
348
184
70
405
753
125
503
733
993
295
515
581
397
330
227
95
275
467
720
810
611
558
169
95
224
574
622
378
105
777
756
354
855
302
498
187
331
103
775
683
833
602
943
332
331
184
754
474
721
152
368
471
933
255
799
830
366
463
979
524
261
223
375
482
506
984
110
162
754
158
761
600
429
749
434
38
655
365
859
502
673
262
691
301
127
307
750
113
768
9
709
314
432
760
202
455
723
15
945
263
469
806
533
601
602
70
83
552
301
15
981
591
181
141
513
849
269
930
887
436
449
808
173
969
684
53
801
475
899
291
190
323
144
674
54
528
96
773
52
729
73
104
905
85
430
293
961
607
397
685
460
243
787
596
552
638
878
214
145
800
334
103
644
808
958
71
799
693
299
218
675
761
208
209
957
684
917
541
395
439
792
697
581
993
929
7
829
505
869
172
642
424
991
34
903
943
213
130
276
695
122
810
963
96
247
759
736
481
702
164
665
995
879
805
189
21
440
676
850
923
340
401
595
61
475
435
749
358
940
747
697
367
607
999
751
693
198
914
278
396
393
987
163
532
475
62
837
837
377
397
283
344
133
804
390
159
890
394
755
367
271
837
566
514
429
310
52
940
603
942
239
918
171
798
598
524
812
79
64
833
605
604
593
825
164
258
645
278
105
739
250
108
536
407
828
297
771
220
721
258
605
556
636
270
831
979
915
501
561
225
161
84
548
152
824
496
319
91
291
767
59
160
723
922
992
888
706
42
63
470
477
669
480
39
348
637
141
538
546
493
161
390
47
776
604
497
576
683
434
14
824
153
216
588
289
639
525
799
568
219
293
120
338
997
128
961
826
684
41
299
168
984
35
874
696
876
568
974
315
144
293
100
618
214
916
483
274
498
861
510
854
583
762
713
924
70
102
216
105
59
349
774
937
833
409
64
460
911
772
219
117
225
473
221
367
816
977
19
60
126
215
510
613
401
774
784
190
21
801
390
169
919
853
305
586
682
255
879
97
934
806
54
206
767
819
206
865
245
419
427
495
575
219
262
449
83
92
20
52
906
572
290
454
536
790
570
846
780
278
931
988
714
159
77
606
582
171
244
7
595
60
634
504
194
929
12
504
579
411
118
444
639
805
865
668
872
34
436
84
391
852
682
242
225
809
547
195
682
576
741
482
710
453
39
760
262
276
290
558
830
686
76
183
999
296
632
50
839
925
407
848
590
758
676
782
159
588
897
296
272
91
400
629
388
987
840
306
73
226
489
806
942
508
902
424
253
157
176
53
487
584
763
830
483
886
775
384
721
506
157
216
351
416
351
155
881
767
262
113
546
14
807
401
227
412
55
390
402
803
116
451
399
995
560
713
630
357
410
611
3
475
283
228
448
549
162
526
707
124
491
935
301
88
331
510
864
216
669
71
630
452
422
429
140
793
680
647
433
418
790
720
738
892
63
82
682
46
127
872
680
338
855
463
695
803
720
777
328
368
721
293
91
772
497
818
668
664
126
84
234
