836
508
616
349
295
806
728
245
47
772
932
874
583
256
580
81
578
206
720
171
429
938
18
891
530
120
630
762
276
920
267
563
143
142
272
847
231
656
904
567
475
157
1000
111
339
597
912
692
92
576
308
562
72
508
258
404
852
840
696
194
520
437
831
455
310
595
650
258
288
986
369
192
324
614
328
48
532
715
868
866
505
250
757
645
805
376
890
655
418
391
327
808
340
561
873
700
932
223
464
264
354
876
93
971
92
366
482
211
340
741
8
991
373
146
384
789
493
418
967
335
936
602
755
112
20
809
563
498
378
757
497
505
689
863
741
717
715
425
922
764
797
593
438
144
323
549
341
422
270
741
644
493
141
917
416
160
353
843
310
194
375
348
439
715
478
601
255
87
637
525
144
586
458
484
659
28
292
752
199
25
431
763
243
306
199
433
54
349
557
738
974
37
239
926
502
757
46
724
9
5
1
377
266
682
903
213
911
887
341
667
415
748
50
300
925
729
812
760
769
779
20
869
654
155
206
742
241
238
595
353
112
28
530
294
939
811
713
233
252
937
675
293
830
635
961
144
70
525
90
63
448
926
691
397
584
703
263
616
622
154
958
266
391
505
648
615
269
70
224
413
20
870
203
137
392
629
935
216
931
454
291
639
746
189
944
489
608
542
960
419
859
570
852
625
665
91
8
670
22
168
427
799
433
157
201
627
814
408
413
692
246
848
257
770
864
695
612
235
421
942
118
262
805
60
324
330
736
898
949
364
626
753
447
672
101
133
385
900
433
387
35
216
624
274
127
654
830
211
443
960
399
57
826
40
601
902
588
338
982
377
271
140
278
642
600
896
455
508
433
696
222
246
587
828
390
116
676
535
759
587
882
381
69
609
851
709
501
904
964
402
187
917
121
415
87
230
167
742
930
442
1000
351
789
575
776
300
200
973
898
611
690
372
223
278
233
532
571
51
281
613
252
843
415
204
667
443
871
455
524
251
16
162
910
557
149
130
811
838
510
870
119
382
810
177
756
694
149
790
430
868
55
764
274
211
741
304
859
573
865
251
839
755
484
322
979
991
204
829
910
964
990
778
826
108
327
295
35
163
253
234
50
121
655
875
152
995
856
608
817
86
920
62
696
185
715
746
488
767
410
184
113
339
529
910
850
229
683
472
964
689
554
104
279
266
446
513
883
281
607
324
370
851
568
440
778
741
292
220
896
328
983
511
889
902
46
283
204
447
793
932
340
51
133
952
325
910
990
838
770
569
720
57
677
253
124
835
991
179
901
48
434
231
172
428
427
28
786
144
402
127
202
548
680
115
841
937
844
716
898
333
747
358
76
728
525
594
91
916
354
892
891
964
956
953
622
86
391
523
35
870
783
517
230
613
593
510
532
555
974
927
140
493
98
40
498
142
690
953
858
172
170
645
861
482
180
609
808
984
647
129
700
704
893
373
734
874
389
405
368
683
376
506
377
19
965
712
552
35
4
420
744
218
238
504
4
340
152
932
852
739
838
671
939
690
715
685
25
889
998
58
172
638
969
627
981
399
201
170
741
418
756
800
36
475
487
344
531
602
95
699
687
75
655
104
684
713
658
165
887
149
626
639
949
664
326
108
325
232
978
381
220
174
451
890
742
427
880
978
666
815
536
217
168
37
320
475
875
686
502
492
705
630
468
335
254
555
754
685
207
212
296
405
337
524
921
244
99
137
838
132
458
788
853
733
678
667
35
121
428
497
875
940
700
825
871
871
134
511
711
190
534
247
258
567
969
834
971
653
656
542
510
840
768
249
932
619
412
792
436
569
415
909
112
674
895
815
807
342
702
219
333
322
697
774
698
973
11
186
906
609
485
196
25
893
63
930
690
515
482
57
204
645
800
295
757
114
514
185
393
709
281
927
959
734
617
894
123
871
814
613
422
25
974
325
653
222
907
479
649
813
803
958
518
691
356
457
584
584
935
789
510
642
55
593
305
64
699
986
498
194
266
811
317
59
810
366
844
18
278
616
765
923
476
874
273
462
982
219
829
353
210
133
659
386
95
84
760
37
115
42
738
478
418
264
889
782
282
589
34
708
380
739
844
220
397
377
717
394
573
864
89
792
758
887
848
477
666
205
556
651
679
379
859
926
439
969
65
272
945
29
774
506
872
423
303
698
719
117
563
279
613
281
707
781
994
12
9
810
14
113
413
379
434
556
484
450
652
577
417
453
458
152
654
948
720
586
411
28
834
600
13
28
846
622
981
207
674
760
606
423
258
47
728
57
123
76
266
797
741
320
446
998
955
949
739
231
250
321
188
987
230
974
13
265
468
280
784
583
804
682
393
503
596
692
205
446
275
503
117
639
85
303
460
748
326
781
185
884
144
201
185
487
739
10
291
57
411
624
498
233
205
331
558
900
402
430
676
382
244
91
47
70
355
491
736
518
640
404
932
645
577
220
910
385
26
569
105
38
925
763
354
881
281
530
409
590
128
939
842
734
246
700
767
25
339
673
605
19
520
491
327
733
708
357
615
16
87
693
571
193
377
162
33
770
875
130
920
748
598
935
67
116
142
136
920
458
751
453
278
905
84
415
727
774
282
981
662
419
531
967
866
386
25
66
584
907
321
429
744
484
650
518
741
871
236
393
210
909
696
543
951
790
535
993
246
790
247
780
585
462
179
777
991
444
72
305
768
706
61
790
509
157
217
766
607
845
948
952
492
748
366
386
291
939
997
83
859
731
775
439
738
541
311
759
295
883
137
618
380
741
466
397
544
563
733
599
858
95
983
98
932
703
356
294
837
633
419
118
808
579
636
286
432
437
416
57
916
857
946
835
149
898
906
149
153
874
369
890
188
497
44
602
123
678
88
463
367
284
95
542
530
146
121
145
819
557
133
861
829
196
61
637
827
439
398
718
978
66
851
430
657
876
546
802
910
383
252
31
645
668
92
940
635
580
717
629
517
554
285
849
3
158
412
822
991
839
796
525
709
580
155
241
979
218
682
223
440
251
530
150
689
361
678
403
587
459
858
203
184
364
715
312
23
413
299
788
996
423
882
46
165
178
255
388
359
83
969
824
764
792
388
413
687
712
715
959
533
487
735
379
782
817
434
857
249
355
282
792
81
803
81
784
911
455
907
849
169
221
352
708
482
819
365
560
262
372
992
541
898
831
568
960
411
916
826
421
97
717
884
424
582
64
347
848
477
936
703
15
259
461
831
833
330
939
514
156
929
364
100
594
762
696
721
987
270
558
597
775
969
330
196
462
28
463
910
184
23
189
905
261
599
250
125
775
562
555
877
374
960
932
982
398
859
467
755
484
90
938
758
156
21
662
766
457
968
666
465
921
931
43
646
734
574
398
527
794
871
195
1
650
750
197
794
691
725
394
983
814
706
321
665
675
338
708
924
44
377
102
700
619
282
205
515
922
904
156
231
264
993
457
857
867
179
970
735
708
8
115
47
91
947
388
858
355
716
233
270
752
649
471
437
789
960
360
938
562
170
385
684
92
657
245
681
152
893
318
905
290
775
338
46
382
3
305
216
816
727
276
365
455
853
881
374
455
633
115
461
176
713
263
988
230
58
22
2
473
542
467
444
473
507
183
467
377
260
722
640
549
521
666
198
390
621
227
63
520
622
136
480
643
395
810
342
882
728
924
648
670
340
435
789
103
863
109
194
843
99
887
119
268
416
629
823
13
79
721
657
902
30
889
184
179
561
752
974
753
55
732
6
888
157
308
820
833
307
305
548
866
921
658
74
838
648
943
754
653
422
656
161
422
327
730
102
194
839
269
616
222
268
491
134
69
131
703
719
752
62
343
222
541
552
109
149
830
398
336
560
311
50
194
571
873
88
536
437
336
344
739
735
939
768
214
241
844
38
389
336
652
289
197
825
959
237
935
615
62
477
176
608
791
86
558
764
353
414
868
949
766
252
658
902
705
30
547
515
701
534
483
254
469
159
941
570
343
772
116
505
795
661
888
695
18
240
566
838
522
8
818
741
898
228
961
75
534
61
79
27
324
169
245
265
183
448
735
481
226
475
79
617
982
490
638
325
841
669
740
890
546
486
31
272
177
133
637
161
279
621
815
413
39
190
172
563
732
522
8
238
680
57
828
214
744
9
899
356
57
194
597
627
937
356
580
544
304
529
515
895
572
751
741
550
215
278
159
756
260
590
22
110
568
230
836
114
71
81
94
561
241
718
258
514
86
711
575
806
999
635
238
702
848
951
401
337
671
639
453
1000
310
211
815
848
180
502
57
513
246
969
334
301
444
810
974
251
491
997
273
480
718
413
810
138
747
864
743
376
776
181
612
383
339
757
753
780
511
161
913
88
798
562
707
735
612
33
108
364
76
796
969
728
1000
762
418
952
465
20
897
397
918
832
59
399
380
793
759
71
63
123
780
347
922
211
701
874
763
125
367
804
91
367
56
264
49
177
882
274
103
855
391
204
52
675
282
722
407
623
342
510
83
865
751
4
50
372
501
431
30
946
902
699
212
113
842
962
928
130
268
438
209
494
251
696
264
890
28
113
86
148
609
192
876
635
460
114
488
55
420
374
757
616
874
729
513
232
970
892
851
888
315
837
960
967
250
581
648
24
631
855
116
470
502
820
151
979
223
461
970
676
818
600
688
60
928
408
521
542
469
326
874
987
711
130
79
469
489
85
626
737
777
401
149
394
659
210
923
897
452
478
362
390
253
755
529
184
893
411
923
188
771
385
126
582
431
627
596
865
657
992
246
99
540
412
585
352
123
196
270
279
596
500
362
531
159
412
378
373
540
89
964
176
186
166
410
274
697
930
82
759
347
84
400
741
742
24
804
871
200
532
552
842
637
620
433
85
946
232
294
553
395
293
915
506
51
117
796
947
755
154
606
500
302
595
259
563
680
502
911
621
332
362
774
31
23
283
979
765
566
865
604
441
513
117
672
862
126
419
54
265
595
170
83
10
596
343
419
949
478
293
5
781
303
406
678
389
118
320
375
853
904
287
597
834
37
844
69
727
338
132
423
189
65
749
537
499
289
202
599
807
323
10
760
393
985
330
662
292
25
361
307
8
392
622
75
165
805
749
798
622
513
742
907
276
61
788
486
4
240
193
957
689
260
600
508
588
634
39
869
317
361
303
326
644
996
329
42
186
929
27
410
477
489
234
244
33
271
116
814
842
513
565
972
335
53
517
927
879
406
43
923
144
748
422
993
50
339
445
74
820
918
357
961
168
290
880
842
992
329
525
433
481
667
29
497
737
104
603
152
36
210
968
974
697
10
510
976
136
97
853
668
150
505
665
870
960
693
402
667
19
801
785
608
551
209
464
564
24
130
69
689
728
192
316
801
989
55
203
220
973
964
773
746
263
907
485
893
842
696
679
485
611
216
545
291
668
849
214
581
710
772
38
685
823
104
779
631
165
828
135
76
707
481
351
142
513
261
569
550
111
57
182
429
136
76
111
670
237
595
899
560
672
539
34
132
27
417
983
502
957
978
662
381
250
359
954
239
683
675
199
519
912
904
749
614
986
687
178
722
817
392
152
561
20
733
968
367
112
548
260
113
290
166
675
160
939
596
896
912
839
567
173
253
926
697
825
259
628
337
185
982
28
564
238
2
341
788
790
263
731
904
159
757
227
418
446
125
720
15
87
962
603
182
535
125
459
760
383
862
620
433
751
85
323
222
793
574
951
645
207
701
338
600
131
285
866
886
813
687
647
506
541
409
602
953
855
216
387
580
154
675
534
970
547
208
683
803
982
993
741
864
925
80
512
359
443
655
311
68
35
156
128
663
115
831
344
891
5
884
135
646
305
542
326
438
646
893
493
847
206
704
122
477
622
127
482
608
653
857
904
649
420
35
255
920
533
614
174
312
283
908
709
176
560
243
800
30
944
573
767
214
352
241
830
981
943
318
691
657
692
632
247
163
653
495
515
687
874
302
723
550
775
149
974
304
711
952
632
784
419
921
233
469
584
178
412
490
316
279
942
124
827
797
822
430
342
635
636
685
525
430
183
898
673
972
500
918
301
180
683
289
422
746
161
540
453
102
477
939
345
142
906
286
265
655
185
903
159
592
214
629
784
703
634
766
918
680
671
330
616
965
854
58
451
424
951
183
760
389
122
144
515
936
927
76
899
740
890
775
73
916
502
334
541
452
57
471
809
438
356
437
278
257
180
62
649
143
91
294
285
22
121
518
559
245
228
793
567
392
543
312
815
765
642
840
697
395
255
63
534
625
493
513
121
270
536
153
662
533
731
123
35
949
820
610
660
414
770
405
42
168
508
94
890
132
8
64
375
707
365
324
653
243
602
462
841
882
394
589
837
214
271
230
233
713
594
341
46
22
74
738
97
134
745
445
24
467
861
101
891
153
773
402
547
653
275
645
105
33
588
335
232
959
601
599
946
644
889
327
746
399
700
11
415
66
569
853
81
650
71
39
0
953
418
921
924
78
682
505
49
765
764
635
545
617
704
86
215
458
211
250
222
181
995
735
949
505
270
798
242
499
488
97
629
555
93
691
828
964
540
172
718
273
984
583
763
592
77
840
861
828
530
253
485
223
472
757
986
299
114
848
680
132
491
970
678
311
272
478
2
414
463
498
570
80
364
703
81
20
954
598
580
911
961
218
424
976
38
644
184
160
974
572
900
396
215
210
720
280
168
878
832
162
706
356
427
13
997
416
826
194
704
714
919
90
821
75
776
262
800
17
855
763
328
44
813
534
751
313
61
188
687
617
750
275
648
832
535
804
344
320
376
635
117
882
668
710
747
479
555
901
932
128
957
197
567
848
950
914
682
275
879
255
228
69
148
707
376
936
182
40
169
816
343
840
831
791
522
318
744
659
511
771
558
747
869
330
601
928
930
950
951
872
25
606
939
296
523
703
725
549
801
551
837
73
983
631
92
408
399
193
443
238
45
699
102
526
125
300
914
657
860
727
994
681
95
719
754
811
569
694
224
344
759
807
903
578
770
369
146
0
598
138
211
205
425
661
42
184
77
26
857
391
288
439
425
74
243
481
116
615
917
245
712
999
310
556
124
578
302
699
980
457
694
574
385
919
754
411
675
419
573
838
925
32
737
224
459
260
797
548
181
522
226
602
867
85
288
544
954
827
547
865
752
982
32
557
555
98
742
3
365
250
907
688
483
181
342
729
357
513
342
217
136
45
59
198
426
434
172
560
410
271
523
159
185
774
313
888
665
908
780
841
2
422
150
327
926
335
94
981
731
57
219
500
423
672
327
403
365
674
252
304
311
712
410
915
9
718
927
169
153
316
982
730
88
662
959
880
960
427
717
584
21
924
494
70
558
444
979
839
413
959
156
695
698
682
342
340
45
284
713
170
518
47
390
944
262
908
643
381
695
5
594
393
649
450
926
699
68
906
333
564
102
66
469
226
532
780
528
227
286
955
320
611
804
122
49
592
314
781
844
592
567
663
577
211
106
488
642
727
933
824
703
608
448
915
689
104
607
584
430
901
243
668
697
547
49
425
189
394
792
176
496
274
254
631
862
148
903
751
22
592
596
763
347
25
834
40
998
464
644
386
937
695
780
35
71
23
807
876
49
796
700
544
871
117
262
675
644
572
366
269
377
716
613
880
805
689
812
130
841
992
11
573
832
759
816
762
120
538
698
446
229
594
49
967
608
112
334
485
145
304
38
158
144
158
678
537
213
973
863
959
134
97
45
380
587
544
127
216
148
600
535
467
275
849
128
759
9
955
487
328
761
209
818
202
934
873
157
741
15
430
588
501
71
639
366
352
145
677
441
983
811
589
867
185
336
544
258
620
317
401
581
262
799
364
272
725
463
360
919
596
622
423
427
798
74
639
75
93
30
285
958
73
299
951
702
78
650
688
189
811
497
520
364
817
683
672
703
429
332
481
581
329
735
703
802
701
838
146
60
239
776
830
297
118
791
129
903
473
929
241
97
431
39
811
404
909
300
485
173
287
578
931
197
344
591
993
243
621
945
106
326
260
305
511
204
468
751
884
572
779
345
147
268
646
859
830
217
689
326
80
298
699
657
76
259
383
664
364
193
205
258
316
629
997
352
146
976
5
190
411
828
399
193
112
657
871
852
114
62
778
921
127
746
228
692
104
143
193
928
637
954
476
673
342
750
672
781
955
651
860
776
752
979
217
791
672
187
891
443
38
738
601
577
326
138
195
771
167
341
982
387
303
587
414
696
414
301
500
528
412
429
636
786
368
609
218
668
564
694
986
246
283
774
977
465
743
839
365
711
255
696
728
426
660
614
709
919
513
154
434
85
467
341
456
828
515
679
235
458
114
344
122
955
602
948
151
838
254
442
147
192
885
567
898
677
638
710
261
847
865
289
715
163
719
811
855
565
839
617
436
419
233
624
163
389
560
171
865
546
608
543
222
261
483
952
757
952
626
349
450
192
396
77
154
715
6
620
810
353
336
489
602
906
589
875
339
689
314
464
311
570
214
916
584
12
995
717
395
512
182
331
636
458
489
86
363
398
142
981
584
144
792
722
879
847
728
988
762
250
421
395
144
404
117
507
72
991
922
744
997
67
977
652
708
112
297
417
773
559
781
452
474
471
808
511
979
917
921
574
922
753
613
654
151
606
562
743
364
45
960
432
587
612
597
185
736
298
697
752
631
625
842
990
934
167
870
308
394
566
895
268
821
751
399
177
998
409
575
302
638
781
243
564
668
943
324
930
469
135
906
932
455
426
861
57
48
92
331
394
990
428
620
264
93
435
820
24
861
499
120
472
167
486
98
624
641
916
800
691
88
961
44
438
766
782
198
290
977
793
310
680
286
799
883
404
783
343
274
651
173
695
253
198
555
334
608
749
365
188
707
331
395
484
379
561
247
78
132
402
965
407
762
506
821
816
94
438
312
929
477
855
530
251
575
31
937
907
132
296
359
333
554
185
800
33
863
249
586
508
300
662
736
458
428
571
339
342
491
992
573
113
378
279
205
921
558
223
763
295
866
763
27
532
595
5
824
760
732
436
680
543
748
685
68
692
406
143
512
206
380
946
492
69
691
272
409
470
21
991
950
339
812
136
988
660
358
86
419
823
203
288
969
808
46
768
580
721
183
528
499
685
712
458
245
329
310
22
343
651
103
306
32
664
935
548
930
386
509
471
472
289
78
449
665
290
410
510
155
684
989
735
519
485
754
121
854
426
207
979
744
404
470
636
655
480
394
623
525
720
537
732
621
318
672
666
84
219
617
638
581
518
847
555
782
388
157
346
848
120
876
744
509
225
885
771
108
76
782
606
122
402
950
429
36
502
571
379
890
237
775
187
534
714
337
2
46
631
637
913
708
96
331
914
603
926
477
329
644
925
183
943
739
738
387
606
596
943
733
29
881
810
926
619
327
582
175
371
125
753
927
667
327
124
605
458
901
429
766
765
179
195
645
602
92
389
81
629
602
820
937
377
547
133
955
7
659
760
737
854
872
339
359
698
932
594
853
768
218
208
821
310
879
706
462
403
136
646
414
927
830
683
92
233
203
512
613
211
643
118
79
214
562
791
336
353
815
424
374
95
146
270
775
947
613
222
618
189
16
562
679
845
184
235
629
427
225
608
715
532
321
983
617
513
582
456
535
239
982
983
430
708
918
835
361
470
951
71
795
17
388
126
853
545
639
267
500
856
680
937
169
194
601
694
548
440
478
231
618
984
334
207
207
41
760
583
59
862
824
488
198
112
864
186
821
595
164
374
511
503
629
408
350
605
376
907
937
249
458
600
352
767
54
124
880
627
237
882
747
765
68
425
291
219
300
117
367
428
180
502
803
469
228
712
185
613
150
303
86
212
906
145
959
969
166
936
951
505
661
574
548
609
783
905
662
227
4
514
625
375
572
329
278
93
713
653
723
124
863
464
189
977
18
594
760
478
95
601
1
62
747
535
639
736
979
167
432
182
762
793
177
227
158
158
170
355
982
212
199
16
22
490
672
611
23
85
302
571
238
811
865
209
674
991
57
580
227
847
695
939
6
531
715
703
235
464
736
504
763
823
64
719
454
155
74
673
534
499
747
768
453
0
999
291
458
877
66
217
635
598
227
111
922
665
245
469
270
178
842
460
469
1000
639
552
309
626
409
585
790
499
597
217
996
218
2
882
887
771
24
762
485
352
867
956
436
314
753
212
126
750
332
348
966
890
371
515
944
389
637
522
451
946
892
484
854
174
944
787
616
233
155
822
586
140
349
826
840
969
872
731
969
874
479
92
594
329
129
570
429
637
75
676
430
433
950
446
923
972
899
411
221
860
738
573
450
309
232
896
62
58
353
682
58
76
209
439
408
273
103
601
774
342
300
910
913
473
376
264
162
156
197
171
737
531
560
688
641
65
103
200
275
504
979
778
297
249
277
597
397
640
865
544
864
45
38
761
809
272
904
93
8
480
940
670
556
70
236
4
269
949
57
43
857
662
596
602
68
534
486
966
321
725
345
723
774
879
537
472
220
293
502
599
342
113
717
303
355
429
276
911
111
367
900
229
930
998
883
67
71
502
416
318
9
487
480
92
18
132
195
69
351
701
247
634
34
994
555
690
131
113
575
927
678
501
857
228
950
470
6
401
636
738
824
157
597
68
224
221
483
713
300
303
732
406
335
517
795
86
986
183
842
795
850
752
440
301
447
174
931
518
331
434
981
767
790
511
717
779
496
234
547
876
454
992
377
182
648
936
848
909
203
806
189
264
564
427
61
125
598
627
498
885
401
228
152
237
84
28
179
700
565
253
367
570
987
87
965
41
448
231
763
593
106
629
86
708
507
918
419
133
739
192
115
542
326
669
537
40
412
105
176
283
700
693
988
184
735
612
845
220
746
674
528
260
804
293
358
575
750
179
918
602
219
59
127
407
559
970
218
852
649
147
818
240
790
907
460
705
718
307
84
195
519
239
568
747
277
631
421
292
935
179
180
45
117
803
987
731
874
384
522
405
516
890
917
868
389
365
928
587
89
115
139
542
894
896
21
552
747
896
865
831
3
903
141
345
592
500
787
518
963
751
290
123
297
565
929
449
608
370
773
332
142
942
41
39
406
821
510
519
261
287
84
248
827
500
239
306
745
276
779
130
448
12
12
38
551
679
891
207
404
761
306
241
404
656
238
184
516
357
678
884
392
192
702
713
372
468
384
373
235
954
635
303
165
862
269
485
528
605
664
755
247
752
338
273
45
400
429
135
666
93
353
306
64
461
224
851
567
671
578
782
631
221
395
421
447
797
735
218
69
777
331
666
86
272
870
257
863
590
279
993
720
159
876
919
847
3
468
538
588
750
678
916
479
493
813
704
744
575
253
318
662
327
502
376
52
19
553
653
331
464
219
545
427
534
643
276
820
670
942
317
856
183
250
110
23
992
643
568
443
437
9
766
994
817
887
665
993
392
761
670
794
191
564
952
873
419
520
393
965
12
482
382
169
239
89
728
997
394
107
786
438
820
766
224
826
81
315
739
998
442
10
870
781
234
127
999
586
167
25
312
127
917
337
588
160
495
384
929
804
574
53
441
200
897
41
787
114
543
498
461
988
106
984
675
145
201
741
529
737
850
596
525
59
192
598
705
694
578
452
643
775
437
962
884
793
785
312
622
891
817
236
352
246
462
94
234
105
702
667
600
746
146
297
368
883
180
559
523
52
941
179
471
322
194
994
970
737
391
930
638
41
645
333
297
556
884
438
846
615
776
577
893
134
271
378
911
637
452
384
466
102
498
962
571
764
879
252
852
910
317
718
29
266
780
349
432
304
206
961
770
371
261
915
762
325
66
802
797
181
446
123
274
417
738
798
589
802
886
876
776
343
175
233
823
864
566
184
530
34
47
425
251
70
368
460
792
415
434
442
683
281
327
581
991
34
496
184
656
208
480
56
933
574
442
637
60
407
811
307
742
823
618
90
789
939
261
53
711
890
327
795
836
686
639
895
821
990
490
349
214
947
250
856
895
198
852
824
299
487
310
989
328
127
600
788
735
505
900
498
881
505
645
928
577
160
984
567
744
528
673
586
806
664
425
616
717
385
811
979
8
88
199
116
82
74
490
660
733
471
732
794
256
734
422
816
836
952
673
54
455
427
48
891
53
792
31
586
100
376
756
585
477
774
933
720
445
418
68
153
802
914
429
368
423
619
961
650
705
740
660
723
431
334
476
909
388
734
715
800
128
806
321
235
441
372
175
239
616
779
534
735
66
6
157
201
400
106
37
666
18
31
843
669
355
321
437
324
216
182
793
411
474
231
280
169
941
363
202
521
610
978
77
820
140
752
667
294
259
657
786
45
425
401
392
62
377
877
279
47
100
853
144
175
69
295
146
640
419
834
625
126
859
615
939
578
72
456
732
584
239
906
177
725
443
742
819
824
181
670
201
212
729
534
937
423
966
331
305
613
975
905
328
406
858
575
737
462
70
905
742
238
861
497
141
726
554
12
138
852
331
388
857
549
976
529
711
292
198
721
47
403
269
833
676
523
400
155
748
589
458
243
134
936
784
77
39
526
109
762
755
642
455
324
898
699
446
505
739
303
190
997
81
469
676
884
166
380
418
933
70
346
416
112
284
519
317
905
370
920
630
113
318
903
297
999
333
903
820
174
627
894
66
961
17
293
999
542
993
123
284
629
418
471
164
936
427
712
266
847
54
533
326
24
258
976
545
463
107
925
804
194
864
885
619
29
957
487
978
515
694
907
131
775
569
258
552
826
496
437
654
879
41
676
287
152
801
877
980
35
936
57
975
321
496
777
440
150
347
276
480
112
161
509
995
729
221
183
7
365
60
721
38
13
450
180
960
31
271
959
820
393
736
810
774
746
773
69
455
703
910
656
445
244
942
803
661
400
114
749
205
777
301
54
553
210
95
627
482
614
459
52
441
765
561
234
613
147
789
553
41
257
707
467
416
325
391
530
285
779
787
806
394
428
875
657
886
949
622
36
301
615
224
359
669
763
58
763
294
875
542
894
941
353
343
712
139
585
141
92
577
7
222
539
853
619
401
773
982
285
566
721
48
726
778
327
111
252
646
945
48
121
302
597
0
28
679
813
508
604
300
860
949
446
47
425
479
712
742
241
968
24
329
49
374
522
886
696
997
946
720
745
221
584
953
698
176
173
47
581
830
22
902
677
529
604
965
219
612
274
882
104
527
376
288
446
860
743
941
94
739
151
288
878
879
158
199
898
189
939
130
305
557
249
76
765
644
915
564
146
401
928
740
314
874
893
940
681
573
66
166
388
308
451
684
417
724
368
643
39
178
846
728
303
660
214
978
6
978
952
67
324
391
256
968
485
995
217
433
633
189
766
990
766
100
591
537
658
70
113
629
81
987
396
925
437
295
615
834
668
352
159
138
923
613
606
783
571
890
839
906
812
575
446
80
112
717
910
296
279
232
797
246
604
679
104
488
258
215
829
20
558
795
471
425
377
809
417
855
342
965
830
77
488
263
474
661
60
252
444
108
833
283
419
270
883
997
855
594
521
896
332
823
269
229
623
182
441
167
464
951
638
581
639
86
209
570
751
522
170
816
590
48
417
204
58
397
757
601
441
767
508
572
828
224
570
660
251
653
993
889
152
177
346
748
147
741
148
884
158
661
310
627
680
684
344
678
733
547
494
934
800
592
647
868
41
744
294
609
224
654
683
619
678
764
453
368
100
718
24
553
323
724
618
80
215
519
810
373
889
526
79
103
879
770
384
944
608
92
950
0
157
242
606
315
766
991
534
422
920
831
218
439
924
461
169
315
547
880
637
661
59
559
522
236
911
750
432
103
398
512
265
354
357
40
214
423
832
835
700
150
20
792
473
315
630
772
463
917
885
232
371
848
418
785
642
169
327
165
95
147
312
649
293
836
778
415
384
627
819
876
649
964
27
90
583
904
129
644
87
865
598
84
846
723
614
358
469
622
50
796
200
616
114
634
627
163
522
638
242
845
183
908
686
399
992
213
62
715
102
840
848
564
689
142
953
676
884
377
810
167
566
627
385
504
874
359
341
214
585
853
363
354
862
940
29
923
243
747
327
907
225
650
170
370
412
416
264
343
824
407
508
7
189
691
204
742
77
545
578
187
914
519
236
716
16
49
623
467
293
755
936
747
65
935
18
567
974
327
604
785
983
343
305
647
719
436
237
697
124
379
525
20
78
84
363
475
388
124
965
43
40
615
382
812
373
324
7
961
202
150
466
844
905
694
284
104
246
219
116
712
152
633
637
818
880
976
538
238
976
660
717
907
285
181
215
341
574
963
156
482
207
495
429
954
460
868
442
235
268
86
175
506
555
80
542
399
124
752
338
92
838
389
427
589
20
197
175
426
470
786
9
360
637
612
905
387
743
310
161
898
652
732
201
368
149
10
577
152
120
435
100
601
205
740
378
354
193
747
626
446
503
828
590
35
145
686
919
484
117
254
16
498
326
739
465
472
430
414
116
769
12
203
584
305
40
870
453
472
441
489
511
394
740
425
839
978
714
840
926
786
48
882
959
263
849
884
220
148
858
16
694
535
400
733
42
964
247
443
150
385
95
82
684
551
493
690
926
972
987
872
465
21
313
868
110
205
408
535
643
433
492
440
650
626
787
744
450
54
329
856
873
800
563
366
424
581
700
711
310
624
590
559
201
471
745
837
659
26
293
937
550
164
520
397
124
164
185
768
334
50
749
917
133
904
569
375
413
426
778
538
436
346
411
948
537
807
333
462
952
344
740
713
884
231
592
647
79
593
334
363
317
515
373
736
302
588
422
371
133
693
673
606
200
459
830
337
567
212
405
276
534
989
648
497
701
725
403
572
865
853
670
89
406
59
224
302
65
690
711
349
747
700
256
895
897
863
287
855
604
548
47
222
831
341
213
122
467
361
213
513
123
716
17
939
486
761
891
632
54
186
636
706
836
359
111
128
432
245
625
591
725
824
783
807
200
963
453
533
153
688
791
328
234
642
800
378
452
771
579
821
418
647
963
253
996
55
959
928
597
33
632
540
919
962
727
904
700
507
549
796
867
379
818
314
914
694
119
718
417
118
514
724
734
29
607
503
170
301
289
512
681
103
408
57
577
799
640
231
77
952
223
170
107
528
782
308
250
226
298
702
437
171
699
477
12
103
840
219
963
459
243
822
661
2
249
89
41
47
380
909
911
565
930
872
320
681
376
865
322
555
556
741
609
6
404
986
818
496
108
512
827
958
715
751
396
530
720
563
753
473
339
250
228
572
683
143
237
41
204
562
324
799
618
607
669
861
139
924
491
217
249
297
825
495
643
656
889
467
978
61
409
75
967
843
899
285
614
18
208
70
680
967
401
374
239
287
792
410
551
659
32
372
596
253
453
836
606
298
670
785
843
95
963
644
969
697
438
530
584
933
614
506
467
539
332
652
561
266
854
874
875
811
814
732
355
796
777
644
490
209
749
959
7
558
72
629
680
915
459
96
308
757
378
824
562
64
658
802
186
131
258
38
657
678
251
175
117
405
900
638
714
582
402
310
640
847
882
805
302
323
190
602
766
827
70
211
878
561
276
545
996
725
96
157
646
255
308
475
229
877
930
328
553
325
97
843
510
243
85
582
119
42
604
450
937
895
590
942
57
6
301
349
811
758
487
136
632
655
710
990
49
506
687
596
955
642
201
893
315
867
837
187
341
331
692
132
488
773
63
878
687
386
691
419
420
419
440
660
433
652
585
128
711
583
963
950
338
372
932
583
453
632
795
340
778
402
821
82
652
613
779
956
156
798
676
347
151
634
848
752
932
555
682
237
691
457
851
796
406
768
209
887
620
924
903
867
695
197
443
279
153
808
376
393
225
249
530
648
866
363
466
988
501
722
230
727
622
527
900
788
455
769
627
29
703
7
593
492
933
950
651
476
333
371
703
375
817
303
500
88
216
401
874
91
775
342
277
173
636
966
61
127
767
678
160
355
76
191
292
9
572
756
347
664
83
408
64
207
49
86
166
690
63
665
264
916
434
292
580
900
392
507
886
66
812
699
529
607
486
68
638
734
702
198
820
954
712
323
45
683
959
190
12
585
955
754
845
46
368
803
655
971
226
188
37
397
477
544
400
873
43
763
535
610
247
28
971
819
530
131
252
589
370
725
414
152
23
329
409
871
114
329
651
648
308
351
277
164
621
17
960
787
631
947
454
788
806
363
518
140
947
883
659
172
708
625
792
178
212
858
416
329
15
110
335
702
683
58
700
478
529
414
624
503
178
571
510
222
677
641
950
103
258
294
70
944
964
250
282
114
762
832
35
280
375
39
677
845
925
366
82
606
221
380
998
301
395
480
788
982
586
886
362
95
448
431
561
277
122
197
886
498
729
384
170
233
195
87
591
488
584
595
512
882
796
37
644
203
837
6
279
425
526
825
71
77
462
730
423
311
202
282
494
628
751
833
869
785
817
523
110
608
985
412
669
97
865
469
659
288
864
36
241
907
478
46
261
712
391
624
103
652
624
781
46
791
490
805
958
450
921
498
2
277
897
42
989
747
90
822
106
423
390
281
186
777
796
479
751
456
149
621
58
56
833
337
5
355
727
222
898
169
69
233
745
460
300
681
688
696
82
608
585
551
789
574
256
0
837
829
963
211
822
893
211
419
131
181
234
970
327
316
742
141
972
483
930
838
446
823
134
34
343
43
633
7
652
250
608
831
472
477
658
282
947
983
169
98
534
525
231
977
983
832
87
893
918
456
461
45
988
699
26
940
467
663
335
237
959
188
445
749
557
758
537
439
748
853
256
994
225
318
482
91
225
424
771
795
627
0
171
516
301
50
737
309
310
280
587
188
482
963
706
757
360
376
891
603
886
390
88
429
354
239
569
54
489
351
186
177
431
102
477
84
510
510
119
366
682
265
725
474
636
106
965
785
316
98
478
257
22
910
947
815
311
73
875
506
578
357
759
505
802
491
18
389
521
312
141
884
847
124
0
253
619
222
325
697
412
37
305
254
911
494
774
870
176
810
436
221
13
272
145
943
610
499
174
666
746
697
440
666
482
985
66
463
987
590
116
671
575
526
774
354
579
510
969
670
549
187
225
729
706
932
645
218
332
866
372
200
213
6
897
798
396
352
722
397
23
974
880
620
22
855
503
562
32
880
421
622
43
923
351
722
943
613
347
674
179
273
771
259
740
175
994
696
998
546
216
225
381
152
602
558
737
448
189
898
410
286
169
812
558
30
773
445
177
515
138
961
501
256
9
435
338
320
725
814
76
857
867
480
592
551
234
441
164
600
844
660
195
645
889
956
805
202
147
755
34
799
908
937
145
231
314
66
38
660
967
723
479
886
133
374
737
547
684
475
866
804
480
700
855
999
1000
402
105
814
652
907
651
932
181
58
760
50
378
280
901
740
281
885
980
337
556
87
428
194
349
10
471
25
192
590
745
2
980
913
953
133
385
830
132
157
976
690
299
212
793
170
767
484
730
706
485
549
506
13
536
668
139
296
40
673
863
611
738
278
645
343
708
385
993
704
434
296
254
185
116
499
345
435
289
407
603
51
574
403
6
577
172
832
478
360
845
251
429
735
391
75
848
442
943
630
8
34
945
533
767
735
859
191
555
337
50
294
506
409
831
965
413
491
990
506
91
195
227
715
648
991
851
517
74
597
155
97
822
912
21
662
837
134
430
288
783
133
686
510
517
406
837
390
115
165
742
194
419
192
194
461
230
813
935
416
185
225
548
358
219
544
408
37
31
804
544
196
19
419
242
802
801
102
407
792
967
754
112
464
740
157
413
820
976
440
730
558
674
91
920
918
434
892
578
453
767
551
697
838
30
847
301
758
722
79
652
292
523
573
470
665
224
885
130
848
108
662
168
883
332
159
22
73
637
712
530
102
991
974
441
234
301
407
26
388
112
114
133
794
135
756
731
207
21
857
6
664
534
256
37
148
803
875
809
378
872
314
745
471
337
243
529
910
216
197
967
209
506
402
532
500
786
27
903
870
912
542
694
60
572
779
438
829
83
72
270
285
416
993
50
370
406
370
53
500
733
721
384
88
263
575
785
314
272
779
840
395
985
89
605
450
378
670
963
796
362
50
564
591
485
914
640
393
435
142
828
749
406
533
81
563
867
934
27
673
671
292
337
353
87
814
372
64
596
524
624
308
930
356
341
13
801
135
877
185
970
662
423
267
122
110
69
969
466
547
666
754
288
991
539
241
881
195
454
825
64
627
726
455
947
328
968
35
138
495
776
195
610
356
649
679
887
416
18
484
986
651
114
296
637
51
320
816
709
703
179
819
909
301
19
869
809
569
323
915
180
676
380
192
517
269
461
594
392
679
489
51
957
79
543
1000
137
576
459
173
385
613
47
802
891
78
695
964
844
673
25
226
56
90
242
474
979
696
732
539
857
375
13
214
496
71
542
35
59
99
864
678
476
409
801
650
726
353
892
721
526
934
376
230
573
964
234
274
793
278
950
915
364
874
179
365
542
757
352
24
743
706
931
17
671
499
437
632
554
216
919
42
808
626
570
23
93
645
139
390
289
67
863
532
381
951
583
913
131
64
955
35
305
353
59
540
283
652
123
277
416
37
753
388
291
57
81
532
748
252
813
241
299
936
911
507
950
886
250
523
764
207
235
799
392
553
761
283
88
206
635
643
47
7
94
598
716
64
672
316
510
214
775
25
936
63
420
154
750
397
60
784
466
546
196
452
310
968
256
645
781
493
159
41
940
567
926
701
554
271
39
4
13
843
152
72
513
123
333
387
789
93
784
688
340
187
111
312
671
688
826
935
94
840
46
943
468
444
846
12
471
743
982
813
507
415
513
194
862
805
875
110
33
169
730
849
687
610
104
211
602
61
969
585
449
98
297
91
657
465
727
339
464
636
502
428
710
669
285
798
356
432
580
722
232
404
985
475
784
27
399
753
112
254
320
414
192
920
959
950
533
18
140
170
151
444
361
428
948
746
77
525
826
499
925
73
347
998
696
597
977
458
8
228
860
282
996
974
90
934
565
624
568
338
336
774
730
688
193
177
81
189
217
410
490
845
215
213
353
825
852
49
777
594
691
342
34
359
431
900
848
128
592
669
812
629
594
453
870
8
27
916
658
701
276
834
493
104
779
880
97
493
967
247
243
921
555
628
858
166
748
598
588
780
75
225
76
669
182
973
984
268
1
545
555
57
173
322
161
921
851
536
310
240
675
205
833
11
148
190
473
941
293
92
608
209
676
370
978
628
179
890
255
584
358
577
975
77
394
1000
862
638
47
626
600
896
77
366
380
438
345
198
292
803
178
371
372
206
574
687
672
897
733
974
225
726
249
812
168
288
15
98
957
10
145
802
889
550
695
91
548
467
490
158
293
861
207
424
795
606
357
276
424
318
403
969
29
589
168
181
740
539
773
824
26
620
164
433
186
236
813
573
489
99
976
210
196
183
682
413
840
932
531
107
192
924
943
860
841
555
896
850
548
603
429
117
930
892
427
159
424
951
855
368
362
476
751
421
242
245
425
515
153
376
188
548
639
227
880
674
790
214
272
458
768
180
351
577
682
380
123
505
782
996
653
585
283
492
138
696
845
379
586
997
352
826
889
661
498
256
834
970
25
593
179
543
785
839
252
586
535
675
408
975
22
185
602
966
733
175
899
989
779
374
398
51
128
972
911
716
146
879
371
150
712
707
371
127
386
778
227
514
669
702
365
842
721
636
796
186
531
370
154
967
80
397
729
222
484
729
17
735
636
859
765
585
980
999
71
204
68
961
903
627
742
676
154
23
426
692
165
887
57
666
947
668
852
28
864
385
170
705
865
203
352
695
218
405
987
631
251
615
966
343
572
222
517
971
730
689
417
283
859
879
853
723
98
152
866
196
822
952
664
693
868
580
370
819
847
166
552
263
822
276
202
557
55
703
210
800
524
422
554
782
538
16
664
331
425
443
601
849
967
285
166
530
169
414
149
857
926
267
830
642
285
130
7
529
543
683
891
826
697
740
530
745
913
250
281
607
731
607
678
41
629
936
854
169
560
215
290
224
616
437
821
116
194
517
779
966
923
432
107
222
358
239
802
406
378
174
680
677
578
178
609
973
397
212
540
789
786
661
387
688
233
182
217
718
264
824
848
179
979
196
646
699
827
532
544
75
475
858
533
603
251
216
800
502
710
479
212
144
920
343
821
94
408
479
336
506
103
571
559
942
129
270
204
386
77
656
292
440
997
175
780
6
232
932
303
725
266
712
80
342
232
96
399
135
860
689
154
149
941
876
461
66
745
502
360
875
914
815
411
713
675
740
132
130
781
675
128
366
963
900
72
706
436
263
195
220
653
809
780
46
193
889
328
353
310
449
910
848
779
716
46
879
5
204
148
775
252
413
365
883
244
199
368
780
748
315
2
547
208
252
402
165
96
989
122
431
123
772
175
351
645
993
964
573
239
292
550
523
287
694
526
439
52
10
219
954
443
441
417
677
47
161
39
333
297
951
652
88
174
15
326
382
689
578
600
530
849
397
107
284
534
265
973
931
880
342
645
363
189
20
618
800
209
749
871
62
991
292
160
586
561
589
676
370
955
862
998
761
350
972
596
328
709
121
549
472
693
676
394
926
539
56
727
369
245
2
832
71
561
736
432
591
613
153
683
198
520
929
624
498
789
872
486
547
591
938
772
227
477
95
514
93
624
214
105
726
49
132
939
139
684
799
952
897
557
486
69
315
664
641
947
857
839
762
566
71
513
161
798
178
273
292
466
80
985
339
111
101
482
165
445
826
554
985
310
630
239
538
578
590
355
95
806
72
675
544
230
404
221
158
106
181
275
377
247
979
566
421
680
734
315
237
848
38
302
873
5
342
157
74
120
648
685
184
795
139
311
144
704
507
928
925
759
264
280
845
957
127
967
968
447
543
297
112
163
825
912
71
239
22
798
968
511
116
169
962
609
237
165
980
399
501
678
63
478
500
424
64
163
976
228
927
994
230
437
499
802
936
49
641
941
999
82
838
504
195
435
937
295
441
780
438
697
950
906
923
832
48
163
794
237
901
851
90
728
38
465
790
20
42
39
566
697
399
151
688
735
677
199
122
606
282
455
75
160
405
19
367
835
320
977
91
240
16
174
870
832
118
878
385
922
9
460
981
615
106
442
159
696
192
416
777
740
79
404
718
663
446
658
127
510
314
680
913
924
233
389
374
712
151
261
83
527
535
848
800
105
160
347
722
424
988
142
153
276
522
826
362
682
172
692
722
692
224
589
290
537
3
616
965
944
188
850
98
176
836
778
151
693
655
568
864
758
214
600
23
800
385
753
508
373
895
58
232
465
981
432
668
113
241
140
154
948
665
209
217
27
198
306
628
290
283
362
17
273
120
96
313
3
65
244
996
56
141
934
998
26
307
329
121
813
828
76
233
795
368
773
242
11
925
105
246
294
839
608
511
967
898
944
228
262
647
676
920
70
409
5
906
879
623
438
584
660
749
414
620
300
900
528
444
289
72
717
791
314
397
593
767
686
535
934
499
38
918
713
697
631
749
859
394
893
117
76
809
243
350
946
379
764
962
889
288
625
298
346
473
236
311
830
243
482
717
210
786
897
965
488
744
725
960
341
10
227
678
972
696
184
138
1
19
781
206
733
963
739
342
956
888
801
767
101
170
335
529
394
810
483
392
936
838
756
443
49
444
964
309
670
601
84
729
608
325
546
600
45
790
761
276
938
310
213
684
999
429
553
651
77
168
106
435
12
183
14
708
224
399
317
184
149
875
593
655
767
44
87
859
218
506
555
138
330
280
545
110
101
908
294
274
251
944
410
379
283
109
971
632
122
804
51
86
588
262
415
922
438
23
787
314
744
14
898
721
503
717
250
209
802
416
958
219
464
407
431
80
728
735
735
539
197
290
96
253
348
949
741
907
116
891
622
487
9
642
490
544
518
874
26
684
827
134
937
344
546
425
28
888
684
411
854
476
383
793
484
697
499
515
304
703
386
592
883
854
41
322
829
439
349
369
441
256
833
420
340
847
356
448
238
226
280
241
231
381
86
1
597
521
327
628
599
909
3
117
749
916
894
441
924
293
686
442
475
409
853
784
561
128
705
522
114
961
440
890
992
771
776
873
340
893
323
483
877
85
704
515
824
692
720
901
611
700
29
60
590
747
306
364
361
928
363
396
365
982
451
256
141
711
309
532
916
255
270
536
75
646
400
801
32
901
551
501
331
596
501
401
178
880
806
403
355
813
901
29
177
607
153
919
29
337
478
30
443
162
713
99
719
913
854
811
142
452
642
755
490
582
899
141
710
29
895
283
316
113
494
9
908
806
552
368
613
556
757
915
120
271
490
944
97
538
878
509
342
306
399
709
880
633
183
223
602
250
527
424
578
542
296
67
399
193
65
911
719
204
753
301
532
270
470
152
594
170
134
363
313
162
973
0
911
591
804
810
611
148
451
41
572
336
205
721
816
252
776
710
835
997
280
94
130
752
468
240
254
293
340
836
137
880
868
424
698
599
678
857
117
546
259
34
844
594
886
568
97
506
526
354
778
12
378
720
504
381
367
768
333
828
766
639
803
8
248
18
710
15
318
766
26
994
306
202
219
592
60
548
639
191
340
615
480
163
377
293
793
681
213
530
444
46
743
834
967
247
249
411
909
332
699
314
60
209
122
898
447
579
976
300
895
393
179
811
316
221
105
368
547
246
208
84
760
365
359
414
560
625
516
36
799
26
87
542
854
726
113
898
791
559
760
147
533
337
636
130
775
45
746
659
20
845
166
86
385
515
512
42
26
740
148
844
766
676
379
656
637
398
702
943
689
140
267
175
713
428
215
861
262
484
658
116
412
844
245
784
185
76
574
397
296
625
222
534
210
709
186
305
531
546
127
244
99
280
650
797
951
88
937
776
379
711
652
218
104
631
725
281
728
289
601
695
747
971
817
4
995
51
952
514
255
671
330
455
19
831
297
931
609
575
180
520
327
615
635
484
881
715
438
195
712
230
773
307
243
54
42
227
902
23
617
752
801
734
354
89
682
200
983
83
543
106
883
248
644
851
193
488
314
971
952
944
215
963
392
481
860
75
621
318
132
909
70
863
879
198
575
348
143
248
403
438
872
142
133
210
279
108
474
523
249
71
526
588
791
737
265
778
825
530
724
50
166
960
914
226
646
83
225
880
619
987
366
865
938
236
420
677
771
41
439
341
478
723
522
417
216
150
181
699
856
117
908
94
447
42
695
687
256
655
820
511
416
314
581
663
937
974
662
58
33
552
171
465
174
635
808
162
742
109
756
839
168
653
505
179
951
351
907
810
296
271
499
672
218
140
923
339
834
668
379
847
659
248
448
502
570
212
809
927
249
12
431
891
342
96
810
737
246
874
112
516
195
938
344
840
638
95
936
918
428
278
773
531
127
0
487
809
646
819
547
318
673
121
612
985
193
550
854
973
203
786
494
440
995
562
175
569
830
764
682
529
951
263
464
399
411
988
80
748
654
144
29
756
875
190
765
667
727
728
479
391
350
456
553
372
772
53
8
506
20
432
821
363
43
584
827
467
865
116
998
816
584
267
751
340
807
421
260
813
822
863
941
720
968
340
344
779
521
956
496
68
804
736
140
901
833
408
137
229
828
651
335
840
535
172
856
899
450
745
736
192
580
118
5
41
553
150
402
386
758
554
268
49
863
972
834
758
343
197
971
797
909
698
550
221
916
8
574
439
636
521
369
339
624
593
989
94
970
454
809
90
677
353
742
380
6
501
156
572
165
859
564
375
763
898
95
983
940
351
955
169
253
411
256
377
553
418
362
500
748
620
742
260
105
547
378
958
867
100
892
539
504
219
695
59
398
226
832
398
402
789
257
199
910
902
579
399
335
162
452
544
196
265
473
638
586
934
99
283
7
530
991
508
884
20
705
722
22
155
961
919
297
33
654
750
56
606
287
338
703
510
697
167
656
570
960
483
350
736
715
69
821
139
582
227
272
154
654
904
135
159
964
168
953
615
258
804
362
767
785
102
532
238
128
750
428
366
895
26
239
149
318
111
108
894
852
570
380
27
591
402
348
883
268
979
522
506
968
767
819
613
850
905
243
638
834
904
774
141
702
133
401
750
347
865
702
295
409
931
601
868
860
261
302
575
601
850
641
672
556
195
118
826
62
158
42
126
335
252
855
859
629
811
946
596
423
480
956
503
350
396
268
215
432
467
328
503
929
539
861
509
660
885
421
808
588
715
359
875
896
629
763
195
463
32
731
524
534
509
700
233
128
335
159
512
610
431
32
347
80
382
132
958
411
462
684
279
476
77
358
328
933
956
460
1000
505
996
507
460
590
799
996
65
129
455
513
316
252
739
855
591
991
138
822
21
312
796
752
754
560
761
58
723
87
100
432
779
64
371
77
509
540
163
330
769
825
111
121
492
553
178
800
755
394
47
764
741
798
997
516
816
932
86
749
129
468
563
163
277
495
868
650
495
762
292
469
367
450
434
54
947
587
403
546
947
538
420
489
722
22
996
635
493
622
176
233
52
304
300
942
685
282
36
46
869
394
215
487
403
453
459
977
5
891
5
241
118
806
17
128
577
886
14
552
576
206
63
677
847
259
581
699
718
958
762
880
81
381
852
459
301
190
131
592
244
576
728
688
260
701
374
601
57
196
798
28
685
976
436
586
756
1
624
840
656
549
454
770
640
757
837
753
44
117
74
228
154
870
387
626
265
757
84
544
486
888
456
441
294
853
329
812
663
986
982
810
495
885
751
773
327
147
863
862
715
627
582
963
18
835
711
177
508
908
180
495
536
726
205
130
957
420
415
437
508
737
341
180
181
199
779
196
803
979
265
740
884
307
978
695
251
269
552
162
749
877
421
635
727
690
413
507
497
675
23
508
420
579
903
267
68
931
969
232
985
818
960
610
964
504
232
181
889
757
608
934
453
869
553
52
28
237
98
16
229
778
388
715
538
736
641
215
126
707
717
239
500
216
127
169
960
175
496
500
156
945
326
635
807
4
147
345
72
530
445
472
357
870
981
512
732
439
873
89
528
899
554
970
173
813
784
239
734
372
235
223
538
687
462
474
15
263
893
732
905
272
703
860
449
19
41
796
312
15
99
261
299
115
454
659
842
323
431
642
141
916
984
52
797
41
326
862
39
827
594
612
336
478
926
924
745
976
95
72
531
169
758
346
722
896
788
544
205
421
417
19
433
117
848
359
264
407
278
453
576
854
611
604
619
298
39
356
30
438
762
955
759
481
174
643
113
672
175
554
92
544
297
908
7
29
493
40
61
384
225
531
885
303
104
238
585
592
489
193
700
178
641
168
893
726
184
462
937
843
468
150
613
716
565
845
208
970
657
849
308
359
507
374
938
482
841
793
89
985
602
550
856
454
556
403
338
201
59
343
593
203
519
119
879
936
387
712
978
809
504
108
738
924
191
447
107
324
405
727
678
121
655
617
420
868
574
935
262
141
104
253
735
64
540
123
841
788
753
325
604
642
40
799
689
231
550
197
398
13
947
77
805
368
458
245
121
350
600
819
936
857
417
255
223
244
489
987
575
277
376
915
452
722
938
678
53
529
666
717
582
756
624
5
863
811
169
852
865
135
233
140
725
739
389
503
230
940
357
132
881
891
249
333
218
507
436
845
963
292
471
167
561
791
165
88
840
163
685
975
649
473
121
473
68
562
501
613
917
294
656
689
378
156
559
358
407
671
210
806
478
147
361
87
104
937
652
651
834
751
872
735
829
776
72
642
289
162
499
962
991
137
721
718
972
683
465
510
282
249
10
263
752
707
91
72
699
111
671
778
400
856
88
634
917
967
880
507
265
554
347
344
938
504
293
34
778
287
119
497
897
567
359
987
739
767
348
993
428
239
653
962
332
513
519
215
650
441
967
98
611
79
732
310
647
269
681
413
189
522
970
718
321
684
300
969
783
314
361
442
615
624
838
666
944
591
613
52
895
154
442
345
656
751
224
209
145
756
91
549
657
442
800
29
710
269
446
212
236
443
948
386
376
803
282
822
982
625
505
969
671
739
22
352
429
785
205
875
110
312
593
730
121
0
797
541
680
645
87
162
124
345
125
454
411
362
513
930
209
469
3
214
564
353
351
871
332
402
894
940
806
218
185
227
241
596
290
140
560
524
689
763
12
738
422
378
632
624
22
342
782
583
204
603
489
62
394
339
223
806
165
404
462
503
895
15
889
329
999
556
164
811
973
535
463
903
346
310
607
203
689
648
199
802
470
321
718
145
811
182
747
177
543
361
274
599
985
813
718
859
970
1000
138
964
715
282
301
276
758
78
371
194
634
748
404
484
724
415
140
360
662
560
106
704
594
629
305
346
480
530
731
763
310
658
477
314
313
707
300
521
552
933
207
445
574
812
256
155
864
730
584
72
847
185
653
628
499
156
965
34
147
105
588
777
319
333
450
545
299
371
825
727
68
996
777
905
501
149
642
945
9
505
595
838
516
394
392
809
228
897
786
181
554
290
156
953
271
623
54
179
579
319
413
451
314
528
131
906
349
255
703
230
235
182
105
515
769
618
577
287
793
14
48
906
417
256
644
911
191
881
535
583
680
84
35
119
192
117
582
850
812
596
982
419
402
967
811
656
872
817
812
102
156
133
260
888
234
733
315
490
456
810
944
628
495
977
451
837
504
110
223
877
896
459
375
985
751
684
531
807
330
494
489
247
248
625
499
104
451
348
508
289
111
951
91
741
485
732
91
575
339
905
657
568
324
735
733
729
265
91
515
278
377
759
245
986
406
42
240
385
338
22
903
337
126
954
329
305
334
683
453
612
298
663
268
481
846
986
494
295
249
413
602
810
147
865
973
864
765
376
102
576
489
377
581
716
573
817
382
684
233
665
89
695
993
146
267
22
49
246
581
635
953
952
137
766
186
239
557
838
758
446
628
616
622
650
381
52
734
127
661
238
784
81
954
818
11
117
270
770
652
204
114
528
675
36
28
177
66
68
12
941
765
866
411
943
381
381
120
24
486
630
646
749
560
372
209
458
213
541
946
751
270
437
567
687
983
97
924
257
53
61
507
135
978
746
785
300
257
878
673
59
198
53
226
469
540
847
209
575
204
223
292
570
629
258
226
18
600
138
604
290
408
584
500
2
916
199
858
600
667
737
393
914
131
416
666
882
984
978
511
572
963
61
654
813
660
758
442
751
70
483
159
6
53
34
552
836
626
686
424
522
930
342
229
929
843
776
174
470
539
57
136
361
965
3
133
432
958
977
713
21
838
722
601
840
596
978
69
647
434
247
579
516
650
793
821
826
705
808
932
261
656
597
197
266
393
953
59
747
140
327
752
669
749
76
523
896
543
527
772
222
786
456
534
414
263
226
798
108
547
657
725
441
841
310
912
118
464
684
874
218
997
499
320
938
320
266
35
573
287
100
827
94
454
387
900
359
614
939
855
81
136
207
59
749
310
583
664
465
483
639
982
301
332
359
28
778
48
566
124
335
923
473
970
777
703
406
941
97
714
780
546
11
799
196
873
679
214
864
96
479
381
943
224
612
294
906
941
386
569
15
474
816
847
631
192
35
964
469
749
441
938
788
333
531
772
4
157
458
229
7
831
896
717
908
107
791
77
297
889
855
437
75
741
367
44
554
859
541
499
742
643
514
877
481
933
477
725
91
407
170
991
263
261
162
770
207
298
710
316
148
911
472
981
395
779
507
845
746
555
373
460
531
706
601
872
389
341
810
772
456
856
247
349
307
729
595
472
296
695
371
891
155
43
870
554
798
430
660
297
864
960
580
516
831
160
426
684
737
583
349
813
690
365
812
61
321
59
789
476
414
303
536
460
672
714
433
723
140
84
332
405
314
387
74
508
495
8
281
846
466
483
4
741
416
462
599
908
941
30
425
853
477
426
693
699
310
903
730
410
11
152
1
117
433
901
278
625
425
898
51
144
1
485
567
244
129
166
847
971
130
781
459
537
901
737
833
830
61
305
946
292
119
597
604
526
613
909
514
240
852
793
289
10
956
245
490
56
280
149
48
442
107
402
404
476
357
384
919
679
155
940
760
306
396
748
226
987
47
334
477
807
516
0
613
208
956
338
221
669
785
911
734
666
996
360
257
643
842
853
862
93
138
664
250
920
644
933
708
817
156
938
655
885
829
557
727
285
558
191
902
611
118
369
923
542
372
886
386
732
884
668
804
55
638
333
850
0
419
902
394
279
581
552
371
152
376
884
167
354
656
85
504
775
127
526
494
426
21
124
123
635
162
965
95
718
453
82
966
950
763
855
661
887
24
705
851
837
12
879
109
46
555
878
385
564
479
34
112
653
756
536
939
893
768
153
952
851
115
328
964
184
232
218
861
902
73
970
865
353
94
692
570
407
754
415
292
226
94
534
736
380
1000
578
601
685
923
659
683
66
413
452
108
637
96
782
769
947
98
801
827
64
431
489
503
510
776
830
460
717
883
438
912
283
870
181
152
800
248
112
356
492
674
709
774
913
275
109
137
797
645
83
252
294
200
657
471
368
533
859
308
344
848
903
756
606
663
306
734
343
600
810
601
435
110
261
941
570
859
475
101
6
802
563
677
636
801
462
545
956
679
413
661
639
250
581
925
809
830
282
144
541
150
309
524
197
374
480
670
363
245
956
656
27
105
666
391
195
729
110
988
349
837
967
820
327
546
97
214
392
192
570
902
152
110
131
116
468
206
688
158
116
263
507
591
712
901
515
11
687
997
74
210
382
137
792
985
43
655
881
391
336
807
876
761
135
29
607
587
305
803
16
285
828
942
375
199
859
119
864
506
666
365
115
968
324
33
290
178
874
539
178
967
624
318
840
531
908
786
301
889
628
816
101
650
313
118
607
207
950
332
669
422
22
297
980
805
673
307
682
691
785
7
645
740
787
692
926
29
659
92
761
96
261
743
709
301
794
759
165
501
61
148
635
987
951
170
766
68
169
993
639
158
857
326
842
11
771
149
996
810
215
960
120
408
709
44
551
989
988
862
801
912
531
466
754
166
993
824
78
958
792
811
822
95
938
624
880
757
324
763
641
80
880
592
94
65
261
615
896
630
679
822
595
386
557
232
364
359
945
966
91
682
308
555
793
876
456
214
549
141
836
391
964
702
521
433
594
294
679
382
682
132
10
832
783
456
98
384
13
971
269
228
565
763
103
990
198
732
415
655
694
711
319
695
597
171
141
504
43
536
569
892
594
137
246
577
329
768
477
884
732
513
990
876
163
383
295
54
740
559
85
29
940
350
753
755
548
505
683
878
396
755
337
501
966
721
83
71
121
55
576
750
874
589
812
673
737
225
152
112
420
821
316
348
704
942
404
631
291
801
614
16
300
293
60
339
200
705
845
93
643
206
422
803
260
295
46
172
664
297
381
496
108
201
640
815
350
231
382
410
702
237
406
19
893
803
223
667
80
478
802
799
133
973
637
460
410
541
817
662
614
401
459
832
250
124
765
939
340
358
958
464
100
124
184
796
788
933
342
186
785
71
774
384
99
87
327
116
356
779
692
755
430
320
742
834
901
673
925
213
555
308
880
707
97
160
0
876
921
174
189
328
777
127
283
707
49
945
46
289
371
982
153
877
400
379
360
932
639
967
611
693
741
326
609
104
222
197
284
401
973
583
430
481
562
753
193
11
434
91
367
685
787
688
782
516
535
823
873
44
777
518
677
987
200
993
849
891
899
222
798
744
36
569
145
235
250
295
289
150
221
240
394
12
312
514
756
102
773
261
541
419
57
930
194
522
194
582
808
524
182
288
434
258
25
688
232
551
508
543
892
676
316
265
787
753
522
295
355
260
608
173
557
160
13
873
231
973
535
627
614
190
691
583
22
308
540
13
47
590
341
390
88
510
596
975
35
858
361
144
838
389
790
969
459
793
705
970
36
677
925
237
767
303
86
553
981
413
530
124
466
724
627
155
417
189
451
475
733
837
938
122
785
700
865
96
369
195
462
35
58
541
143
590
953
471
78
1
935
948
228
490
654
368
149
514
131
457
61
158
842
822
866
188
815
514
489
573
499
504
493
232
101
5
375
57
715
17
251
468
631
985
280
473
349
992
138
48
837
557
984
290
620
820
419
450
161
444
653
342
238
938
31
310
835
965
266
521
191
401
645
807
832
86
417
312
722
978
677
286
74
854
538
918
93
697
347
152
414
959
354
307
493
855
374
455
415
225
982
938
628
244
478
381
220
952
303
301
842
438
277
670
585
552
702
725
414
391
600
536
65
570
718
744
630
683
627
368
154
173
863
455
59
500
444
761
431
229
405
559
117
972
801
664
460
84
564
664
47
774
444
456
554
507
351
91
487
167
194
986
53
981
81
151
576
409
402
324
819
727
814
329
146
863
270
907
182
806
661
163
444
981
522
95
134
117
26
201
251
296
496
202
376
272
32
350
542
557
356
155
844
698
953
107
527
447
125
783
558
879
527
150
223
682
16
983
136
128
328
291
527
542
486
330
912
904
83
447
184
630
601
356
918
696
274
698
528
638
6
872
870
192
392
652
565
234
619
889
99
606
23
690
945
492
205
529
686
87
564
990
594
39
729
582
784
686
694
803
538
971
990
299
184
398
610
118
611
475
153
627
467
453
66
23
547
599
497
41
600
553
489
997
998
558
510
824
329
960
417
42
676
441
439
450
508
479
550
894
77
991
716
448
801
472
381
710
736
340
456
648
955
106
0
0
978
439
642
285
735
685
420
544
674
329
103
799
225
492
871
208
705
317
587
636
855
778
946
297
619
663
238
224
330
544
534
300
573
563
978
614
324
588
744
942
161
417
237
151
315
708
940
718
947
64
266
987
535
501
970
962
739
293
706
985
857
301
404
76
11
537
841
609
964
546
365
542
528
760
260
940
747
964
628
399
655
84
905
579
592
781
265
220
206
553
265
325
29
358
374
672
113
983
49
736
646
716
175
955
203
201
335
566
76
311
857
79
997
995
388
913
254
468
362
208
353
338
788
931
519
377
88
981
310
487
736
366
11
178
1000
29
46
737
987
490
197
146
560
974
966
496
492
17
258
7
890
675
692
982
983
928
81
288
315
297
305
192
984
326
609
167
306
148
891
556
742
921
70
374
921
214
228
210
446
452
587
523
945
742
995
806
639
211
848
700
50
827
544
860
861
266
217
388
768
606
901
773
829
644
728
876
323
714
559
954
271
600
591
322
439
187
55
225
12
711
887
767
278
459
93
44
696
439
458
490
292
815
922
700
22
939
589
481
102
749
682
932
624
205
863
652
557
549
592
690
819
787
886
932
64
460
202
364
614
423
337
148
852
627
776
702
805
591
363
497
199
818
663
990
887
142
980
720
291
676
721
899
110
121
856
619
946
999
928
344
201
867
262
767
163
918
854
262
520
741
518
867
533
475
935
882
88
563
561
720
460
281
981
578
841
805
155
462
437
374
23
659
92
772
540
5
931
269
550
179
758
243
888
733
801
123
448
695
244
457
564
887
903
632
401
685
521
89
765
461
111
115
775
134
800
230
287
484
99
643
402
97
509
70
847
268
663
609
779
764
356
576
116
329
531
286
285
504
259
371
324
574
379
137
174
807
787
682
887
251
940
489
101
963
835
756
907
490
498
476
387
744
593
922
444
455
154
401
589
767
450
924
92
615
64
320
632
745
750
120
505
532
152
66
100
193
207
579
863
513
693
282
302
126
283
902
187
527
518
602
567
575
447
906
226
980
891
407
179
117
507
847
924
94
353
650
367
970
758
348
396
427
574
360
253
545
763
614
587
202
356
641
468
926
817
861
114
734
294
841
449
715
185
685
711
35
285
104
53
427
234
349
750
7
997
549
351
749
822
492
33
343
358
99
261
657
777
860
733
62
258
429
428
127
537
231
220
932
445
984
645
213
490
70
173
591
172
877
381
85
78
307
159
633
177
963
232
929
185
446
594
314
811
495
138
828
467
492
853
953
181
832
787
790
15
985
71
613
658
597
521
813
478
192
739
708
595
829
132
527
425
273
221
402
725
438
348
329
375
365
601
494
545
26
177
812
227
937
664
124
346
430
749
370
442
427
824
664
679
446
542
997
180
635
975
758
304
582
816
443
240
49
513
682
853
860
969
409
851
688
911
60
801
204
118
833
313
667
12
524
559
461
441
465
724
386
878
721
775
958
614
296
208
61
969
346
579
577
690
659
991
325
341
558
60
703
454
943
520
194
578
200
800
869
345
336
924
384
510
6
652
408
623
840
182
17
130
172
203
109
506
560
889
507
801
367
999
431
24
636
605
507
256
319
645
799
510
126
878
108
565
649
275
989
786
973
429
790
736
103
703
956
699
91
781
207
728
785
611
15
393
190
543
787
911
804
578
283
443
735
382
763
387
395
671
476
231
202
792
825
397
945
880
347
983
380
912
324
177
296
958
819
626
674
192
357
226
431
960
643
266
794
555
661
281
164
817
538
89
19
56
503
447
516
389
993
493
964
883
92
7
496
801
286
210
558
818
595
7
354
853
160
801
767
868
528
200
699
729
307
861
588
87
188
304
26
471
344
910
396
592
322
179
691
727
463
960
524
486
240
688
532
143
867
655
147
699
461
781
808
294
659
991
716
917
857
267
439
844
730
392
544
429
28
24
220
469
613
875
647
338
590
549
417
674
513
614
489
518
759
5
377
843
150
114
942
145
567
636
328
302
211
52
502
444
890
623
136
254
72
947
355
522
866
701
363
644
466
96
27
915
932
245
471
139
198
223
553
357
140
413
599
271
49
859
638
730
136
316
929
445
279
485
658
511
653
127
815
14
54
683
698
551
413
578
1000
37
616
184
395
326
629
331
772
481
891
563
982
613
772
462
603
257
665
609
994
554
848
410
514
513
270
366
929
732
885
168
879
338
215
216
986
87
425
595
86
266
950
42
937
859
899
973
264
518
958
384
314
422
182
990
555
595
131
41
893
423
570
77
432
708
791
271
149
408
383
316
144
207
274
36
520
785
172
760
651
422
572
342
839
48
130
590
486
565
316
316
146
29
542
762
813
441
488
790
915
108
373
905
392
446
248
853
879
668
130
546
871
340
949
286
413
898
400
355
260
613
50
584
827
80
708
572
28
897
810
570
325
648
32
435
691
980
313
844
927
716
991
407
355
343
39
802
11
356
320
843
101
746
11
789
878
193
321
981
711
368
594
860
611
229
310
142
784
624
808
930
948
38
982
998
841
968
108
785
292
377
177
617
5
929
957
543
614
181
369
410
463
779
273
310
980
231
243
622
286
115
151
88
37
29
847
481
71
440
548
949
156
114
75
261
231
640
951
428
462
708
47
157
52
657
226
588
433
750
226
876
495
385
811
319
256
282
798
234
251
532
579
436
508
417
84
733
72
59
472
686
213
354
554
683
491
218
789
31
963
772
341
185
788
108
12
965
252
182
473
319
507
484
359
906
749
729
744
414
720
992
462
579
673
750
42
457
462
953
48
74
615
74
257
275
416
345
961
327
545
115
867
68
991
945
118
989
992
51
834
172
376
543
19
489
360
738
237
834
416
525
991
347
805
339
574
968
426
415
866
246
786
402
991
581
668
903
100
550
615
746
21
964
670
965
688
555
815
62
707
911
910
391
151
67
795
342
6
399
70
314
405
516
551
600
499
790
436
14
436
664
670
269
998
966
708
200
87
324
466
24
772
708
127
318
921
631
769
438
744
572
890
719
392
68
197
785
69
387
65
819
388
676
782
406
990
397
969
703
976
588
308
491
90
776
251
639
395
381
539
543
206
338
910
222
466
527
427
274
894
375
210
502
144
522
88
783
81
220
470
80
38
994
259
415
464
297
106
357
434
666
148
196
416
74
401
877
528
925
346
689
772
206
663
55
624
62
921
388
224
250
875
991
543
365
746
131
153
112
400
315
222
495
372
199
913
138
315
719
119
407
528
391
619
482
982
394
802
467
60
213
688
751
970
484
449
858
608
683
219
824
399
557
367
934
181
700
922
514
441
328
57
609
345
233
713
900
391
493
595
307
486
687
490
249
694
174
564
334
314
156
571
85
780
745
438
921
310
219
481
956
868
313
983
710
590
325
313
9
125
33
36
807
571
497
352
762
388
863
346
850
261
429
662
340
280
259
591
510
609
707
878
19
659
162
174
146
140
67
294
493
209
408
74
230
365
588
206
994
269
664
552
178
52
549
458
946
89
224
612
525
749
795
191
875
592
238
315
361
995
672
753
607
205
94
378
577
3
302
628
921
979
641
948
321
802
86
374
510
191
753
691
110
780
836
830
764
116
259
825
821
204
15
572
642
462
467
205
656
573
509
992
518
796
479
909
178
533
939
802
12
356
780
772
267
370
578
943
972
715
530
602
735
176
483
508
693
299
293
279
633
593
389
330
491
336
317
611
504
345
941
965
533
794
383
838
52
795
555
860
426
210
378
588
800
759
240
655
771
476
849
462
373
208
171
698
210
983
389
682
724
910
942
291
596
64
457
577
249
980
216
830
630
847
300
671
787
475
679
813
832
214
57
561
418
575
109
670
522
571
987
482
225
412
629
567
602
983
204
140
185
832
498
526
912
710
873
585
256
988
702
463
707
285
528
590
589
456
81
780
186
261
878
381
522
493
226
463
918
966
776
810
154
998
900
834
639
491
632
9
35
993
831
440
158
701
375
952
755
233
415
261
336
76
760
183
808
180
42
109
746
929
114
789
604
792
917
60
13
349
22
245
862
720
684
266
848
991
832
649
593
433
683
371
661
467
435
742
342
473
338
362
192
814
204
218
563
421
921
533
832
390
694
808
905
471
306
679
579
448
201
280
848
786
319
138
637
111
772
742
513
323
675
901
602
656
71
804
812
980
159
658
779
666
27
413
713
37
304
790
582
296
307
875
444
231
213
163
955
220
35
446
884
204
49
725
826
822
637
364
670
811
322
418
951
670
101
536
855
204
86
83
548
490
778
362
500
778
748
119
70
369
919
590
21
379
760
568
746
426
470
631
837
2
462
468
692
145
716
328
971
482
91
969
920
263
856
581
20
638
329
332
202
993
128
780
285
671
266
739
402
671
418
391
968
260
992
248
56
391
580
929
741
543
345
540
75
737
274
570
528
372
928
747
158
620
852
213
700
662
71
340
845
734
164
542
695
251
678
192
273
478
387
500
385
525
118
246
718
3
937
137
747
490
113
440
82
323
546
855
482
887
314
494
272
612
470
142
15
437
162
38
353
809
399
512
417
495
696
925
699
852
670
169
145
600
790
161
715
485
536
825
802
499
512
192
143
795
200
823
482
790
87
747
876
246
314
682
608
73
455
880
441
490
799
613
362
529
695
257
758
961
694
121
420
865
724
444
220
184
531
910
203
166
747
10
129
787
473
415
518
856
116
647
648
25
143
902
871
735
196
591
334
712
192
443
310
631
449
365
703
462
613
974
174
850
202
142
940
780
398
586
653
868
286
347
952
420
527
450
977
164
864
933
866
229
426
638
975
594
383
598
386
904
552
736
572
186
993
865
737
495
531
196
182
817
514
215
128
138
413
823
272
275
262
901
330
841
699
92
639
383
612
316
816
666
654
372
289
538
404
799
802
989
223
287
153
402
410
221
331
757
48
598
107
447
229
323
171
273
482
967
557
701
179
215
726
995
680
276
537
301
743
166
594
143
852
529
404
109
312
400
912
475
133
907
191
41
250
473
435
668
469
369
849
82
283
531
478
233
545
742
289
894
827
486
553
615
662
780
475
866
697
328
813
221
813
693
495
941
0
932
932
423
888
229
193
775
424
35
605
420
832
592
254
678
580
114
175
853
137
522
43
563
191
604
831
215
613
690
764
494
168
767
580
431
527
873
889
160
250
566
811
506
314
678
162
774
222
498
497
276
813
918
829
551
700
783
456
971
948
757
675
230
645
310
614
882
495
687
258
293
373
702
102
578
579
988
114
91
396
640
216
609
894
337
59
472
821
422
930
717
15
65
406
205
605
712
497
946
267
304
603
602
19
733
102
0
872
734
639
952
908
517
227
375
376
411
209
721
363
562
802
625
911
955
509
687
858
508
445
564
875
626
597
562
305
455
259
947
225
556
469
319
511
780
937
680
536
58
610
18
117
231
90
642
420
733
73
128
285
90
289
669
251
103
589
477
795
450
220
446
325
466
174
229
389
489
69
939
599
653
954
417
324
671
66
242
351
626
115
48
75
102
48
840
651
519
576
749
757
963
20
821
42
410
535
684
527
302
330
676
72
490
641
619
839
598
80
316
79
949
555
587
934
961
624
615
937
683
448
787
651
890
967
312
291
379
500
974
756
157
581
734
302
483
100
449
534
313
822
842
528
230
470
192
900
495
816
520
785
850
923
194
492
183
315
208
71
34
317
251
750
1000
426
263
1
429
519
529
880
325
992
413
190
566
511
515
638
701
181
742
448
674
598
563
926
6
371
491
77
836
60
350
215
577
650
939
776
504
74
252
674
648
352
130
219
452
367
322
290
666
33
167
770
383
623
287
877
846
631
290
672
998
93
601
245
366
900
525
901
373
760
864
986
391
301
824
645
232
321
750
43
978
232
902
758
486
626
752
529
469
9
305
998
56
62
130
82
954
114
444
913
437
32
982
499
702
588
439
722
142
432
745
236
256
529
759
282
889
469
949
440
329
304
319
791
197
442
718
199
762
458
726
366
129
35
736
372
940
499
419
490
827
226
208
223
892
735
170
175
17
90
988
596
722
95
854
119
194
704
429
929
996
933
146
117
430
147
241
79
38
866
144
489
914
775
298
284
380
587
106
181
834
915
281
534
566
756
350
495
105
227
676
871
943
865
264
628
837
764
30
866
572
397
439
384
606
572
558
812
560
793
350
767
343
861
323
541
797
823
233
587
275
822
287
992
570
467
784
747
643
301
320
807
470
584
252
498
53
871
944
671
85
669
461
959
154
354
90
554
818
29
330
835
664
284
312
147
41
203
213
99
929
233
373
85
322
247
84
612
803
272
923
543
781
985
140
949
86
255
29
230
170
816
645
561
29
536
483
201
444
352
366
859
896
490
794
773
248
324
255
25
364
290
193
287
932
604
709
203
356
601
956
484
661
737
620
653
256
415
245
514
990
377
782
79
46
868
852
864
951
227
94
236
629
888
694
177
862
658
133
112
624
517
18
225
804
959
556
126
129
753
59
963
157
666
351
130
981
109
35
290
989
766
414
547
635
169
326
714
189
819
988
468
843
553
643
877
811
654
976
90
608
157
754
435
547
526
669
487
98
501
95
988
974
140
768
662
921
324
602
271
585
101
64
329
566
181
857
492
384
241
245
671
456
683
965
567
569
511
724
423
181
631
676
382
622
825
501
260
458
729
74
849
950
975
140
659
985
515
535
947
499
842
919
249
298
324
293
904
177
463
397
709
95
448
47
164
357
458
194
533
857
619
83
837
923
154
785
524
635
629
0
891
631
876
720
647
723
7
177
613
871
423
305
45
915
14
989
178
822
874
502
103
765
492
549
879
338
246
432
535
356
519
167
331
578
49
826
589
154
907
677
21
502
318
276
374
785
415
538
668
466
726
388
506
902
387
605
315
46
394
300
520
289
460
459
158
42
27
228
332
908
346
334
440
222
849
999
781
769
618
962
805
209
15
50
601
300
827
731
875
394
200
548
671
732
6
330
518
202
53
951
550
218
331
681
1000
748
120
744
319
677
331
547
198
436
913
366
127
592
525
577
887
269
975
964
856
814
931
406
348
812
818
249
293
68
837
54
800
313
555
477
100
998
698
762
509
846
520
941
274
335
132
912
740
863
78
509
613
717
738
617
505
417
678
649
360
296
483
617
775
497
584
168
482
721
597
689
179
954
616
381
322
327
546
469
145
431
971
354
464
903
648
66
41
552
247
798
856
861
524
679
939
785
556
333
603
975
973
151
421
226
314
347
131
897
582
759
376
942
991
787
286
81
650
335
969
744
593
821
413
443
755
111
632
973
781
917
330
105
794
891
87
933
293
303
284
170
334
584
272
904
832
577
271
319
912
464
585
566
638
126
947
17
382
144
420
47
26
753
46
379
517
55
357
285
896
302
380
492
474
87
280
25
347
706
653
438
261
308
921
779
497
536
496
331
855
726
192
901
760
623
209
373
93
235
943
458
325
716
406
218
412
609
514
440
84
697
341
251
559
248
804
9
690
87
827
865
763
706
738
99
379
9
48
109
2
353
108
949
762
530
49
259
791
76
871
641
712
785
333
25
315
537
95
5
195
99
118
663
422
499
769
24
121
470
515
182
221
710
483
771
815
359
820
578
786
698
177
5
894
907
799
655
880
634
811
908
409
326
954
378
750
352
615
968
306
705
540
556
768
699
572
471
75
189
877
353
761
451
521
763
980
49
668
202
17
315
356
187
559
237
525
239
161
408
446
749
766
457
13
801
222
600
459
544
479
268
499
409
43
399
806
87
469
713
673
443
690
542
868
925
323
876
294
643
639
318
927
977
406
867
39
662
820
552
528
242
691
78
797
337
392
35
805
599
795
405
11
853
110
822
672
897
881
196
959
223
837
548
320
875
473
325
848
543
67
865
10
41
421
691
869
916
199
203
313
729
507
63
760
998
951
869
86
3
715
82
181
213
908
687
998
198
111
827
868
912
711
605
637
309
771
748
45
832
230
391
860
844
132
810
465
662
27
943
810
680
239
767
637
177
638
484
804
426
351
399
173
541
543
474
955
867
38
380
436
768
877
170
607
933
200
528
735
336
660
28
949
185
69
495
906
799
620
943
583
420
22
315
172
910
749
234
521
653
415
700
297
141
911
354
905
577
710
82
36
591
674
277
451
427
438
83
616
727
968
972
940
473
7
510
939
85
750
413
384
428
415
391
726
908
301
501
246
259
506
839
419
651
310
302
430
256
382
457
881
949
456
474
308
432
631
740
554
175
609
234
771
255
638
551
597
801
756
129
931
164
222
599
561
658
396
575
141
301
158
96
938
457
859
35
712
142
701
921
198
543
653
30
239
25
856
55
550
986
486
632
847
923
661
696
149
38
649
221
636
942
898
222
905
892
380
790
471
601
814
517
797
528
664
928
820
789
37
482
246
590
605
960
577
13
978
962
858
717
857
862
320
784
524
242
693
940
107
888
701
428
612
874
873
112
189
907
79
245
837
497
788
998
316
574
150
182
703
336
256
366
93
585
804
268
931
77
389
610
540
730
749
867
140
512
709
643
203
853
241
941
998
125
178
426
988
421
593
581
353
503
266
278
285
445
291
523
788
478
327
960
871
654
828
519
455
32
832
340
857
767
803
364
546
292
520
862
901
680
890
310
786
698
283
599
181
533
629
741
307
725
45
839
463
85
211
229
577
81
307
416
446
581
13
489
23
47
988
327
876
204
552
581
149
856
656
4
235
574
83
736
316
878
25
33
163
750
658
682
580
755
401
734
525
539
544
199
73
740
192
417
88
196
706
374
637
418
50
562
437
893
915
487
308
82
764
707
356
201
371
707
460
534
114
420
176
698
438
657
587
516
516
782
464
558
386
784
744
213
201
151
612
591
397
215
347
41
766
349
687
187
940
89
705
741
908
151
305
256
45
823
123
495
629
610
844
626
608
554
907
511
555
268
322
157
93
157
480
102
416
321
562
428
615
642
295
62
973
797
987
444
904
260
944
344
746
27
182
939
732
252
943
993
498
862
213
936
705
92
345
780
141
309
620
20
600
185
288
953
442
358
575
94
867
302
891
115
137
63
677
275
153
940
474
386
305
881
806
259
211
577
605
35
332
295
801
531
220
45
365
161
179
531
324
807
745
352
732
631
409
807
441
861
761
899
352
170
196
666
707
223
416
637
554
239
481
149
89
154
771
287
210
928
94
589
182
650
723
707
199
630
391
815
344
815
942
508
340
47
453
460
381
778
632
649
644
283
769
661
654
226
874
571
733
528
787
430
765
129
733
960
979
802
644
38
666
702
885
409
590
776
388
112
224
69
589
831
555
656
766
527
892
621
988
191
791
909
574
695
75
445
831
565
429
275
352
789
807
230
351
735
53
73
462
879
904
842
224
532
399
584
785
744
891
823
167
604
475
331
880
434
821
23
225
268
411
897
957
347
45
85
897
758
322
604
632
226
520
227
594
959
587
349
80
845
806
151
202
569
567
532
468
462
293
151
643
133
36
452
127
871
921
356
436
63
31
892
151
30
903
279
469
529
736
948
1
277
856
38
693
581
656
466
410
729
843
106
752
466
841
404
257
430
169
579
110
733
448
730
592
307
909
738
575
677
961
987
27
359
40
627
880
251
279
484
404
439
323
143
684
786
634
603
472
471
844
906
193
779
662
760
567
731
66
166
961
419
20
593
948
492
623
2
400
939
470
625
856
403
3
660
244
676
351
121
407
549
315
315
143
241
887
456
826
316
883
23
477
358
893
120
93
678
704
658
909
267
858
646
658
851
59
477
151
321
898
656
940
271
200
740
187
921
549
134
833
448
879
492
725
581
161
669
5
205
422
519
778
924
140
660
835
979
250
930
391
973
523
738
266
553
803
994
448
948
195
199
935
649
134
387
66
63
65
923
680
926
673
736
902
194
198
857
74
468
769
340
951
494
34
886
720
276
631
399
439
15
437
28
722
18
263
382
905
356
30
768
153
533
725
307
328
401
274
176
751
558
423
256
548
779
206
750
776
433
886
222
452
127
10
82
626
802
611
551
312
754
987
408
890
597
503
389
6
64
7
965
107
510
167
576
319
98
63
972
551
38
721
647
799
28
408
196
918
529
378
213
565
987
330
645
688
440
945
439
170
365
100
509
590
456
98
517
198
614
177
18
719
432
5
744
401
554
669
24
726
612
764
931
532
803
590
567
206
647
916
388
792
73
781
226
103
487
881
3
689
182
906
726
593
127
823
279
248
306
514
205
353
944
23
2
359
148
767
347
233
970
126
197
724
854
334
600
771
833
583
876
809
548
677
718
0
265
444
748
143
621
498
458
481
607
584
13
887
282
652
806
13
90
502
746
33
104
434
205
834
55
424
968
310
250
585
810
295
731
541
61
65
684
611
624
592
350
761
878
181
68
372
188
421
797
353
30
525
762
988
562
689
561
891
683
917
963
839
309
148
302
852
923
744
449
338
94
586
944
540
779
853
241
372
255
737
573
211
778
442
83
315
972
212
312
524
694
596
339
521
608
4
541
98
822
495
572
954
908
233
822
660
171
957
418
815
841
864
963
547
306
825
33
392
48
655
680
935
705
987
204
686
39
306
741
954
95
897
896
414
520
797
105
168
799
421
194
194
626
92
968
772
704
949
515
941
101
471
43
421
100
222
649
293
525
867
54
535
285
601
954
498
232
347
449
639
968
622
485
331
170
756
651
945
413
539
302
413
94
554
52
294
495
223
839
371
607
237
557
402
822
369
790
157
289
762
32
150
49
147
271
973
267
804
524
626
179
486
107
374
344
392
344
98
977
983
689
441
558
104
380
999
764
617
539
918
305
119
287
318
532
491
528
289
613
365
849
783
919
561
820
204
158
679
510
534
283
655
355
814
1000
100
531
137
220
175
829
455
265
60
344
707
872
579
822
90
923
749
714
117
780
314
479
991
619
165
341
604
491
950
471
5
642
922
39
120
804
446
686
139
925
22
700
154
148
908
462
800
607
464
750
668
85
442
74
18
260
43
338
512
700
574
725
615
186
242
882
536
991
691
128
839
484
654
76
843
881
103
878
935
406
174
72
297
368
165
650
810
672
684
230
890
794
984
959
174
595
199
609
853
518
94
561
770
569
380
72
416
684
696
944
759
155
102
127
948
934
886
979
711
551
870
121
97
556
72
815
962
723
654
794
703
233
687
413
419
261
421
158
530
632
507
326
742
333
199
833
441
51
166
520
492
749
636
477
721
35
180
277
238
302
985
178
79
67
595
461
534
737
933
733
571
61
563
391
625
853
985
530
486
698
23
926
161
774
938
517
647
472
191
162
966
396
312
91
647
195
423
193
386
797
225
351
870
415
260
816
304
612
184
977
233
737
177
971
856
902
981
733
407
901
528
191
645
533
452
273
887
216
756
854
117
195
387
89
363
373
230
159
454
152
753
606
375
342
58
604
240
975
219
181
414
61
743
108
778
501
890
141
326
339
925
306
181
724
742
641
514
6
378
818
878
674
43
414
122
802
666
878
397
291
716
601
570
898
807
897
930
775
920
625
868
446
597
558
615
394
281
414
229
364
277
132
751
798
231
442
201
954
427
161
92
396
174
972
389
313
991
375
901
496
829
235
604
424
250
18
716
213
903
414
62
287
769
628
68
8
870
272
63
981
340
517
424
352
621
593
826
443
497
532
699
577
987
386
907
406
218
358
782
530
457
668
855
443
224
499
681
68
343
382
458
804
194
771
14
946
286
676
30
138
275
745
584
494
969
748
215
977
955
798
251
575
302
998
946
134
94
173
109
511
123
552
173
378
856
977
3
507
971
645
930
811
675
824
4
584
991
153
484
769
870
670
809
369
811
812
544
208
944
980
631
623
761
283
261
627
764
285
223
934
558
809
663
485
876
578
874
688
189
203
542
986
882
465
245
983
150
483
598
81
239
537
192
814
298
617
727
259
257
667
268
661
599
320
813
662
815
807
944
363
95
605
591
861
873
848
314
490
757
813
305
937
866
259
273
156
155
431
634
86
242
57
396
604
336
870
967
271
413
52
836
18
852
390
418
653
923
716
422
532
715
928
327
844
98
27
892
646
391
797
899
341
930
886
632
221
395
460
579
387
346
637
476
893
641
358
22
128
56
135
939
262
889
654
669
921
847
597
121
960
945
290
82
102
942
891
721
677
64
568
111
168
264
120
509
168
142
43
582
208
103
654
538
76
407
707
365
772
95
144
571
22
841
440
3
627
626
595
535
788
234
200
247
143
254
932
907
644
860
61
187
365
415
955
1000
520
788
495
435
574
968
518
10
390
396
964
261
665
715
972
473
784
600
110
813
949
225
486
277
333
434
273
466
5
884
599
501
305
288
670
60
761
899
808
919
469
96
421
426
433
589
493
446
313
575
788
107
658
691
248
572
406
593
836
212
735
895
224
985
31
727
208
960
868
714
433
651
183
623
529
134
300
223
983
92
450
67
1000
542
356
660
83
113
182
112
380
883
585
772
266
153
324
422
779
74
329
778
836
175
65
563
714
107
356
798
386
469
768
38
926
226
124
769
749
942
128
671
916
800
470
898
143
224
846
814
246
140
522
676
939
782
56
818
220
547
368
723
177
346
968
322
810
689
626
425
466
39
168
636
316
396
361
817
417
443
11
870
355
488
614
895
756
420
737
66
182
300
412
305
520
142
282
237
65
165
572
2
848
742
669
755
544
900
578
753
700
768
513
289
707
880
46
696
341
489
178
889
207
240
323
643
283
148
232
434
940
520
4
853
160
298
318
213
76
74
90
197
649
771
486
580
615
492
343
388
620
293
474
288
513
404
659
902
934
385
62
675
186
525
611
493
433
572
772
793
246
462
347
555
200
749
505
916
89
673
987
39
846
992
37
517
351
584
74
213
930
969
998
654
913
173
367
475
594
731
754
762
871
172
407
373
270
475
770
516
496
762
542
453
667
682
790
1000
522
634
867
759
311
62
315
222
336
847
677
483
689
623
171
486
455
227
20
541
31
220
62
542
266
750
207
695
871
5
559
990
169
337
655
594
360
572
973
942
427
591
920
400
591
958
403
411
673
639
674
745
702
105
71
355
398
550
462
497
119
209
562
900
242
690
109
995
771
283
249
382
848
99
210
318
186
150
12
742
878
493
622
859
271
98
346
202
616
593
103
922
194
571
212
133
858
10
340
508
257
859
958
915
35
65
991
62
136
591
226
843
404
192
529
765
254
244
172
790
96
545
246
306
91
924
639
810
78
65
706
89
853
825
480
555
407
865
703
143
105
941
661
354
44
934
730
687
921
353
43
832
285
615
852
845
787
225
929
859
781
520
65
769
212
549
662
483
224
254
837
966
171
864
328
177
557
332
949
525
973
616
43
847
147
447
436
73
531
575
760
728
144
213
240
419
512
854
648
373
448
291
508
703
702
459
992
488
774
822
707
359
755
890
135
724
180
626
728
508
69
673
337
802
87
427
706
413
466
484
634
200
493
749
916
601
763
926
138
105
199
189
906
508
334
720
778
729
365
418
152
246
614
96
801
206
739
474
742
101
435
81
653
935
656
65
544
368
666
509
90
492
738
149
153
527
21
147
889
499
520
952
50
936
42
987
475
402
128
473
149
787
146
601
101
271
779
116
240
284
1
316
39
685
696
780
395
951
729
58
598
160
966
811
583
859
250
809
697
825
260
642
227
428
173
665
978
915
529
996
777
908
788
658
93
442
172
663
501
772
200
920
597
903
384
941
760
899
810
928
307
374
361
277
66
996
992
110
494
852
215
926
45
481
8
798
12
866
576
759
399
760
398
680
736
6
835
569
42
752
777
455
753
331
912
709
283
421
169
223
839
651
963
611
989
960
303
123
789
105
626
184
360
883
520
946
679
214
348
1
654
779
733
132
795
241
429
934
868
774
926
647
290
478
893
675
467
318
266
272
570
992
366
0
577
431
635
388
467
373
100
736
721
212
323
283
592
313
532
136
117
941
112
901
989
631
667
564
519
916
160
170
646
695
51
560
166
508
73
854
212
209
878
955
905
814
39
440
932
312
320
65
151
493
536
578
47
522
286
259
87
396
445
634
917
804
401
937
115
536
329
33
461
668
497
693
344
506
916
742
977
502
799
93
945
682
430
843
612
732
972
411
713
199
818
586
170
270
839
607
23
369
102
933
556
370
2
288
379
427
444
904
773
723
528
232
477
332
332
367
806
63
140
939
880
761
869
157
980
981
337
329
956
263
121
409
642
742
662
268
634
160
523
61
96
669
896
906
699
448
688
389
857
232
251
644
470
439
395
404
468
592
797
181
861
267
109
394
937
332
365
317
121
582
123
217
675
754
799
483
843
75
751
747
772
129
466
300
580
352
254
643
485
967
976
661
218
838
39
253
519
135
956
912
767
223
527
244
775
429
557
335
179
81
519
582
203
527
348
84
242
303
968
375
938
6
542
920
82
237
157
524
888
842
22
183
204
655
427
24
861
501
188
149
785
509
123
900
44
640
852
100
371
594
819
209
294
238
954
506
531
735
732
352
489
154
984
906
826
22
38
96
637
56
83
228
405
962
127
105
670
428
824
71
347
374
359
821
450
380
212
892
749
405
95
786
600
973
242
569
597
892
515
33
12
720
501
11
251
461
291
362
621
59
440
569
911
407
428
397
470
757
44
106
746
472
169
82
924
599
268
899
508
580
968
952
382
141
149
239
145
607
839
691
103
357
505
953
372
629
286
10
730
565
275
830
545
490
239
332
152
587
52
658
154
825
264
480
4
868
260
987
903
197
10
555
720
351
358
221
287
379
445
828
699
333
435
180
168
765
102
886
325
13
127
981
640
261
773
318
974
91
717
400
568
734
903
400
922
403
329
923
926
0
63
973
96
730
4
516
536
315
421
659
126
802
951
158
998
386
630
449
175
668
792
607
223
378
816
240
894
382
478
402
591
244
661
893
214
315
125
628
498
522
600
984
656
343
218
545
755
512
69
978
324
321
560
213
375
391
593
841
445
166
290
762
588
180
298
240
840
466
852
396
146
438
330
687
180
563
744
959
309
466
571
544
647
591
830
44
847
482
806
947
398
701
301
603
861
276
733
758
86
64
263
688
132
309
574
570
838
551
85
91
296
261
497
445
569
552
5
501
765
515
426
330
948
594
210
128
130
467
530
815
610
612
758
991
810
865
782
68
44
5
673
297
801
624
986
534
50
32
806
402
241
277
707
625
748
49
519
595
126
52
334
810
435
435
884
937
282
503
891
790
742
551
445
149
514
250
505
610
637
84
515
350
562
597
676
307
909
536
344
109
684
497
935
328
416
544
176
581
907
327
65
25
44
391
295
493
54
745
960
995
133
963
406
649
454
153
262
17
490
733
308
183
915
297
882
962
942
482
459
303
548
47
130
777
902
673
697
324
906
558
160
791
596
430
478
572
779
522
967
889
761
960
250
881
760
299
44
565
687
278
397
342
791
606
842
572
59
174
42
680
392
626
451
585
182
910
460
997
105
981
436
654
370
955
987
907
432
163
155
688
156
906
960
658
465
647
282
774
882
94
480
56
688
255
943
271
294
952
766
110
292
71
324
882
892
524
714
353
444
219
2
298
624
685
364
988
794
43
775
233
997
419
640
187
209
152
642
9
268
107
806
678
173
103
413
208
841
721
502
734
850
400
311
870
718
562
224
920
222
438
136
635
886
132
485
329
898
891
224
758
897
935
919
625
343
805
609
32
478
207
826
810
275
476
47
592
762
693
830
537
571
310
618
894
603
114
188
773
269
109
647
529
281
124
43
335
219
301
133
936
147
984
431
725
544
726
221
291
566
148
739
971
264
836
233
826
633
724
779
37
257
318
464
207
830
820
726
305
947
460
166
871
58
820
464
433
666
949
901
334
116
49
920
933
817
638
913
216
529
220
777
694
677
138
681
912
862
401
855
738
348
266
938
484
985
427
845
485
996
887
57
272
225
209
120
464
203
778
482
401
110
469
401
418
984
292
916
195
938
990
58
416
555
457
916
998
768
78
129
259
322
834
547
929
979
401
674
579
853
972
952
49
962
743
808
394
396
429
940
978
359
894
308
624
384
785
513
341
602
249
704
261
573
447
632
788
8
944
95
467
330
435
457
795
943
151
110
337
34
982
647
5
176
910
385
743
199
508
261
237
883
474
289
701
67
640
590
841
138
683
982
477
238
770
679
495
356
503
683
500
3
372
572
959
886
945
132
542
750
906
335
50
434
847
561
956
686
314
983
263
288
957
332
133
717
320
559
447
189
105
671
438
469
160
113
899
851
805
425
336
680
444
564
967
775
938
138
321
149
424
517
205
599
91
370
140
294
997
282
22
104
225
478
147
811
919
510
632
177
372
132
621
578
785
949
581
309
956
181
195
35
447
277
205
613
585
470
842
550
32
168
432
160
492
378
101
279
439
71
229
251
505
436
233
691
477
314
93
240
673
915
450
369
273
444
314
989
846
285
701
662
707
505
731
61
497
681
686
5
408
301
434
778
765
762
611
767
380
495
899
687
956
454
310
481
207
966
200
755
79
452
67
735
816
654
804
876
4
713
943
258
265
968
794
602
912
629
509
649
589
15
263
436
413
985
313
38
28
380
759
21
108
940
487
243
409
817
683
983
941
245
378
943
786
136
319
287
352
786
456
164
933
52
223
533
251
761
686
742
399
847
415
692
293
501
181
308
862
951
622
991
980
157
10
339
30
515
551
883
466
461
280
850
555
863
279
670
384
909
829
50
923
927
218
36
688
188
369
191
152
250
43
692
904
709
710
110
58
94
784
970
894
663
743
127
628
219
454
916
957
811
580
205
25
112
148
949
79
788
719
826
422
297
16
965
366
951
564
797
41
288
37
981
15
515
916
974
892
2
734
857
734
80
410
356
539
136
507
718
342
988
725
971
497
593
109
253
931
300
233
309
373
436
148
976
563
522
881
103
953
281
678
131
973
851
229
342
484
739
857
847
119
803
693
60
739
579
355
421
726
192
766
857
223
190
369
592
988
195
163
553
941
940
945
987
144
559
127
527
624
568
459
688
835
193
879
823
340
962
974
318
4
527
995
864
472
309
131
832
494
971
695
480
146
968
376
906
78
21
852
654
266
320
372
33
116
952
584
678
876
973
335
323
437
889
115
260
765
651
653
588
984
595
183
76
617
859
952
679
391
384
638
842
574
359
197
873
666
321
419
845
21
39
30
756
704
119
633
486
125
31
448
164
366
979
796
465
406
638
87
119
28
493
769
996
275
887
353
904
418
256
500
53
191
622
489
673
587
218
365
263
541
747
940
971
106
252
819
314
513
648
634
12
523
718
77
748
70
582
602
296
573
674
562
913
540
482
334
220
563
550
26
744
570
16
288
502
297
821
270
817
731
39
382
76
858
855
922
818
383
730
268
223
551
117
926
765
556
918
218
907
128
797
769
105
16
692
118
436
272
413
550
615
485
566
223
252
635
462
387
716
322
40
895
469
659
580
527
437
303
360
775
651
816
36
858
177
921
727
925
355
174
795
608
826
376
497
650
948
143
401
677
637
673
702
704
38
600
119
386
357
222
411
727
946
400
923
249
292
266
293
228
98
764
614
988
824
618
869
251
712
870
368
985
834
270
790
125
384
424
527
198
167
189
455
196
668
905
304
220
845
766
33
533
642
638
768
571
568
392
359
996
796
652
707
649
140
912
658
541
99
366
726
62
794
803
314
889
69
473
354
579
789
673
158
526
13
69
383
178
135
337
467
784
238
701
139
455
937
861
283
951
103
896
659
858
217
462
804
870
329
375
172
149
61
643
405
299
516
720
196
341
872
547
602
481
428
662
421
300
704
948
337
663
861
739
269
630
572
86
294
775
246
571
945
205
684
106
523
94
193
199
406
728
289
954
52
367
775
840
839
875
251
216
891
657
277
576
968
532
828
300
327
519
927
37
722
249
141
386
625
730
847
683
946
537
225
642
699
254
942
101
350
794
192
360
660
63
676
621
894
488
455
488
543
231
947
104
293
470
387
467
204
631
556
137
217
282
388
330
85
210
154
669
917
896
329
3
38
648
804
344
535
268
171
42
840
749
835
318
216
448
92
685
179
51
561
696
206
323
665
264
336
797
698
219
501
69
179
733
0
621
623
508
764
123
139
832
452
493
904
825
684
242
846
454
176
438
348
807
607
200
573
269
592
182
564
154
460
349
339
970
616
619
813
332
62
626
548
951
339
441
163
496
594
720
621
70
33
117
107
976
138
230
48
742
263
49
897
423
586
224
131
818
245
465
224
220
402
530
190
495
203
12
187
805
754
830
381
163
734
100
694
223
970
608
975
345
370
271
263
427
762
391
686
809
974
890
580
854
96
371
404
164
848
405
589
160
622
652
702
178
218
925
805
451
580
736
886
619
750
410
489
591
96
398
38
841
866
205
592
495
847
586
945
115
665
776
624
861
470
525
885
788
953
842
762
538
570
707
981
745
701
535
534
873
804
967
311
548
437
187
368
713
789
245
990
995
982
795
1000
567
560
560
196
470
971
840
120
60
266
996
756
733
551
648
265
313
19
917
974
532
533
681
567
188
89
426
787
750
164
707
950
175
838
68
502
946
76
410
288
914
494
610
173
337
445
557
688
711
267
12
536
913
54
386
355
891
180
493
508
557
310
765
729
437
743
252
284
764
116
685
655
253
367
419
319
395
199
643
64
961
389
785
780
807
785
382
458
386
658
776
112
106
860
140
768
105
846
723
767
684
131
776
254
847
901
186
514
29
933
158
102
91
23
959
319
370
209
533
724
579
305
939
511
708
346
624
132
387
790
697
911
396
671
587
593
559
700
530
221
175
156
399
167
121
859
201
928
978
945
333
714
690
317
168
666
608
877
255
568
126
770
114
122
258
414
24
241
105
24
265
227
563
960
810
722
542
426
223
605
693
7
688
850
514
261
188
687
874
352
833
755
342
251
536
732
236
625
632
759
563
778
273
263
260
252
783
424
284
509
190
962
408
593
387
340
578
50
168
947
157
914
504
661
599
399
355
333
95
63
64
999
265
735
138
933
641
958
290
762
801
147
390
63
871
318
530
235
306
437
755
894
18
240
685
776
187
425
965
778
301
664
578
25
863
175
64
403
364
532
561
529
324
825
601
392
184
482
400
738
392
928
309
379
707
198
432
505
600
15
42
52
549
833
458
767
429
986
506
186
71
834
314
786
457
24
819
111
797
759
958
445
91
662
724
806
286
294
461
460
127
466
823
10
650
977
516
137
683
667
748
859
131
681
477
751
124
248
734
810
148
568
645
958
267
701
310
977
358
226
302
953
444
729
712
123
287
983
769
261
60
701
116
761
800
539
250
379
376
520
850
56
590
545
142
975
777
314
888
744
271
306
882
661
333
32
940
562
177
731
199
275
668
894
60
268
530
495
491
259
194
484
395
29
113
951
122
769
363
135
81
2
287
18
47
49
150
623
25
804
268
555
429
783
106
894
200
759
286
160
637
357
964
7
228
779
685
570
84
539
553
97
366
30
368
630
317
375
81
191
167
674
949
702
886
18
549
981
896
720
633
815
574
655
726
323
933
267
557
700
11
476
31
772
660
580
698
120
411
634
774
928
958
3
910
131
141
636
524
166
268
723
77
143
272
784
183
874
533
94
559
602
270
112
372
676
595
920
824
964
707
393
112
312
367
536
9
525
281
100
152
115
386
778
229
537
172
411
137
766
198
41
155
93
186
157
920
155
848
801
586
247
702
691
973
217
810
282
528
327
289
337
534
404
869
318
729
189
823
942
195
86
215
401
969
819
946
188
555
199
663
428
329
951
430
525
989
812
889
332
330
745
59
161
278
382
493
110
555
286
759
573
736
510
288
686
158
294
453
309
709
552
582
175
36
395
251
607
440
130
428
163
853
910
530
746
181
132
949
792
710
754
927
817
939
229
557
253
878
426
175
302
922
409
97
372
968
419
606
274
185
955
618
341
530
234
752
124
120
649
841
502
397
959
269
771
720
491
323
581
51
8
406
854
868
635
860
992
37
161
231
17
85
114
562
216
725
981
721
955
909
555
244
816
841
398
520
436
274
816
328
292
481
719
563
774
85
120
805
445
245
923
724
786
921
586
612
49
162
891
222
23
489
706
350
664
269
900
805
127
513
593
57
571
243
584
610
609
516
804
877
829
613
549
655
22
667
7
196
319
344
526
310
768
190
605
751
676
998
542
773
640
866
73
448
931
447
159
497
700
132
881
617
602
226
181
904
984
855
227
439
815
543
948
449
764
578
708
542
445
177
194
348
225
915
614
185
82
134
71
676
552
319
364
77
60
694
114
727
29
205
1000
855
298
39
567
357
30
501
472
983
945
86
518
96
550
981
152
410
410
473
317
291
338
995
551
808
261
365
844
748
96
926
982
587
392
522
810
575
416
78
335
650
968
419
873
499
663
96
121
709
2
848
672
429
729
175
397
883
102
475
398
332
504
869
905
39
728
195
975
102
36
418
293
672
679
339
138
115
868
908
425
620
212
869
599
724
952
760
807
345
354
295
229
214
393
93
519
340
744
623
945
914
808
833
937
428
732
12
730
721
972
437
783
791
720
310
784
202
512
85
894
77
664
249
349
52
122
51
961
801
341
540
254
524
778
768
469
498
397
791
541
739
129
740
659
37
431
489
835
491
496
497
264
258
819
471
657
756
309
695
527
999
519
487
185
893
2
774
633
399
365
412
1000
746
799
533
290
711
594
817
219
977
358
717
468
712
707
412
94
240
795
15
525
523
642
293
487
360
792
263
875
921
31
745
220
787
59
247
819
758
206
681
448
654
974
804
297
260
106
181
184
400
643
817
850
277
930
149
426
989
535
390
897
59
518
278
64
543
847
385
894
91
606
927
850
566
447
804
344
97
898
724
979
776
818
989
743
335
381
929
409
747
971
511
107
682
78
435
709
66
685
472
935
276
320
709
155
161
728
210
384
216
534
514
120
575
662
921
841
230
499
912
659
911
358
654
397
539
670
814
44
250
56
766
289
547
294
161
765
344
44
427
946
578
242
777
881
46
721
779
848
212
982
272
321
13
898
491
423
952
54
940
744
180
377
857
284
573
547
204
921
632
445
524
642
52
774
315
250
646
590
729
646
563
854
381
795
983
829
61
758
823
419
724
5
101
984
857
393
459
926
252
525
18
910
927
625
530
932
886
911
770
653
128
104
784
79
353
277
391
682
893
335
872
902
366
501
436
416
203
110
593
325
940
275
228
949
627
572
435
898
392
524
697
325
43
329
818
816
224
899
472
714
891
703
121
108
107
637
50
400
79
974
189
375
465
424
259
121
72
1000
9
306
32
67
827
773
232
600
511
522
541
781
871
554
245
142
6
511
861
114
417
455
462
0
304
610
600
560
822
362
668
48
624
594
854
968
802
776
762
944
967
598
52
102
862
431
18
145
395
827
981
704
143
90
22
155
325
108
629
481
730
910
912
333
444
52
282
592
594
833
433
39
496
540
241
508
870
4
534
16
133
368
1000
660
723
696
651
602
387
792
404
788
263
427
518
791
254
456
655
883
9
942
813
193
313
53
800
623
753
123
652
964
440
339
855
618
979
455
923
876
967
285
612
409
280
558
306
954
305
353
382
295
995
375
927
655
784
412
268
229
208
853
307
703
30
24
508
316
868
37
758
411
700
279
622
171
184
100
868
756
458
264
34
869
278
456
640
395
329
535
567
790
114
892
88
399
786
353
405
303
47
363
775
798
724
112
313
164
891
730
669
134
801
486
661
715
550
652
810
253
636
361
127
983
271
48
271
500
273
818
974
638
756
296
413
240
954
207
36
824
631
794
404
951
125
369
441
496
170
658
228
321
618
541
522
211
869
539
565
47
918
533
271
299
437
501
223
495
672
343
258
428
822
944
665
862
974
529
671
468
133
709
755
338
962
319
649
610
934
858
944
605
643
925
26
272
826
189
354
620
835
412
127
920
338
569
383
133
774
688
901
798
750
350
406
971
428
295
305
991
350
526
365
920
251
400
46
316
544
920
331
332
614
630
323
58
489
474
78
297
540
639
108
35
110
346
201
640
778
377
797
18
664
72
624
560
655
186
501
980
672
816
757
517
650
935
671
380
742
406
729
731
399
445
698
255
530
511
513
235
234
755
693
997
716
124
911
206
507
635
692
646
157
201
895
924
920
863
394
301
124
555
95
577
175
754
115
706
912
849
11
319
493
588
814
232
77
713
880
965
383
184
361
191
23
233
229
778
535
717
660
586
582
443
378
234
907
670
281
513
934
271
739
418
199
694
295
669
707
214
986
801
468
627
975
794
514
236
862
586
618
98
972
577
382
418
374
142
517
881
458
266
682
347
356
550
724
345
11
59
657
661
346
107
993
840
279
943
212
405
621
870
798
989
841
87
983
610
990
214
547
635
907
898
972
126
168
247
932
264
869
951
237
539
697
734
253
647
492
225
799
432
718
621
397
750
678
119
158
391
601
558
681
831
32
253
204
391
745
856
914
916
248
469
298
84
425
756
597
442
967
586
434
787
951
751
908
955
221
457
18
1000
784
982
10
289
424
694
654
886
188
706
318
759
804
986
981
78
625
66
77
194
135
861
238
574
306
677
74
980
25
265
917
680
838
564
268
616
737
434
280
542
166
262
539
384
749
654
11
724
879
313
180
981
16
871
695
378
736
259
743
346
60
368
661
56
228
64
593
270
702
217
521
911
555
379
945
946
47
186
105
761
725
465
112
622
100
291
852
304
446
782
625
161
827
515
19
162
453
288
803
79
673
591
837
773
32
168
74
215
127
913
891
509
502
628
147
448
800
34
734
652
979
311
774
507
251
659
865
879
305
559
274
272
218
384
710
878
85
810
623
333
763
654
749
923
500
57
540
661
929
437
274
245
27
670
903
772
497
777
525
415
476
571
433
635
208
816
166
942
136
227
840
740
390
412
282
793
101
833
517
486
405
72
95
320
677
782
579
509
674
880
70
182
294
653
858
367
187
234
412
183
418
212
248
742
5
102
310
873
994
494
813
991
502
336
630
835
204
371
482
568
744
380
497
520
49
67
417
752
729
204
987
48
884
660
919
942
401
763
152
995
469
665
599
870
606
293
486
622
618
149
960
284
527
244
473
106
160
223
496
571
459
275
750
666
138
8
416
62
177
617
667
129
665
1000
513
18
497
645
551
617
146
33
405
334
5
451
387
715
840
235
121
595
770
2
922
530
609
694
152
731
964
362
180
687
151
680
628
888
52
145
654
422
454
63
990
540
13
144
928
58
425
883
826
749
8
7
411
970
722
608
974
661
670
269
186
324
927
997
906
39
685
497
931
433
838
92
862
37
416
415
726
611
65
42
474
94
437
884
932
801
678
227
54
482
720
478
116
580
438
851
852
439
503
648
65
571
480
581
938
178
987
517
478
69
210
195
540
716
606
112
761
612
673
893
743
143
230
138
547
563
288
851
383
810
864
676
765
685
430
933
733
193
160
771
691
557
17
453
411
450
154
179
66
35
979
341
228
784
8
729
865
331
174
563
290
135
648
377
917
531
718
201
354
231
483
358
170
811
53
232
652
300
321
158
586
429
36
164
265
699
536
684
133
381
539
293
804
997
208
264
988
836
101
32
770
647
493
70
320
226
444
824
559
327
234
913
923
999
989
536
103
197
49
995
36
761
273
966
777
560
820
459
931
363
518
99
828
494
905
485
960
783
824
391
694
172
231
375
453
850
393
953
