990
227
483
537
230
394
986
906
407
553
299
703
158
768
604
88
448
674
119
45
120
995
196
597
951
105
905
272
233
12
125
814
581
599
858
270
688
652
50
663
476
499
215
894
788
973
488
995
359
754
32
74
642
228
829
359
70
590
477
898
863
955
721
834
138
968
425
83
201
190
778
935
758
497
256
178
612
910
490
59
443
868
827
858
685
682
576
977
21
970
177
510
691
728
122
650
229
428
232
727
678
461
688
796
858
106
201
709
551
335
204
916
167
48
266
318
646
389
122
514
968
847
310
581
828
967
695
891
998
51
244
768
348
1
643
727
775
266
527
762
297
408
501
455
667
444
922
907
588
953
90
990
601
968
270
29
993
771
609
695
472
425
745
273
682
420
478
58
180
47
471
41
79
784
964
790
315
381
910
171
72
127
765
781
26
549
930
709
970
921
721
867
31
472
320
224
979
573
373
622
238
393
619
437
66
536
21
27
351
231
164
872
590
320
554
672
605
728
258
616
243
135
566
139
760
773
136
215
840
62
468
349
266
967
311
866
994
928
609
102
991
893
160
692
590
372
199
745
564
271
286
522
724
214
65
549
813
773
253
55
606
146
189
749
66
904
840
116
446
428
375
686
411
855
629
597
719
622
996
225
601
726
436
851
572
29
659
895
99
844
768
403
262
19
714
285
653
719
940
255
286
240
724
906
899
520
649
760
445
203
233
615
516
316
137
575
415
979
115
736
112
226
790
576
934
938
514
220
715
528
786
473
87
215
871
768
961
741
954
361
861
44
526
611
798
473
398
858
192
414
686
997
331
618
20
161
319
586
168
764
559
708
325
365
269
433
35
291
709
147
387
223
474
369
637
278
106
241
384
420
130
838
87
492
978
641
120
878
84
317
840
787
493
475
588
171
786
284
537
188
235
567
857
300
378
149
484
30
935
940
891
578
84
529
940
866
425
52
516
921
316
844
3
561
754
67
128
921
370
106
564
854
629
799
534
394
468
987
954
84
747
613
238
280
410
987
773
801
642
331
360
967
499
195
386
544
844
481
748
761
979
192
297
751
691
23
754
776
601
114
424
438
70
97
636
858
31
740
290
28
119
162
534
95
874
646
391
313
487
649
415
254
151
120
899
403
356
525
196
470
103
579
848
608
731
690
241
293
859
342
20
987
632
237
580
866
167
906
581
963
744
818
165
265
918
126
768
198
988
484
487
819
27
454
298
937
357
701
826
45
228
570
980
520
950
101
942
892
453
960
563
462
568
893
167
657
678
121
681
554
148
472
268
496
264
501
573
911
387
596
374
397
489
476
409
335
604
41
563
333
637
954
406
918
973
616
484
965
505
512
293
984
54
275
379
371
617
588
807
858
470
611
919
332
540
59
442
825
399
717
711
665
39
585
643
598
175
988
571
195
654
823
51
95
487
377
872
733
538
804
125
867
124
404
249
492
653
275
843
515
779
36
402
955
647
321
833
649
935
24
370
126
266
912
834
263
661
340
115
594
191
193
758
72
307
931
97
307
801
494
630
219
436
235
14
184
477
749
918
665
566
146
341
917
997
416
798
239
366
179
189
647
440
219
966
647
222
53
286
350
279
209
77
279
599
410
783
90
346
859
27
392
198
952
438
458
663
450
17
590
628
147
313
466
750
947
995
79
883
180
690
786
757
918
441
932
372
704
188
972
901
290
769
179
238
958
321
686
391
865
525
726
845
75
376
128
620
293
22
263
929
273
285
33
838
335
689
602
51
435
215
1000
516
756
589
818
100
60
592
990
721
207
658
919
78
561
911
205
607
936
395
860
97
867
786
780
505
514
739
685
887
685
361
102
564
85
599
614
229
30
665
142
782
245
541
425
616
715
775
774
201
604
27
389
855
806
914
422
515
260
671
301
759
601
416
361
927
746
254
474
140
616
486
98
979
254
72
191
393
779
226
394
389
682
150
476
438
450
891
19
774
120
125
970
106
419
167
242
404
349
85
526
628
46
830
984
627
792
588
307
559
376
389
19
515
294
734
467
261
383
250
985
714
650
351
46
783
709
215
293
253
249
476
480
845
739
497
197
900
262
376
608
885
716
11
668
221
942
110
649
863
101
355
738
950
731
175
258
221
750
493
426
689
393
129
729
100
371
513
591
872
335
898
528
622
901
740
336
574
397
243
144
98
481
799
628
719
777
591
844
550
384
735
803
658
950
793
139
278
318
382
630
674
451
514
942
280
114
963
332
95
121
271
626
582
494
278
678
505
896
89
39
763
716
779
562
668
164
70
286
155
958
240
624
387
55
653
470
579
922
639
255
455
521
435
552
623
248
343
746
893
828
957
594
145
58
345
986
72
936
94
696
462
288
594
207
360
153
132
295
179
199
710
839
441
429
746
66
128
279
940
630
462
52
260
264
418
869
562
214
398
516
767
274
996
721
520
809
112
236
219
241
47
291
503
225
491
413
726
662
275
497
143
930
415
286
415
68
317
130
406
166
421
36
868
282
383
677
881
627
521
559
61
227
911
312
210
325
984
550
759
338
286
949
742
717
244
494
355
273
375
508
448
246
729
958
242
475
208
466
296
842
987
310
525
997
439
402
43
52
516
161
503
709
344
294
835
634
300
811
645
159
925
596
746
322
535
750
716
675
33
544
511
401
596
359
824
756
351
857
93
546
200
263
262
116
69
492
961
457
153
337
732
135
620
355
623
572
342
531
358
189
241
493
106
295
149
47
441
69
326
672
488
449
762
271
343
454
748
561
49
329
740
970
595
670
782
518
873
398
537
870
848
945
783
934
649
932
34
85
361
843
244
385
391
119
612
271
412
649
859
552
402
687
640
329
70
696
459
773
7
288
219
471
23
959
812
286
183
925
437
548
94
164
4
13
10
76
401
879
378
422
861
2
548
413
260
238
471
171
776
210
705
885
694
27
874
996
796
653
740
79
497
46
621
70
147
302
912
70
655
148
421
968
275
519
645
768
95
116
162
351
691
401
731
120
324
918
895
391
675
597
962
935
148
609
682
793
400
976
28
805
664
676
821
447
179
763
688
443
810
261
356
867
264
694
980
46
992
274
110
740
732
121
834
101
518
727
650
417
990
348
450
48
435
957
194
268
449
512
893
432
778
963
941
246
888
323
333
353
57
284
234
403
933
424
139
90
910
598
175
500
398
448
649
926
955
56
824
299
883
15
475
989
71
777
918
513
52
307
727
562
897
662
178
277
167
341
760
131
537
778
532
315
464
943
742
785
789
995
351
983
505
320
795
892
973
394
30
192
4
670
22
778
956
254
188
183
510
343
878
672
290
439
454
535
497
571
769
120
985
496
445
39
649
299
80
655
184
715
451
947
670
458
339
744
458
313
626
996
306
302
713
270
244
476
168
672
259
366
308
933
405
218
620
948
120
198
456
687
701
245
731
24
527
893
11
393
160
584
147
471
58
371
592
686
595
851
315
427
752
844
837
442
743
110
649
740
471
185
682
854
259
288
582
339
560
669
591
547
188
848
75
154
794
592
70
844
877
620
608
31
722
251
861
983
18
350
721
729
24
336
222
902
498
568
549
661
125
347
239
170
57
368
176
693
278
980
207
94
171
750
456
112
873
564
635
862
802
815
717
259
47
480
647
541
301
229
250
550
812
448
554
447
987
90
738
821
842
785
195
800
69
608
735
337
51
854
902
336
748
207
410
317
955
950
489
270
208
456
573
907
260
373
349
524
300
66
181
486
166
675
35
645
671
182
413
930
274
864
820
251
233
777
991
169
17
401
399
980
881
577
76
137
531
750
841
24
73
29
746
497
497
602
439
768
654
483
507
897
487
154
750
878
87
550
306
714
114
163
648
162
566
670
131
738
82
389
102
499
652
370
994
464
357
626
885
695
974
260
980
268
11
96
356
685
522
326
381
560
287
486
924
619
1
897
223
9
264
235
94
294
973
861
368
121
714
923
616
688
685
541
990
371
431
208
952
846
34
375
859
628
930
443
577
911
519
16
339
946
262
706
793
451
490
978
371
438
19
13
428
963
439
240
655
179
536
244
302
64
322
251
535
45
940
242
353
316
340
111
314
297
46
778
447
703
516
813
491
905
298
646
986
734
567
126
97
888
661
642
395
304
151
905
706
285
1
214
781
387
542
675
753
903
421
387
350
145
85
588
215
48
220
599
520
131
289
923
452
842
833
986
385
538
720
552
796
725
90
284
58
607
55
354
426
145
187
874
668
838
970
851
963
258
827
52
351
316
620
844
213
644
34
66
18
540
349
577
853
937
283
464
978
163
741
53
294
604
982
48
675
391
979
974
900
234
161
631
8
111
211
97
684
19
488
342
582
71
348
832
599
564
67
87
728
350
712
578
392
605
657
519
61
911
216
868
173
640
186
915
494
682
604
292
814
823
820
236
351
156
384
896
886
752
63
770
482
304
488
650
631
561
333
91
480
64
655
600
148
879
406
458
568
460
526
40
411
283
957
814
74
73
69
543
346
120
764
188
469
669
489
67
878
181
570
345
240
431
571
759
34
721
688
684
162
278
843
357
278
378
311
317
726
796
347
183
29
108
196
123
238
279
589
204
758
746
989
678
822
272
42
632
145
75
670
945
715
351
37
852
34
741
56
80
616
546
533
868
308
532
256
936
735
114
509
506
778
425
746
281
639
460
859
920
813
958
554
92
387
986
362
746
957
877
125
58
766
450
395
999
542
836
798
625
716
255
79
503
450
229
906
520
116
26
499
972
489
903
362
41
349
122
94
36
71
162
999
688
781
781
146
551
879
497
495
797
974
77
648
216
175
998
992
212
80
73
860
200
482
286
198
965
82
25
971
684
709
5
925
827
609
604
365
409
544
278
251
83
584
223
413
247
751
712
238
571
914
970
171
15
222
866
701
203
101
695
704
408
531
126
788
653
179
957
59
819
827
447
491
274
666
674
26
918
269
79
7
667
545
30
473
449
628
398
340
675
348
372
201
705
494
130
302
375
956
281
569
452
986
479
125
221
211
794
415
458
170
725
907
585
379
863
515
836
572
257
431
112
554
974
628
929
481
457
649
527
401
767
432
207
402
418
433
995
477
504
583
197
622
988
915
175
153
925
477
243
666
832
384
908
687
315
698
413
240
781
835
214
5
603
677
174
234
430
718
732
506
819
859
698
6
810
752
749
423
778
652
951
789
138
207
292
399
169
41
879
370
737
431
762
454
749
953
28
982
199
134
996
335
303
642
955
442
350
711
161
62
497
380
573
531
206
304
802
59
357
694
463
309
509
68
518
233
108
965
921
22
334
676
76
361
332
553
5
120
495
327
132
164
867
971
612
661
824
386
895
714
299
91
167
738
734
834
625
227
673
845
264
897
818
633
822
333
374
2
854
287
361
251
297
760
576
557
652
233
610
507
860
171
925
777
891
293
245
291
505
60
363
558
927
400
476
631
499
580
975
889
553
770
210
120
696
788
859
432
484
661
869
56
74
70
69
190
99
231
968
423
802
813
544
303
875
476
883
572
623
784
183
573
142
80
796
456
474
557
184
448
955
587
606
642
436
996
154
312
26
514
514
533
872
976
191
570
40
660
55
507
180
323
522
738
162
627
993
462
162
980
837
970
164
69
402
801
766
774
530
973
739
721
377
759
456
369
385
7
77
981
431
507
215
895
465
252
477
272
666
323
788
272
959
31
136
905
858
17
854
542
304
506
757
735
841
524
767
390
504
545
399
344
404
390
616
486
598
975
393
21
142
818
483
858
409
137
397
197
42
948
435
124
515
230
174
507
148
604
197
718
845
935
121
1000
243
43
478
571
919
163
271
653
339
405
427
428
822
0
184
672
908
941
867
610
122
772
906
135
272
640
258
0
900
284
851
479
293
77
706
277
745
168
165
366
673
837
419
251
384
557
945
329
766
631
813
498
821
306
337
972
554
391
655
801
708
381
634
773
343
560
761
652
335
957
470
463
609
560
296
400
557
807
203
437
632
939
308
72
525
133
559
725
384
131
487
983
444
462
366
586
963
312
239
914
672
71
427
278
503
985
321
532
376
733
819
613
913
316
64
672
124
201
643
382
470
991
966
220
702
105
51
975
196
789
194
277
611
191
114
751
826
854
472
649
867
571
400
508
280
914
272
145
477
25
28
51
3
374
250
636
919
117
478
261
99
262
559
188
521
348
208
623
961
483
944
805
702
493
423
891
350
339
154
267
194
761
200
295
288
192
231
194
889
25
145
422
816
961
768
456
415
643
779
282
925
483
850
613
104
67
492
268
258
73
947
750
818
296
155
764
497
282
266
954
638
345
908
843
972
848
253
448
367
25
226
839
437
25
513
284
695
474
605
427
494
99
192
816
97
189
496
382
705
306
411
291
169
989
855
572
315
38
177
888
405
888
219
930
48
354
600
396
409
165
984
323
169
871
704
561
601
760
401
921
681
637
389
145
438
663
383
157
296
616
812
300
879
110
641
110
794
101
953
42
743
760
150
592
83
793
57
320
907
840
920
392
94
173
55
693
30
712
21
754
402
545
631
501
432
672
958
880
999
918
575
201
779
842
187
85
654
881
277
605
753
763
915
132
303
804
10
280
64
39
413
533
374
834
576
56
950
903
517
617
386
650
175
832
239
93
84
30
667
212
332
243
559
368
339
692
965
579
645
218
408
202
88
175
130
90
622
567
809
502
419
474
375
206
736
497
363
468
388
765
783
11
318
965
723
810
345
28
869
828
760
28
99
796
349
511
813
478
949
648
286
555
882
10
979
242
486
568
754
281
426
100
38
60
135
631
194
67
846
575
973
747
374
87
251
32
959
516
383
352
496
741
112
254
210
468
352
847
123
733
279
84
783
425
131
971
698
341
994
265
688
628
288
126
240
612
146
116
469
244
716
770
946
153
448
371
399
817
971
841
607
690
168
808
1000
117
684
398
241
422
706
691
63
295
623
272
481
64
835
88
879
979
858
807
145
863
19
93
543
314
824
736
632
928
1
147
72
206
20
217
20
318
170
436
221
735
438
712
869
580
918
485
51
475
153
506
890
92
532
530
692
985
481
193
938
280
160
941
232
913
867
553
535
530
482
278
895
335
479
841
11
676
956
592
917
911
364
999
167
606
328
640
715
97
594
4
871
177
143
629
940
503
249
833
135
202
37
82
721
415
928
94
457
433
611
983
336
129
789
173
972
125
956
239
948
63
392
562
347
713
504
490
635
862
878
872
305
501
312
618
496
90
782
217
703
53
370
792
910
307
904
918
414
482
680
839
24
338
109
277
890
356
150
78
623
671
515
423
584
594
706
93
894
676
221
143
764
343
995
594
893
620
262
73
836
359
621
801
402
429
894
91
765
752
690
344
323
297
599
801
721
154
68
623
192
939
928
738
67
745
213
567
759
784
692
889
789
801
101
178
644
220
448
135
212
690
831
127
471
16
445
306
733
188
817
513
668
583
331
310
557
466
344
179
495
231
717
213
523
984
477
141
957
861
102
111
91
291
315
64
646
772
30
995
303
902
99
965
49
854
850
971
614
455
441
110
142
268
883
659
501
0
853
40
546
517
669
143
368
503
352
913
763
347
434
31
382
725
371
17
877
246
101
310
380
935
316
417
543
595
829
422
17
240
842
480
992
370
950
848
721
749
538
147
253
634
354
229
506
34
323
433
224
151
465
810
224
18
277
372
20
205
697
85
442
886
839
803
190
246
888
701
781
117
7
74
14
118
846
814
970
708
535
438
221
286
510
708
820
529
511
569
436
180
93
633
535
36
83
322
306
125
491
998
206
179
55
950
466
51
475
328
136
12
442
534
22
961
672
115
29
209
789
664
791
590
883
130
978
792
268
753
418
700
381
477
644
738
64
313
115
102
357
224
458
980
715
633
373
563
776
693
331
855
222
970
426
533
728
130
610
879
7
279
872
779
477
64
337
409
847
745
521
844
727
159
172
297
669
162
264
797
636
174
469
599
560
922
75
150
245
368
263
85
256
509
251
887
291
350
670
504
899
613
326
249
664
374
3
18
453
530
448
409
45
155
88
513
187
161
802
286
821
791
856
931
311
735
908
364
692
40
133
756
357
382
543
7
64
883
43
219
186
996
823
45
544
775
804
111
669
195
653
455
723
290
568
534
160
556
296
271
943
310
187
178
335
852
374
939
534
867
461
729
78
248
109
685
938
979
712
756
595
506
25
878
53
429
774
582
803
395
818
354
29
87
65
213
696
847
834
152
997
942
164
602
146
545
932
495
230
972
993
804
650
241
335
169
164
305
25
255
438
588
178
897
157
637
940
313
153
508
7
233
135
303
814
187
446
304
398
607
43
697
84
948
677
613
439
940
125
290
378
392
290
430
101
730
827
916
556
645
920
961
8
99
696
351
862
27
968
144
943
145
297
9
940
914
1000
745
436
724
125
424
34
869
272
410
203
633
316
644
1
5
27
188
270
786
636
156
548
156
700
943
721
942
668
879
214
105
145
440
893
640
440
948
565
705
995
186
370
354
237
266
316
274
108
67
602
785
698
219
862
940
727
295
720
898
435
353
24
677
907
747
435
610
312
180
854
764
103
901
193
307
343
109
634
741
191
696
572
225
794
665
680
292
36
926
758
20
365
23
906
230
342
733
808
496
682
121
527
918
38
928
613
754
993
170
769
167
191
565
472
517
997
457
136
798
93
817
877
813
464
511
395
734
843
979
79
350
712
212
574
508
243
865
77
639
821
605
553
406
348
913
256
644
110
500
452
714
189
785
135
479
538
824
799
813
340
45
848
501
970
58
485
47
271
61
678
540
695
644
715
909
138
350
301
596
916
984
76
414
213
697
792
36
450
498
682
711
192
788
417
418
73
677
304
142
989
875
107
151
738
255
963
969
843
421
140
148
379
174
578
537
563
440
496
889
61
91
817
709
223
478
14
715
766
603
396
638
2
621
170
856
452
253
319
738
30
833
96
217
693
715
774
505
146
728
250
506
982
839
950
223
812
741
840
863
645
201
421
107
216
187
782
921
176
224
947
522
452
268
33
28
349
290
78
105
597
487
754
442
747
505
697
14
910
956
133
598
622
410
723
539
25
184
907
922
773
582
221
983
630
638
167
461
552
621
767
352
825
555
379
933
645
320
637
870
98
851
137
326
619
333
459
780
821
547
236
431
523
912
846
122
929
973
599
17
141
326
370
622
11
598
849
410
380
745
744
241
693
25
133
135
190
333
25
514
530
195
975
401
295
295
892
856
898
81
790
508
430
925
143
773
55
693
796
518
821
746
912
453
625
624
179
294
334
475
478
989
970
177
297
623
113
265
394
302
580
631
242
447
644
335
159
98
511
433
571
552
607
430
703
264
305
767
902
968
800
554
987
96
400
690
112
172
121
480
889
129
436
307
947
357
963
223
244
838
618
224
788
104
552
648
335
964
6
97
929
503
598
439
705
768
127
770
313
531
414
375
30
451
368
571
635
250
603
993
485
678
15
153
794
331
971
755
836
709
788
776
2
292
738
1
155
879
270
489
322
169
733
988
143
968
950
868
88
355
648
985
332
815
460
905
694
416
341
513
418
396
777
189
345
681
420
157
901
238
430
441
648
287
69
998
883
118
338
511
532
858
711
614
418
200
817
651
362
570
516
678
979
601
880
476
130
793
31
973
524
386
855
573
138
870
962
657
311
593
680
660
206
304
571
416
74
635
404
987
952
878
593
152
789
722
41
113
15
135
175
399
95
504
7
605
764
719
930
83
173
629
123
571
607
95
361
550
823
345
553
553
647
987
504
468
627
200
119
910
475
743
110
213
988
343
361
61
354
851
69
76
68
675
917
888
206
766
130
173
782
913
912
237
32
561
540
124
924
836
710
773
231
882
434
388
66
549
493
889
23
284
148
477
255
970
801
588
264
70
597
173
445
322
476
753
601
425
648
538
378
651
414
542
999
805
313
856
396
974
641
376
506
50
339
363
478
790
349
748
389
685
14
63
779
387
544
154
146
739
835
782
176
946
921
288
498
659
810
449
194
247
675
108
361
844
28
154
284
717
430
33
116
181
835
868
417
791
931
256
589
455
18
125
408
236
346
177
377
675
802
163
223
287
16
25
99
982
354
25
508
576
318
119
676
405
806
294
331
859
644
612
747
381
387
676
937
641
900
32
80
399
351
86
877
975
702
465
78
444
568
246
961
62
132
741
157
889
296
922
107
507
514
690
584
753
754
360
184
227
842
11
483
527
240
542
303
17
639
908
212
220
427
379
361
998
995
887
935
660
73
265
327
693
367
366
908
598
761
346
531
751
630
923
315
458
969
340
336
169
402
986
311
387
374
644
582
903
55
219
897
242
762
575
48
249
293
183
417
85
372
673
972
451
7
960
546
319
574
810
332
733
444
544
497
514
809
723
728
306
255
383
249
318
922
189
265
790
296
109
949
77
574
845
374
997
772
793
50
396
689
472
141
715
610
780
284
799
924
784
647
695
607
478
603
614
475
751
511
170
955
649
155
695
403
587
925
365
711
840
466
244
54
494
791
466
625
279
981
518
281
275
782
182
214
332
942
830
215
464
354
587
616
94
234
737
990
677
317
886
395
247
48
818
307
804
154
127
783
583
101
876
789
566
600
235
439
806
315
242
510
917
442
171
108
483
918
957
473
985
553
159
17
465
712
472
75
271
615
688
977
78
937
898
606
692
860
97
335
306
6
142
966
238
334
720
298
240
78
711
345
199
344
663
487
325
613
782
545
294
976
649
294
336
833
832
593
538
992
922
611
823
810
318
721
684
990
272
393
131
153
288
766
218
422
754
96
763
246
403
989
47
856
935
94
717
234
932
865
494
220
996
350
79
796
734
553
455
260
612
598
263
872
250
651
251
117
516
429
264
737
460
696
375
478
528
267
376
970
926
972
648
823
1000
214
69
914
618
482
788
793
240
155
444
885
910
250
403
579
573
900
3
6
748
247
632
769
813
117
711
798
503
98
521
741
30
278
635
228
609
558
218
392
938
769
591
89
382
963
425
340
43
729
419
829
181
417
609
777
0
402
385
391
967
607
695
27
897
827
249
997
263
845
107
36
548
420
724
888
709
196
397
77
886
709
434
320
553
621
906
598
56
672
792
957
305
291
102
861
665
327
371
339
304
224
144
676
435
329
581
791
310
994
648
125
295
352
529
633
564
837
265
638
288
839
424
217
62
996
368
851
424
581
421
602
863
929
580
609
652
293
96
554
942
576
869
757
77
47
9
63
294
226
849
383
363
144
253
353
38
190
803
351
892
522
114
81
866
774
643
989
873
552
462
424
685
33
172
243
95
771
228
866
691
239
921
968
711
158
586
669
653
322
399
961
728
528
107
298
812
662
17
580
626
484
128
891
735
761
665
240
832
763
618
907
935
409
890
199
938
876
630
812
867
462
958
861
10
291
779
61
700
418
539
302
999
181
717
354
467
153
10
691
389
791
600
465
80
204
235
612
488
57
257
978
592
417
10
543
265
383
518
764
948
50
475
64
264
854
543
101
740
64
170
172
750
290
756
683
353
349
86
336
890
269
217
307
412
875
747
197
782
352
266
825
593
659
51
604
864
751
797
829
172
212
558
796
308
18
928
677
27
786
27
993
410
291
132
891
265
699
114
777
961
104
35
261
836
304
968
694
570
779
248
547
450
795
635
244
182
375
216
111
356
470
906
871
114
549
18
784
121
270
210
337
763
600
299
436
958
431
769
164
781
226
108
468
541
563
372
452
825
893
609
272
829
838
604
477
200
728
700
341
375
252
983
433
836
29
262
341
328
428
327
142
393
669
727
458
89
586
152
45
503
135
769
604
467
538
346
206
168
199
161
582
192
487
261
112
930
162
505
61
604
785
359
428
782
832
332
801
662
784
924
119
416
927
289
565
855
203
779
30
317
879
534
608
603
287
267
497
69
681
599
804
528
790
440
814
585
687
465
799
913
845
215
764
638
278
882
975
598
232
728
199
29
333
749
654
938
806
61
36
159
137
387
792
574
397
614
165
294
253
988
843
794
484
986
528
583
400
21
395
59
662
115
268
216
655
295
286
517
440
247
307
204
579
8
641
797
403
807
349
345
397
785
213
761
594
246
769
571
435
524
992
791
264
968
176
255
322
112
301
151
562
172
636
524
725
918
244
983
215
543
809
667
864
549
191
794
617
151
17
994
330
143
517
602
187
838
171
74
708
324
698
301
858
766
393
419
533
32
357
504
997
900
604
677
453
270
603
603
616
119
796
178
815
315
223
79
312
724
635
763
925
906
662
911
80
633
763
46
913
591
607
97
69
774
768
208
58
821
915
276
89
298
194
749
480
221
716
218
140
457
966
155
497
282
632
957
249
162
430
960
98
468
485
804
18
617
247
558
443
620
875
106
872
998
267
196
431
564
31
473
25
774
820
832
737
534
8
899
941
864
129
48
649
633
281
380
717
582
479
398
587
80
336
111
228
266
240
729
260
410
155
103
539
445
995
450
635
668
781
211
413
859
511
76
301
433
792
154
8
632
360
704
641
126
752
238
796
297
972
801
784
753
902
930
291
533
220
47
660
666
247
234
793
755
141
826
403
744
821
225
218
384
843
195
51
999
702
889
22
19
4
992
395
582
888
104
894
253
710
581
480
877
333
642
797
876
591
914
732
639
196
430
571
209
249
899
564
248
435
594
137
75
218
663
642
234
580
300
769
817
875
563
512
966
623
260
525
128
932
789
762
187
556
281
437
487
270
190
487
940
253
46
462
930
196
944
77
500
19
816
121
423
212
276
306
697
175
878
698
474
970
361
420
154
756
660
353
680
625
137
939
831
279
729
546
308
309
536
634
674
697
79
555
564
704
874
199
587
480
73
296
775
395
806
81
529
807
154
97
564
548
752
329
311
582
84
306
40
761
146
77
894
484
500
107
856
757
310
198
45
341
296
867
230
984
201
35
681
170
750
880
104
932
205
499
685
849
611
180
190
992
193
197
203
698
785
84
160
782
587
239
47
657
88
640
488
566
590
708
103
991
787
267
574
221
695
404
456
400
941
380
834
799
948
541
408
221
881
931
477
657
576
213
603
447
173
387
825
622
14
951
616
530
155
370
153
298
781
422
162
631
245
895
564
482
283
213
966
886
729
592
316
677
622
917
69
176
937
112
870
491
201
674
708
950
852
17
337
764
784
800
870
322
593
397
708
705
383
202
336
39
176
530
353
338
889
455
177
622
249
284
210
805
386
780
567
694
536
379
71
923
191
89
220
617
868
553
105
345
736
992
441
22
158
577
349
601
27
679
683
894
536
138
604
851
455
898
689
813
596
866
963
298
383
297
998
706
214
93
618
702
505
788
251
210
20
32
702
874
746
630
361
322
96
49
714
137
985
185
289
250
704
357
340
288
922
507
854
780
830
382
686
818
328
87
213
41
993
604
920
228
53
449
192
545
39
221
285
397
782
203
83
68
566
135
368
974
401
101
795
185
62
470
86
733
901
980
213
989
470
112
618
837
988
427
356
227
179
980
141
274
102
282
185
52
584
962
880
27
706
9
658
676
805
682
935
631
784
769
36
675
546
113
319
62
808
292
653
757
386
582
86
326
391
992
583
81
935
144
915
334
388
110
738
735
613
387
227
116
733
108
930
58
301
161
550
561
331
1
692
299
677
531
935
794
695
172
5
956
159
647
882
985
327
17
254
921
174
697
89
586
32
803
952
254
646
282
865
539
295
304
558
780
388
253
390
789
284
773
958
782
863
37
684
168
452
705
719
47
663
89
454
445
116
712
848
822
673
474
155
399
708
679
54
944
93
29
631
427
728
621
268
684
538
107
44
520
7
855
843
366
806
848
67
62
171
802
368
761
974
518
992
183
968
211
548
67
527
897
369
26
931
410
616
907
16
691
667
845
125
648
163
450
938
457
119
468
681
29
465
339
430
450
67
986
976
864
471
819
639
115
664
908
397
399
869
909
541
479
289
376
651
952
253
228
353
703
495
843
905
374
440
454
66
712
289
72
957
618
477
734
455
288
0
106
174
198
242
360
376
675
696
757
692
824
546
118
117
701
316
239
666
392
4
361
111
810
877
897
866
237
938
119
468
926
639
518
448
250
917
169
958
721
845
714
56
225
758
170
776
974
765
438
684
305
610
561
32
245
768
136
397
54
62
490
279
314
223
170
120
517
222
452
921
333
653
719
777
935
982
433
881
397
169
454
683
782
135
983
501
716
894
289
455
884
761
293
488
665
750
557
326
125
431
530
223
448
34
639
277
881
653
990
786
98
653
987
262
120
78
556
356
525
232
555
550
67
155
209
247
498
537
282
887
204
415
607
354
956
829
273
154
525
604
835
314
346
519
31
569
110
245
67
690
47
406
864
224
558
777
992
914
681
87
453
89
932
927
170
163
782
426
317
33
980
98
999
526
501
590
699
984
978
640
363
343
545
653
27
361
50
634
467
262
773
103
218
61
62
269
336
777
399
994
177
960
198
462
363
149
228
929
820
808
311
368
763
152
995
829
63
380
602
295
470
995
279
204
443
335
505
1
901
929
92
437
544
762
893
807
894
698
679
486
4
411
870
279
563
661
378
986
731
869
200
907
15
556
559
968
987
287
354
739
814
914
87
715
835
883
301
816
127
314
433
341
64
387
702
244
660
513
445
967
548
760
93
365
152
943
222
724
289
870
507
499
123
655
223
900
369
994
468
223
792
804
467
229
610
70
646
362
634
407
375
372
775
339
187
388
75
341
973
147
683
264
127
978
210
64
556
295
297
127
402
843
895
734
21
537
309
96
179
977
678
372
124
167
240
411
86
836
972
818
663
664
842
227
757
84
879
249
559
479
80
871
468
798
652
799
723
214
436
396
232
776
102
290
336
711
926
800
536
692
523
824
35
36
939
735
639
620
168
508
507
793
290
161
47
773
849
730
664
433
965
246
252
357
921
596
465
183
236
52
796
603
828
294
677
258
740
111
660
137
574
248
101
266
290
998
938
632
547
194
693
686
258
554
130
892
437
39
208
655
95
4
29
41
970
738
650
775
62
353
548
218
226
61
867
987
814
524
433
168
908
420
339
816
751
979
143
33
413
196
450
546
413
823
135
316
96
164
301
907
547
178
538
896
381
227
880
296
865
968
469
591
577
592
29
343
816
198
102
908
4
180
913
949
337
178
388
229
241
833
669
1000
688
25
24
750
117
815
596
722
753
360
828
584
160
450
115
403
766
25
527
572
947
206
775
892
536
955
706
892
837
818
884
210
516
210
327
796
549
231
524
835
85
35
97
943
484
118
858
892
202
685
290
530
514
233
815
811
621
570
15
757
642
234
191
470
122
152
941
675
511
178
502
313
843
953
22
756
841
595
757
133
766
933
916
687
31
701
567
963
26
435
311
858
44
454
273
846
360
903
701
5
25
196
621
802
890
542
696
415
438
614
60
357
564
100
584
368
712
945
302
68
240
108
891
635
312
266
792
649
344
444
839
275
108
140
185
24
701
921
362
516
199
462
699
190
900
517
81
392
406
936
42
991
259
771
157
339
45
764
203
0
47
159
219
864
403
498
972
53
452
278
154
906
248
883
410
902
177
634
691
707
193
523
911
223
111
196
293
798
613
988
968
928
445
913
524
768
951
44
534
934
189
313
222
24
17
227
420
662
731
803
90
670
437
499
105
235
886
484
481
453
995
68
317
407
698
706
49
325
76
468
230
244
326
685
503
388
805
816
73
777
730
793
54
941
853
126
207
68
755
178
756
748
472
207
665
870
790
415
609
1
223
844
538
307
683
484
870
60
22
210
146
889
636
12
598
845
288
683
82
173
661
789
738
523
44
184
719
875
597
523
5
416
980
989
608
128
167
882
104
160
412
238
221
954
472
563
384
443
533
358
543
858
507
498
538
38
81
432
839
5
885
101
15
316
874
58
567
197
494
763
532
689
639
959
206
33
682
414
471
110
703
69
630
840
249
503
336
340
205
554
743
530
835
590
242
772
417
137
775
262
889
699
746
761
846
391
136
88
593
202
842
438
251
851
131
373
332
3
681
409
797
262
912
119
641
344
501
998
172
175
675
876
415
373
155
20
302
666
394
590
518
558
702
523
388
783
439
955
521
564
963
171
564
179
749
696
14
36
31
427
792
770
158
192
113
794
829
302
749
48
65
836
41
639
813
588
246
189
131
902
239
204
47
528
97
434
130
749
881
532
885
709
609
503
663
899
855
872
900
832
854
286
308
721
698
626
115
581
376
884
157
825
350
391
390
796
434
178
165
978
109
909
674
906
316
388
592
288
998
514
548
926
383
150
53
596
472
401
558
556
623
10
261
369
51
475
426
437
197
124
902
335
871
11
699
924
561
687
536
88
316
376
607
953
909
681
297
574
40
178
117
724
636
624
318
16
532
120
101
543
4
395
352
111
931
978
877
801
117
257
466
857
839
204
228
941
444
471
825
324
437
588
850
137
104
34
20
647
565
210
963
903
141
542
495
660
797
159
69
800
463
545
213
452
232
485
831
669
170
288
862
872
172
183
354
327
281
293
865
181
587
867
835
206
999
490
983
959
645
846
437
425
437
671
438
910
292
378
63
134
303
364
722
408
54
487
380
789
616
976
65
187
308
854
248
745
165
639
918
130
849
255
496
559
90
826
939
378
111
374
102
798
814
873
65
655
733
964
141
38
48
852
307
566
588
743
406
952
581
83
146
172
862
493
325
939
183
878
698
974
17
482
249
601
900
855
744
529
848
224
950
49
369
946
591
166
958
919
926
256
647
880
509
585
161
546
602
938
776
914
940
470
502
490
613
194
98
157
965
708
652
783
658
414
197
197
87
771
365
736
696
48
973
443
966
11
757
863
477
928
125
685
924
880
649
902
214
840
524
145
197
211
304
742
969
583
752
943
994
466
703
273
89
224
472
586
925
155
446
258
319
894
368
253
459
562
52
685
765
299
613
54
182
117
108
160
477
40
826
364
850
230
43
695
576
193
239
168
478
71
289
483
739
827
172
224
661
45
653
145
308
798
236
695
661
223
216
374
637
395
61
600
746
119
204
430
754
204
798
888
738
417
719
20
514
571
209
874
731
564
385
221
673
863
165
931
888
951
31
378
555
983
264
76
649
726
395
948
118
136
306
569
131
770
820
833
677
634
978
735
190
421
529
752
357
39
139
411
279
112
142
511
802
586
595
825
995
211
361
825
61
996
110
522
950
789
937
200
233
233
242
704
189
40
446
197
205
858
989
156
698
754
837
362
547
146
739
541
168
7
696
403
250
218
309
584
676
942
790
579
504
664
357
943
243
625
568
865
622
463
983
376
343
392
755
659
837
910
100
550
446
141
255
127
463
516
145
617
211
136
814
458
329
941
134
907
410
326
920
270
366
958
820
306
245
605
326
530
85
165
6
244
488
683
80
621
10
889
577
511
344
596
330
732
31
269
510
465
374
811
69
219
115
876
313
402
923
653
481
200
325
535
459
225
122
260
87
509
577
158
177
771
271
229
758
585
212
927
973
648
547
615
659
951
60
343
23
19
72
193
287
34
289
942
205
591
426
430
102
280
809
436
783
222
611
592
827
551
89
184
892
260
782
166
1
622
220
796
163
419
916
475
16
517
728
529
291
557
640
416
686
712
663
710
142
661
299
436
482
728
13
504
773
142
878
28
64
269
109
242
228
546
563
543
993
997
781
738
943
878
359
454
227
531
832
475
821
829
284
98
967
649
948
609
116
669
952
148
105
859
579
159
857
224
612
63
632
966
276
104
937
550
520
419
12
586
542
189
271
987
819
913
313
437
246
347
426
341
866
435
347
637
977
587
52
917
834
294
664
384
49
604
989
659
668
927
267
672
540
65
105
620
152
117
923
769
788
543
142
728
729
841
397
423
823
960
659
227
799
396
298
259
807
997
946
962
203
261
626
312
22
620
434
366
141
326
617
758
772
381
262
763
103
727
688
481
238
425
297
878
751
667
843
861
329
703
22
698
629
227
556
171
97
650
553
960
66
821
721
849
867
646
288
651
807
808
824
362
799
471
392
811
264
192
737
364
36
744
530
18
71
608
183
0
531
279
516
842
259
40
320
949
455
706
147
428
929
554
633
274
342
757
684
573
803
354
654
996
616
678
410
293
49
612
90
568
582
8
38
126
355
220
463
45
662
199
665
942
134
646
319
524
629
355
278
140
147
969
265
957
14
313
819
220
511
923
256
528
385
52
770
182
834
195
406
708
324
295
980
93
434
409
33
652
199
690
94
230
186
885
981
618
259
518
302
495
418
561
412
869
456
7
544
137
715
44
739
649
11
766
29
175
706
714
64
59
191
288
327
52
588
970
272
36
911
814
853
944
370
546
916
434
304
436
368
230
328
804
706
773
304
892
937
832
462
928
476
136
615
866
330
304
435
245
898
538
887
746
737
410
48
653
764
596
73
971
627
862
310
820
567
432
567
143
194
127
484
58
923
88
900
132
95
266
170
457
845
63
700
837
957
261
160
963
295
957
437
761
723
211
740
826
221
744
580
996
336
380
751
873
433
658
56
415
306
738
400
989
732
726
646
783
469
691
594
779
567
648
278
735
317
786
586
257
436
501
957
526
815
687
386
392
863
730
596
918
219
169
845
398
770
664
680
592
277
253
452
205
531
218
44
35
973
10
178
453
292
920
748
499
533
714
414
293
196
785
780
643
935
334
696
921
433
134
794
345
790
425
229
253
884
78
250
952
685
221
646
101
324
83
725
429
27
275
493
32
570
593
658
238
762
451
406
33
57
610
874
507
36
910
636
356
800
464
597
280
40
792
344
10
744
503
460
390
779
777
767
527
825
811
701
994
640
424
610
768
309
139
906
132
684
64
989
538
903
249
801
944
316
397
82
616
58
394
281
638
398
789
340
234
151
957
329
68
361
609
592
817
15
861
936
513
534
810
825
377
930
186
987
44
224
10
34
392
387
695
502
966
88
673
39
452
307
702
188
455
631
756
896
842
154
863
560
946
315
118
63
986
616
423
52
903
848
17
759
804
69
307
217
17
651
185
261
210
868
208
55
613
885
796
784
709
361
609
220
456
105
37
979
335
614
130
147
36
587
262
957
607
46
645
356
671
893
137
140
731
910
309
414
305
206
280
831
760
565
369
899
476
611
57
509
871
653
947
840
563
237
675
109
696
305
117
590
525
458
671
520
320
923
546
357
741
781
557
891
893
768
482
951
213
79
853
905
58
459
221
399
352
192
839
614
955
17
838
619
58
546
73
589
193
658
917
975
945
397
859
98
389
903
8
366
214
921
111
142
188
396
221
862
95
720
588
793
209
71
479
583
234
330
82
874
490
451
781
656
343
513
812
495
282
587
903
477
883
707
585
512
85
947
985
843
233
661
161
809
749
976
279
616
358
984
638
388
319
544
70
482
30
579
701
520
794
2
415
169
624
8
122
466
565
379
425
374
313
121
637
953
740
675
615
634
194
472
424
689
364
694
311
812
303
577
539
606
137
929
44
73
158
921
354
567
121
940
613
786
8
541
590
115
944
630
389
282
469
865
647
67
483
161
897
763
424
147
662
737
566
295
496
126
205
237
799
924
791
654
181
367
176
457
184
489
808
477
16
783
368
977
25
240
139
669
870
51
193
919
441
179
178
403
821
916
834
739
410
259
993
870
639
337
706
878
849
513
918
923
144
80
709
253
284
86
788
749
967
213
519
409
807
672
927
857
66
48
752
936
525
61
426
807
182
910
72
598
648
289
845
290
988
141
847
586
520
610
541
509
60
342
723
29
45
361
903
437
618
944
393
710
653
733
138
660
430
308
34
61
165
669
123
984
120
766
159
19
756
911
159
999
101
518
446
520
928
542
3
393
649
632
872
211
179
765
971
793
278
912
435
766
132
2
955
828
183
874
565
865
37
334
846
237
434
965
499
403
129
257
414
780
594
613
786
541
410
541
974
156
429
530
641
778
257
857
157
467
231
163
422
810
947
551
988
625
849
522
642
178
639
160
112
388
443
736
698
206
483
202
92
100
249
86
444
257
502
898
512
161
235
566
802
297
151
426
350
843
265
418
920
772
202
298
977
575
241
234
630
538
440
15
390
676
627
556
10
782
710
362
229
644
767
926
50
747
600
978
149
794
515
830
740
110
595
936
661
985
423
575
729
884
471
270
516
552
339
567
582
724
577
281
986
725
717
92
571
688
411
945
379
877
399
131
656
402
432
438
291
876
388
700
993
635
583
741
14
657
979
24
381
120
479
423
94
473
362
469
693
986
502
674
861
50
276
411
956
410
221
93
267
142
389
510
131
646
556
8
905
588
397
409
727
237
29
686
104
895
973
859
956
409
110
800
630
351
820
615
433
501
625
196
212
121
923
837
805
978
145
68
973
192
894
477
462
887
595
968
101
415
602
680
285
578
931
804
691
342
419
277
780
19
210
70
759
264
38
691
980
473
72
342
657
145
41
510
41
264
218
2
293
939
946
953
200
569
926
958
154
422
504
409
198
176
739
928
669
271
453
849
211
193
226
92
495
269
262
495
63
791
132
129
255
423
281
617
917
366
415
364
914
945
541
249
297
992
232
298
296
108
850
675
48
641
289
488
862
785
354
588
760
865
991
387
690
634
130
364
92
873
960
751
954
704
524
498
573
158
451
213
709
806
883
953
335
524
309
657
631
934
611
330
13
595
328
749
854
410
760
163
376
171
686
896
326
448
142
476
392
904
147
97
359
559
467
924
10
8
764
323
578
888
48
999
780
172
145
608
615
141
887
54
544
775
517
803
590
215
333
662
126
35
70
932
736
845
153
154
888
979
753
473
51
806
98
226
413
338
647
861
188
530
316
547
752
653
814
542
796
523
458
4
680
615
202
361
225
922
365
603
916
866
136
281
116
495
298
219
443
14
366
786
225
222
305
974
842
122
636
617
851
527
447
481
690
606
285
682
409
935
641
683
742
614
886
410
568
588
801
949
305
337
212
863
221
749
166
70
491
988
740
797
938
50
780
678
213
256
824
408
983
221
89
140
262
644
978
223
872
931
269
725
340
236
561
771
734
962
825
675
167
180
47
568
415
62
865
706
272
596
583
756
106
668
661
786
690
131
657
816
920
487
509
336
197
508
309
341
487
693
310
844
874
396
179
285
163
48
393
968
248
826
88
57
880
746
282
716
663
975
329
396
123
664
12
314
785
883
930
29
229
604
184
420
993
927
44
43
2
275
464
822
253
323
770
389
698
501
537
187
265
761
153
418
261
194
357
708
110
740
468
83
877
331
655
733
822
40
718
370
698
968
609
961
848
26
763
33
305
455
246
928
893
510
498
801
361
79
661
982
63
341
542
230
405
303
875
115
376
593
504
879
320
686
374
635
127
139
911
55
730
362
882
303
346
26
458
950
839
323
481
540
387
15
162
923
252
46
481
865
376
989
786
575
425
738
142
234
624
481
561
433
864
123
66
341
279
542
650
482
428
524
769
995
876
915
355
428
664
274
21
843
246
454
741
915
26
85
744
703
600
370
196
956
783
192
576
151
39
996
87
980
815
986
535
162
366
640
729
635
729
415
639
533
96
805
428
583
580
855
127
463
332
929
381
140
625
897
983
942
776
605
251
276
427
190
685
996
914
51
449
843
882
295
224
449
206
205
466
66
118
800
958
502
310
960
752
739
448
868
174
945
450
353
850
436
867
206
884
891
859
84
718
227
231
656
19
978
669
377
817
727
237
316
523
929
819
18
922
839
256
555
857
12
651
985
302
660
623
67
219
123
822
909
620
202
763
703
615
399
553
565
266
742
564
976
284
747
92
437
338
304
187
236
913
986
542
317
539
900
53
708
893
447
921
93
882
698
436
101
909
76
917
897
791
32
183
642
510
443
970
661
182
669
280
723
847
294
283
896
778
752
853
121
992
274
554
130
617
18
472
247
345
338
343
874
279
160
43
685
993
608
194
44
999
109
111
120
723
991
858
268
787
160
995
498
539
232
36
513
357
924
596
873
928
722
49
561
521
681
272
782
6
658
108
704
228
885
418
922
63
46
50
933
727
988
31
860
580
353
536
357
332
93
358
668
807
241
348
141
870
46
469
118
836
742
99
816
667
893
532
579
520
575
684
82
941
76
457
703
115
504
510
457
144
311
933
516
459
978
431
269
932
353
199
277
864
561
429
404
711
293
420
703
836
399
247
56
859
558
766
16
25
69
608
87
418
909
251
387
82
330
21
772
281
359
176
739
985
389
909
509
536
261
887
909
242
480
688
370
666
273
739
819
593
30
761
303
193
971
284
862
907
847
366
945
291
886
940
735
174
999
31
328
691
651
564
878
826
677
600
405
244
947
17
459
457
433
585
531
711
176
177
127
90
394
501
557
938
232
288
877
628
335
353
663
816
839
593
831
453
902
897
884
57
979
739
929
597
79
187
955
52
814
628
693
340
24
39
883
492
858
774
265
632
209
733
785
583
625
628
212
332
148
560
144
914
237
390
456
185
955
140
854
598
28
775
605
479
118
497
438
867
393
850
892
755
440
148
766
557
347
511
784
779
721
536
373
591
607
386
847
774
33
188
377
391
112
713
759
300
865
438
632
325
440
937
355
720
525
942
209
730
200
93
64
869
95
971
912
379
309
666
718
5
708
85
492
506
766
336
950
686
699
942
790
981
747
324
24
803
831
941
403
492
39
385
269
409
337
858
90
888
943
200
377
878
488
618
660
119
167
824
871
151
424
70
455
650
735
254
466
636
266
178
942
296
970
482
1000
931
767
370
844
451
307
152
582
500
993
394
288
991
179
489
49
868
433
563
98
356
678
723
350
248
53
394
452
420
646
673
734
587
687
84
143
281
549
758
736
616
677
236
489
177
58
970
739
845
64
860
335
742
885
311
278
909
848
938
718
700
293
788
659
484
384
705
782
709
875
982
591
716
512
688
982
449
141
999
45
39
531
566
857
166
977
548
492
612
459
136
111
652
740
755
268
767
684
762
381
77
179
674
547
38
306
114
996
825
774
57
625
747
846
309
908
485
984
894
62
338
630
155
308
444
862
559
65
924
882
67
487
939
283
154
623
385
177
179
577
384
701
318
328
153
803
398
564
871
668
239
220
574
548
76
458
405
909
952
345
932
261
836
111
526
794
545
562
840
201
301
296
155
623
904
968
693
684
748
90
75
222
29
6
655
157
547
530
171
110
378
804
323
502
819
323
177
927
213
591
651
73
818
489
399
343
862
168
399
244
896
883
108
598
220
633
221
678
419
91
534
818
521
216
219
394
103
658
88
484
195
94
123
85
315
155
864
685
868
550
78
20
459
483
669
726
922
800
576
482
602
800
913
734
133
165
504
242
361
581
419
501
674
997
50
892
243
834
836
180
847
982
185
715
840
623
275
806
832
595
299
480
60
582
544
473
899
445
710
146
631
116
806
177
760
511
544
312
814
650
22
618
342
473
364
870
609
810
980
723
47
60
271
133
480
186
871
641
311
995
753
71
467
56
490
414
692
560
515
139
627
814
716
411
289
209
273
909
819
931
441
320
709
198
987
443
755
693
570
719
835
747
174
974
421
175
218
369
550
527
620
225
57
841
863
228
784
299
425
967
252
677
625
594
183
344
943
786
97
933
160
860
327
220
744
209
786
428
146
678
610
293
422
519
357
91
647
229
700
993
912
30
411
915
766
44
500
231
861
40
235
824
972
124
559
572
983
930
988
724
331
477
248
294
81
805
236
483
241
785
721
855
46
968
375
29
757
626
890
631
190
549
783
848
160
910
879
497
793
170
603
873
99
656
852
226
382
51
825
502
767
493
816
682
173
25
236
789
760
793
600
831
126
667
895
518
741
297
6
130
912
602
909
902
607
931
898
139
449
404
819
688
442
425
876
817
534
130
771
221
485
461
556
135
754
70
855
566
663
226
598
131
786
265
336
918
534
382
469
961
814
393
773
407
320
760
383
533
651
811
716
89
54
705
786
587
152
566
793
639
385
830
219
465
748
934
929
870
22
269
779
768
798
812
273
1
682
944
689
289
156
65
164
413
755
822
717
494
408
544
330
391
784
75
781
102
730
155
959
302
854
896
310
896
492
943
116
117
331
370
713
766
170
451
692
597
502
333
943
635
71
253
677
477
640
309
287
672
96
923
472
837
818
24
535
268
91
810
802
558
941
469
545
214
363
746
188
237
318
438
744
863
94
276
796
13
18
287
697
48
78
295
556
539
819
288
744
106
602
238
682
421
407
382
119
353
413
757
655
899
602
674
473
496
664
909
30
200
165
112
744
653
615
687
671
646
113
518
621
365
804
916
843
753
175
716
235
969
866
363
61
19
332
478
525
705
246
808
302
319
655
92
786
421
440
923
146
338
743
789
867
219
444
323
851
191
167
572
860
323
58
258
474
317
380
568
128
513
871
656
304
518
858
642
490
35
313
51
228
382
455
581
572
24
540
932
707
768
752
654
561
147
667
703
507
825
68
644
785
642
482
346
468
1
282
466
807
905
130
85
430
206
253
335
901
622
903
901
892
986
60
676
260
157
966
278
612
837
645
474
344
620
377
186
582
159
504
474
391
334
99
301
686
506
747
407
181
680
856
53
277
713
9
125
401
538
212
623
705
0
818
395
447
582
954
709
531
956
954
857
272
683
506
161
449
829
908
144
167
820
33
168
651
364
112
281
339
927
150
622
515
849
88
151
836
241
201
151
113
982
678
925
738
451
113
165
765
223
614
83
380
904
686
793
187
222
29
103
383
967
252
965
517
75
665
545
847
423
730
138
9
288
568
963
588
894
827
372
380
1
764
315
330
529
465
410
514
507
726
512
375
986
291
317
430
983
271
597
985
866
694
206
338
192
195
382
757
638
219
137
980
257
606
818
55
797
211
933
873
7
774
602
352
512
986
436
347
161
25
592
83
945
588
175
59
134
319
622
196
315
96
464
986
892
534
330
958
459
698
518
672
567
802
86
559
502
919
606
863
570
234
631
659
394
715
830
213
770
208
209
617
135
640
334
212
787
652
451
715
315
919
849
373
633
860
726
84
909
778
928
438
688
59
298
827
219
877
919
774
697
90
375
597
809
748
55
148
304
789
887
35
844
80
282
109
118
775
404
915
600
312
219
345
129
998
382
707
919
529
977
422
325
445
917
342
177
241
697
564
35
818
746
291
112
449
165
858
371
486
74
207
244
483
869
933
440
577
826
398
501
409
492
801
996
68
362
868
838
145
478
772
981
626
265
850
633
317
881
366
566
862
933
249
71
897
547
968
595
233
577
553
272
952
418
582
295
211
378
965
170
993
984
805
187
698
819
467
683
154
654
973
203
742
849
929
906
456
661
428
176
369
852
364
761
951
325
406
648
906
924
47
891
304
159
385
253
558
229
88
177
58
696
755
565
542
325
307
339
965
982
961
863
341
189
967
268
495
533
354
71
279
101
676
208
134
290
140
589
974
937
587
483
344
482
147
38
519
250
449
808
254
484
813
782
260
481
400
103
913
402
376
945
667
3
242
129
552
951
54
706
404
715
640
68
933
654
628
938
257
649
232
870
780
886
301
894
792
476
150
969
281
789
947
98
728
321
300
283
693
856
477
791
491
30
541
573
472
213
291
827
791
138
471
208
452
273
985
495
165
202
262
145
142
522
592
737
126
819
673
525
909
989
597
66
183
945
727
248
391
322
241
110
389
242
876
774
205
673
896
597
98
442
802
477
576
826
902
617
595
339
691
302
648
533
671
170
469
159
246
576
84
797
273
343
360
36
553
639
557
881
114
623
163
43
702
489
583
679
406
44
956
740
269
911
818
802
895
464
706
695
123
798
637
974
110
231
476
151
456
702
475
547
255
741
548
727
889
523
695
355
475
517
414
981
202
122
33
387
989
991
619
901
983
511
890
111
200
788
4
180
674
113
653
113
965
337
760
310
972
958
563
673
49
924
101
742
170
390
564
636
482
811
833
460
417
211
905
272
513
427
400
613
262
572
933
247
109
507
514
540
509
354
45
243
190
383
825
539
939
859
694
771
758
787
303
692
159
573
998
855
607
293
572
244
404
574
656
144
460
881
557
493
467
339
786
326
1
236
847
518
260
531
399
484
58
659
484
975
54
226
530
774
900
604
706
425
656
967
328
65
897
829
845
457
138
550
281
614
941
835
670
13
898
367
23
934
954
792
283
919
518
864
811
801
814
133
738
969
401
597
596
225
107
171
329
569
20
366
391
997
554
221
373
116
783
224
728
804
99
850
581
836
73
930
438
244
141
595
265
327
975
110
295
56
195
379
496
966
155
768
758
874
41
834
584
510
675
77
953
597
416
448
775
773
331
759
472
439
571
113
939
457
323
863
502
997
985
651
592
516
507
119
705
954
517
737
194
718
67
768
16
119
766
191
638
938
158
630
400
411
46
644
349
759
733
433
826
67
344
396
426
933
447
967
142
516
885
964
222
193
712
902
497
795
514
980
218
912
708
990
190
573
350
61
912
654
305
539
507
203
298
417
995
971
264
400
472
3
447
870
307
165
191
279
945
432
634
197
337
792
555
500
747
973
374
541
5
238
369
358
198
69
841
666
477
514
162
681
926
932
30
844
267
755
642
863
769
659
334
604
108
50
622
738
222
582
987
813
956
597
888
48
183
521
149
96
552
842
60
870
321
854
132
680
843
547
558
28
366
865
55
340
472
370
99
546
311
210
188
656
874
597
534
457
752
968
951
281
95
30
20
890
144
310
530
315
11
907
829
325
406
499
358
261
728
565
996
682
428
712
835
139
106
899
419
485
670
243
527
705
950
863
98
150
359
459
469
605
247
813
773
588
1
348
284
85
699
13
197
283
857
344
956
719
489
140
65
971
333
52
234
606
942
755
706
281
246
95
778
634
904
34
455
422
161
824
11
28
457
532
153
100
932
86
979
133
298
383
906
197
158
983
199
256
421
906
689
976
152
879
675
974
235
896
259
945
128
9
501
373
50
583
853
199
528
792
608
256
687
570
144
853
842
775
138
292
58
506
509
973
588
292
159
550
878
7
106
394
458
101
877
343
219
748
258
790
198
346
838
883
326
882
411
853
470
467
21
659
793
63
413
261
863
508
123
901
308
453
958
300
833
657
399
847
67
496
253
365
197
955
104
987
407
381
352
112
951
270
253
907
773
49
980
260
855
134
582
849
689
570
338
711
69
141
665
601
824
45
824
744
91
869
994
936
269
498
357
106
850
84
700
474
813
944
19
494
199
294
112
876
119
696
37
190
215
317
966
894
486
891
61
281
498
208
142
636
583
331
978
859
820
8
337
654
242
528
146
523
121
141
99
267
218
13
741
132
90
586
322
858
916
867
601
323
654
3
242
664
538
898
75
229
443
77
323
173
142
130
338
274
428
978
485
99
631
800
967
591
910
244
386
111
465
72
563
372
804
487
603
822
620
180
210
241
962
589
235
692
431
885
360
767
90
75
690
485
204
738
915
857
76
712
82
955
765
198
921
393
905
407
273
727
594
320
773
325
127
779
725
667
598
126
801
309
351
747
498
437
855
90
170
496
709
133
161
599
866
988
697
958
986
974
885
673
236
414
787
173
967
912
32
422
449
612
124
330
567
369
730
669
459
413
174
11
331
568
253
587
886
27
509
273
200
597
574
560
651
165
777
624
72
504
608
820
775
536
51
66
412
547
752
303
61
410
716
111
307
816
670
222
64
227
26
385
594
760
710
773
583
382
297
722
610
780
532
982
793
134
392
697
700
427
754
86
213
492
912
353
572
435
17
761
578
524
52
99
401
674
214
763
420
233
839
10
983
110
566
268
362
332
735
712
252
459
7
228
371
520
124
108
976
611
749
952
252
440
15
383
998
684
380
248
99
147
578
282
853
506
880
4
514
921
380
5
661
996
265
186
751
897
606
567
485
305
827
698
240
539
528
500
802
567
42
216
621
747
246
253
955
986
990
297
390
460
601
890
60
567
292
266
106
502
359
895
244
962
713
468
399
326
122
1
817
445
922
911
688
232
432
66
280
323
330
552
126
158
727
487
731
124
401
798
134
32
611
141
213
365
549
962
508
352
368
198
705
437
230
198
394
1
645
897
718
373
320
925
413
628
159
105
536
989
507
769
912
949
747
820
198
98
117
365
269
217
477
67
912
455
542
494
789
820
752
627
794
735
956
677
204
1000
350
536
543
0
586
77
581
745
305
934
430
852
643
331
711
32
588
330
202
878
985
969
178
307
22
506
189
94
236
855
545
149
243
12
486
596
445
609
91
670
515
654
337
928
377
756
513
173
24
296
270
748
154
282
947
947
828
772
315
368
797
181
647
765
567
360
212
493
227
429
954
186
947
262
580
137
730
886
751
227
217
621
842
920
166
302
118
576
540
935
64
190
910
385
598
451
569
829
276
204
750
856
994
450
354
85
967
569
532
849
695
787
629
645
926
399
693
631
123
444
439
315
274
825
239
232
819
6
899
261
467
951
393
583
96
363
90
8
671
408
51
458
611
177
490
437
363
145
738
196
444
226
297
846
573
483
231
180
983
185
744
406
376
369
582
116
637
414
344
845
738
221
20
346
335
535
165
551
737
915
919
983
676
773
380
617
839
486
787
490
371
471
385
665
907
814
463
344
217
34
49
342
195
610
313
459
107
916
848
112
137
844
512
598
795
540
869
472
962
456
576
65
573
305
746
297
54
922
573
487
985
941
798
893
684
785
867
105
980
360
383
506
103
503
161
481
891
142
303
564
482
39
548
305
817
325
731
440
127
777
552
757
485
979
189
365
640
835
875
86
902
432
309
441
556
171
610
959
845
319
710
787
895
452
482
721
331
769
294
766
443
862
775
374
845
722
122
52
252
142
376
826
785
896
582
260
179
225
923
49
160
640
820
594
60
609
600
426
742
694
344
62
62
279
791
161
720
682
379
120
111
175
72
966
744
540
741
865
884
550
818
286
562
185
837
788
436
889
859
519
29
975
716
623
799
528
867
938
37
225
844
174
450
72
498
89
369
122
380
442
756
953
183
672
957
403
103
625
638
814
769
461
358
639
483
224
533
827
926
700
61
871
514
462
819
638
19
286
75
538
484
328
236
283
95
52
356
285
910
297
600
400
723
222
846
597
114
480
135
346
916
354
161
262
674
176
997
382
11
962
139
624
283
18
938
426
85
771
605
195
453
405
613
205
149
580
531
85
179
233
711
49
336
927
74
480
496
21
518
956
657
735
116
171
520
374
303
301
520
84
588
84
147
961
421
745
765
865
395
778
783
603
574
273
172
129
486
351
761
553
74
272
851
692
272
315
919
308
991
446
622
320
291
466
874
385
935
35
334
959
436
537
986
392
598
208
662
506
305
469
259
267
989
460
846
689
488
393
155
478
64
610
527
284
550
625
224
118
328
29
919
551
246
88
564
350
59
825
907
645
678
994
764
501
667
665
536
164
173
354
142
815
437
101
300
888
124
837
619
427
43
811
853
467
842
832
216
230
552
332
496
377
716
329
290
632
956
354
683
500
409
558
473
781
217
964
340
419
958
261
440
236
44
688
73
28
573
52
176
534
168
945
495
337
970
681
105
697
655
541
541
509
250
27
651
74
66
681
209
908
853
631
778
245
390
486
685
884
790
663
194
598
262
873
640
896
682
995
710
169
109
702
671
364
109
634
450
137
934
150
454
766
673
646
849
634
224
404
898
290
723
269
99
851
380
855
723
289
858
451
813
691
921
74
644
4
782
257
873
403
415
449
933
295
593
716
161
905
342
166
272
713
62
251
745
923
967
397
410
828
860
855
66
161
957
915
416
627
442
651
237
781
174
785
202
64
782
999
768
506
386
517
212
135
42
324
903
177
258
863
106
220
29
766
328
397
172
559
626
644
337
619
85
916
715
744
529
903
433
134
506
391
399
80
999
901
815
124
468
29
794
789
86
428
36
919
345
828
586
789
990
234
37
569
980
971
615
485
279
468
756
76
504
141
814
874
877
463
783
26
485
881
447
423
173
168
122
382
4
682
369
7
367
147
313
927
136
540
752
625
62
303
974
587
550
963
65
709
30
345
356
18
268
921
522
135
733
249
293
664
46
152
849
301
732
273
754
259
889
727
267
902
842
273
139
943
109
475
255
346
831
132
409
861
809
190
945
269
432
215
528
913
154
544
522
660
663
662
296
118
734
169
415
837
579
879
481
663
991
325
185
450
76
856
603
731
871
388
986
188
802
586
16
958
981
933
63
19
754
33
986
603
856
479
145
69
594
952
343
883
829
560
424
632
233
736
921
86
211
296
712
367
118
637
952
46
685
48
155
128
28
924
592
488
227
450
799
705
509
354
972
497
665
33
576
537
589
364
779
361
516
581
84
809
645
333
106
976
782
530
872
544
952
634
397
330
553
901
241
12
353
534
951
847
78
690
981
622
623
224
276
490
147
968
389
214
668
778
759
342
466
905
598
732
273
252
146
1
422
392
625
667
454
683
587
370
862
314
507
598
725
736
704
869
970
865
153
704
258
478
172
440
354
595
439
20
372
360
854
507
90
861
65
237
826
776
962
212
857
317
116
786
717
756
800
235
914
795
396
390
707
766
909
397
127
788
264
122
948
851
291
824
628
51
286
697
841
148
764
250
988
282
455
322
842
912
191
877
587
440
858
967
653
746
86
659
27
157
120
661
857
811
479
15
618
433
378
877
983
395
781
19
948
765
33
911
822
262
448
213
479
631
266
22
192
901
764
216
477
878
979
199
44
68
382
444
992
89
313
878
865
401
346
572
337
584
552
415
64
738
676
618
900
523
214
267
370
123
500
915
155
692
971
826
764
601
561
293
831
863
641
247
840
38
361
568
692
61
274
613
353
73
656
223
512
167
736
319
672
954
458
626
870
153
761
628
949
263
102
376
453
724
877
553
249
54
734
780
19
431
815
609
28
411
638
268
317
513
844
243
808
155
102
290
750
460
258
336
259
523
59
36
905
255
518
606
641
966
758
446
223
405
885
324
986
660
988
568
963
495
812
494
401
12
659
73
149
350
471
659
89
186
51
272
491
956
425
254
638
777
427
858
685
209
915
152
839
814
853
746
255
631
913
586
583
152
380
380
137
206
946
6
784
485
375
893
637
178
845
640
996
769
738
341
343
163
158
191
227
93
933
929
25
868
146
74
279
678
713
3
372
706
427
969
312
569
527
663
719
138
728
725
13
828
206
737
179
719
445
472
203
669
28
163
642
538
883
519
351
238
535
917
832
464
632
294
535
300
463
293
695
759
444
356
581
927
759
234
724
3
691
821
169
455
885
335
708
147
309
585
588
54
455
559
572
817
88
675
6
506
953
571
312
379
217
188
707
946
55
812
787
889
284
603
373
891
612
568
240
673
460
292
759
471
672
543
282
450
64
428
273
771
689
794
478
815
579
61
773
293
292
711
118
404
891
219
883
734
668
37
510
644
284
945
602
824
218
382
377
916
956
633
838
760
437
372
12
831
757
640
461
711
949
431
695
879
848
629
859
473
543
889
438
744
859
596
448
979
252
398
449
936
100
628
659
846
620
439
150
750
917
388
808
450
688
963
716
322
277
384
941
829
579
21
729
462
901
684
258
813
699
440
45
286
488
686
146
714
31
270
734
605
943
881
739
721
870
787
831
371
816
940
76
774
888
979
193
8
156
733
314
826
554
856
982
507
370
226
807
190
440
375
938
31
338
579
718
635
615
571
926
160
346
502
941
838
503
994
214
981
260
762
438
449
927
685
857
562
675
196
884
514
906
149
125
703
155
805
128
901
406
181
606
502
120
757
301
601
877
250
249
270
128
106
308
960
989
803
332
458
585
608
113
828
690
152
965
557
367
638
842
273
565
544
638
823
301
863
751
379
32
646
753
624
920
105
456
401
737
363
708
571
949
60
334
556
867
783
280
441
6
237
33
275
192
881
788
570
214
674
984
693
300
800
748
988
357
870
468
130
255
665
279
266
773
366
494
588
436
927
673
141
112
92
248
32
217
973
583
140
197
64
67
68
63
254
726
364
541
362
703
328
221
865
856
97
75
624
131
802
368
568
216
152
122
953
866
370
880
352
88
275
5
672
936
632
857
103
115
731
789
663
74
938
121
444
436
526
949
49
553
790
571
129
825
188
528
60
523
512
505
684
15
415
315
119
163
301
1000
624
137
90
401
78
922
276
473
900
821
274
563
595
949
290
863
794
548
198
110
877
260
985
958
629
357
126
421
560
218
450
203
176
672
669
829
476
429
24
694
937
372
299
786
944
455
576
200
482
145
458
163
978
14
321
44
204
425
276
98
581
187
780
508
645
724
205
434
313
158
644
95
236
865
980
940
789
542
94
660
633
671
539
797
977
0
547
839
812
395
830
55
388
182
896
178
386
858
825
721
19
32
741
380
24
395
365
0
622
501
484
315
490
435
633
399
588
233
848
968
317
8
469
675
108
114
963
143
71
540
466
127
383
915
452
715
955
432
287
219
35
970
758
729
859
122
740
962
556
3
644
651
394
309
547
318
519
168
871
451
318
583
304
735
744
831
461
645
431
321
902
498
337
659
664
721
824
132
658
921
419
23
611
806
916
792
723
570
997
729
222
666
625
488
567
176
14
745
244
881
737
338
741
842
571
743
384
294
107
511
821
201
892
550
585
447
17
144
997
760
436
196
851
644
176
30
902
681
749
752
707
915
621
700
666
549
340
57
350
845
156
826
618
812
657
602
842
338
161
160
427
6
485
526
925
97
564
226
730
223
949
506
402
422
550
231
250
839
564
162
784
842
19
404
743
515
208
997
479
999
73
890
352
919
867
33
195
236
133
983
67
857
581
244
867
300
344
936
194
548
52
11
589
494
567
314
293
169
410
677
955
308
809
574
314
148
45
389
510
832
515
346
568
361
938
42
461
676
135
899
388
191
653
52
895
351
734
441
234
814
476
238
193
181
905
191
274
442
506
139
455
145
626
313
803
482
846
855
354
819
703
653
698
367
384
587
723
694
927
584
408
201
824
503
132
950
242
442
643
2
396
359
835
255
52
813
890
700
596
683
547
846
144
72
740
900
247
584
364
110
161
475
52
387
627
532
750
972
447
218
745
598
84
333
332
273
944
177
951
812
445
65
241
29
530
303
881
466
748
233
980
55
210
23
408
266
676
909
510
653
572
68
347
494
340
821
856
874
262
866
814
201
693
176
504
515
739
661
48
77
853
132
603
881
376
396
5
77
951
859
976
764
414
646
956
827
344
300
441
269
343
743
755
407
301
892
832
44
580
586
472
837
473
104
956
192
883
865
531
628
224
688
348
509
746
671
84
86
499
844
644
358
553
794
918
485
800
151
589
236
746
129
6
170
463
872
298
453
385
565
63
929
402
786
131
442
702
892
702
537
988
687
284
17
691
839
6
901
866
184
405
422
457
734
142
189
688
491
785
829
997
537
645
919
653
492
490
144
503
944
246
386
313
945
464
176
358
168
836
661
525
349
717
641
401
565
35
649
534
20
64
585
473
798
745
466
1
966
730
451
598
916
553
440
687
165
755
390
112
244
656
58
391
397
837
787
739
662
940
21
388
100
999
895
184
474
143
354
807
550
732
690
962
225
855
711
116
395
687
533
563
791
292
244
672
201
601
989
227
723
886
144
380
702
333
59
812
279
534
421
238
215
437
30
140
661
488
449
260
744
802
740
764
193
198
894
194
470
745
959
74
191
53
186
884
973
63
51
252
436
506
898
259
250
113
575
210
695
937
179
968
209
767
815
833
660
946
490
143
411
159
292
380
800
465
829
149
17
794
738
236
221
808
405
384
746
803
398
921
526
178
19
453
774
451
409
164
667
625
676
834
603
450
256
230
707
146
774
834
12
956
410
81
287
251
939
192
737
524
12
291
739
236
991
848
124
163
451
630
693
891
173
750
656
810
628
944
851
971
690
962
56
356
158
804
758
339
910
433
191
96
737
323
399
783
252
831
124
947
792
785
655
533
215
167
785
850
38
380
188
722
156
295
116
569
222
710
306
412
234
693
251
809
752
547
163
472
685
698
41
465
181
260
906
769
215
424
772
189
203
261
25
736
907
398
928
798
804
600
494
496
639
620
292
54
44
501
724
248
358
198
978
277
297
619
726
24
144
661
875
883
680
617
182
268
737
194
143
991
670
223
403
978
214
596
333
131
562
471
844
660
309
782
893
615
336
365
658
463
348
13
714
458
320
354
440
900
629
894
162
279
819
622
595
125
962
573
18
974
608
639
223
423
808
764
645
218
601
871
98
833
309
431
341
783
301
132
371
333
268
176
76
800
108
475
708
379
31
116
533
608
776
989
479
153
983
314
55
11
704
81
596
180
375
999
783
505
460
739
830
225
685
26
584
60
30
278
807
353
442
305
781
210
621
140
670
327
201
553
731
521
419
627
668
651
383
618
63
711
697
455
39
498
366
745
891
851
793
287
602
624
888
218
557
325
914
850
510
700
597
94
10
276
696
828
344
805
673
11
207
369
318
197
100
876
89
680
685
186
929
175
264
514
128
466
272
904
591
941
860
36
240
930
217
336
284
115
267
366
343
46
141
978
744
113
191
813
223
146
898
869
97
553
717
251
814
480
813
432
363
273
332
869
859
350
604
744
923
833
932
824
592
328
739
13
149
604
821
423
811
215
241
598
434
44
94
420
422
712
56
723
118
851
167
637
99
866
891
600
650
7
932
598
121
609
495
219
296
526
668
811
406
168
615
497
9
754
660
602
844
94
508
267
317
864
792
870
136
947
697
540
153
847
777
270
521
193
114
149
869
346
190
613
161
383
477
957
24
460
142
572
788
961
10
566
32
561
909
671
166
127
60
832
905
527
167
758
733
21
838
54
484
695
88
53
396
138
936
164
290
519
965
829
48
1000
290
278
625
446
48
99
721
814
213
764
120
477
125
613
790
94
234
504
530
397
242
402
422
504
983
677
468
254
624
959
607
351
720
455
187
996
674
308
361
693
295
999
728
908
661
798
538
468
979
831
515
99
72
477
992
425
906
811
318
492
451
447
774
763
592
808
694
285
485
364
885
621
769
814
501
363
689
436
979
93
447
148
779
872
23
663
162
629
974
103
69
692
962
864
602
15
326
252
541
22
374
251
151
848
599
544
932
479
18
391
472
334
221
520
892
406
422
305
275
798
616
851
973
795
150
378
184
510
111
991
175
289
903
343
562
152
291
487
543
909
450
449
224
984
348
814
267
16
691
688
19
996
622
540
3
981
51
970
257
254
858
936
948
744
550
81
573
883
189
897
390
181
765
418
493
784
449
857
355
169
218
588
293
32
906
968
208
72
868
902
931
372
557
500
956
200
720
832
386
17
429
416
163
987
29
134
292
43
551
681
988
166
969
661
727
543
675
954
24
825
749
105
443
244
784
679
864
706
15
679
961
469
314
23
106
132
749
555
657
165
350
346
146
320
460
239
692
666
54
241
284
168
311
553
347
692
194
162
838
57
74
581
993
448
638
645
895
444
984
96
911
90
286
900
111
317
993
825
300
753
215
704
228
755
279
140
701
843
513
994
336
899
492
768
506
652
771
414
973
574
692
327
593
530
584
464
61
573
789
924
966
466
676
259
610
9
598
15
726
131
643
442
683
825
575
440
154
796
463
845
902
119
690
288
391
570
206
391
613
634
905
334
802
849
926
593
90
329
169
217
822
641
341
887
190
875
175
84
400
847
905
887
369
265
159
9
757
427
757
319
938
656
121
704
147
956
696
763
565
790
221
220
975
245
54
383
800
612
672
725
944
830
826
606
850
555
654
178
207
436
298
506
248
635
406
0
502
5
179
413
539
74
863
541
538
952
100
235
405
344
373
345
1
617
102
126
674
964
988
639
354
275
845
990
78
514
822
496
817
130
724
231
118
278
1
911
567
84
478
241
796
842
879
461
986
196
680
107
455
995
202
370
370
54
752
131
538
786
822
194
429
130
994
172
942
115
710
726
193
292
272
653
660
7
867
912
769
589
576
488
273
834
596
362
512
704
900
420
223
65
868
269
310
703
340
122
468
349
359
927
615
647
290
287
646
261
166
121
210
375
445
788
354
496
312
991
434
833
794
396
737
468
390
32
674
2
310
796
149
100
888
467
713
416
458
310
86
245
440
230
49
916
623
439
153
649
877
420
138
977
287
874
209
96
959
70
792
872
337
551
457
231
995
171
759
849
505
137
923
842
975
54
616
399
865
724
369
117
560
301
852
937
635
459
36
43
596
724
989
731
821
173
699
28
117
304
600
699
548
827
917
759
958
490
40
426
181
51
584
561
349
29
132
866
897
818
917
245
12
10
87
344
972
685
99
336
335
648
248
285
168
433
825
648
667
492
570
904
330
925
640
604
449
954
861
545
358
895
458
47
509
396
293
92
792
137
577
250
154
673
775
910
963
809
881
870
35
383
932
918
623
753
209
697
858
407
157
55
789
675
988
975
266
73
337
281
604
21
452
234
673
705
483
415
567
625
573
740
657
304
740
786
956
678
217
586
135
285
517
95
396
322
777
415
530
355
737
423
680
155
876
811
445
277
621
413
685
633
308
296
601
759
155
330
666
191
17
649
276
701
943
996
611
666
294
365
598
358
591
249
425
844
846
734
363
788
937
816
758
506
311
596
442
195
903
1
114
776
943
682
593
858
41
962
86
53
886
236
600
174
114
684
736
250
892
968
747
976
633
509
189
803
458
590
601
430
611
345
157
762
443
89
239
227
315
85
755
365
770
23
224
956
601
423
51
337
663
73
233
64
560
562
976
404
691
435
295
772
375
845
786
139
37
461
642
704
544
12
951
16
113
176
91
388
257
458
592
491
999
322
568
124
401
190
796
29
46
540
497
898
5
88
624
79
780
840
381
878
967
515
225
850
731
344
153
677
74
181
29
112
810
908
517
524
437
669
789
91
195
330
172
295
670
170
16
435
201
590
890
572
180
869
632
985
407
783
890
540
490
785
203
95
589
358
27
589
597
764
646
454
401
705
930
600
125
977
618
574
246
45
284
667
192
320
678
103
672
352
379
864
357
156
325
254
123
191
917
309
152
643
680
776
657
83
990
38
911
558
428
952
683
404
870
959
978
909
942
322
371
590
421
25
910
122
122
821
665
553
481
912
325
947
430
549
330
5
799
735
392
889
898
389
459
767
108
843
649
950
27
624
128
14
394
897
299
344
273
633
978
705
821
579
667
114
636
387
580
222
690
836
633
636
868
291
394
825
668
618
290
643
713
744
952
198
712
617
650
269
202
840
609
105
143
108
286
340
492
851
127
30
678
837
726
522
784
174
504
726
954
348
172
369
587
995
326
645
293
710
836
186
415
869
513
400
974
474
51
526
400
618
778
1000
395
689
123
848
236
972
606
813
153
901
123
524
103
211
117
101
607
51
993
512
115
34
77
217
616
19
26
319
75
395
185
456
394
322
16
904
891
909
205
847
423
56
919
937
197
346
480
922
564
345
584
248
308
651
895
120
262
601
717
638
151
7
957
986
815
340
884
736
35
382
165
40
5
109
394
750
517
127
515
969
276
172
958
330
945
686
251
620
167
568
865
955
273
90
961
832
889
960
126
593
497
901
642
327
548
599
115
304
979
963
796
803
528
960
403
501
936
152
113
766
852
708
950
7
490
994
740
111
851
80
795
568
89
832
735
574
265
15
105
462
967
863
942
504
111
426
477
976
470
600
65
38
413
86
747
511
606
108
605
828
435
314
648
90
494
760
974
114
681
957
827
884
410
432
730
956
251
75
354
302
702
342
694
199
695
274
683
529
400
233
684
446
464
734
821
384
215
967
540
58
930
235
715
971
938
237
209
434
529
1000
662
747
634
529
169
934
166
11
235
745
71
442
948
832
292
164
444
679
86
935
311
319
464
358
337
757
458
506
626
919
778
558
478
357
166
405
710
671
326
883
887
122
338
164
499
270
49
308
323
611
845
98
569
371
582
214
927
239
814
391
138
359
795
224
561
63
631
738
753
777
738
52
628
672
308
661
264
689
707
784
443
970
552
191
894
166
710
121
76
162
797
592
971
364
17
652
954
9
698
900
567
641
482
552
675
377
208
433
132
632
595
145
250
663
492
169
597
322
696
283
183
317
274
168
70
613
873
321
47
954
109
586
504
895
282
669
57
722
947
936
731
471
447
370
275
671
911
306
116
659
154
39
109
377
417
863
908
502
164
14
476
781
789
701
419
833
85
318
494
39
46
43
273
110
553
598
902
541
981
354
200
58
673
994
800
430
478
856
719
512
223
910
660
225
313
612
992
701
78
169
270
762
524
845
108
937
270
478
793
722
341
867
683
189
233
350
969
113
704
381
801
677
692
881
918
826
248
958
556
739
423
475
514
718
974
404
578
71
239
432
906
981
974
980
798
459
601
740
880
848
27
370
87
758
522
818
681
384
636
957
548
202
886
793
366
142
947
636
783
797
864
849
275
692
742
961
830
841
194
946
293
914
592
424
359
863
752
834
609
82
923
294
408
784
686
393
195
240
477
14
172
778
496
776
160
7
333
419
599
829
989
809
934
182
607
463
49
921
599
778
202
506
883
88
238
458
829
440
203
859
582
930
403
755
4
244
156
434
431
945
971
682
464
932
291
767
546
273
698
892
842
684
336
710
538
785
943
516
532
413
706
973
760
149
3
618
93
40
657
685
41
788
631
760
687
500
771
384
653
627
689
216
616
109
72
858
187
509
54
537
205
345
857
66
285
43
367
868
667
367
341
449
694
197
666
883
388
952
481
781
327
69
512
223
3
317
814
744
465
333
265
797
401
207
829
657
950
781
391
87
81
653
993
445
451
746
770
314
484
831
841
338
313
32
897
261
641
261
23
100
574
135
574
943
451
726
24
627
935
446
340
3
776
167
550
854
174
757
545
208
481
797
756
473
281
410
908
873
183
670
71
900
773
363
558
920
108
533
104
215
644
39
511
847
646
282
377
530
194
354
716
261
993
419
777
324
92
628
872
366
676
386
349
263
219
122
581
532
167
574
635
773
614
54
900
1
224
5
875
688
482
646
949
869
301
737
724
573
126
848
171
494
20
54
712
113
124
760
396
387
347
295
472
933
354
97
228
216
731
595
189
348
226
201
598
119
755
799
26
904
51
579
245
237
822
86
41
527
126
404
808
887
606
574
109
565
684
634
560
495
976
439
355
50
825
473
647
951
935
569
660
117
656
315
398
674
487
872
892
114
94
178
494
699
994
862
783
765
162
603
708
137
193
375
99
35
562
788
789
813
2
199
848
957
789
167
660
816
216
45
618
872
685
624
590
852
904
685
74
843
318
336
917
209
275
855
558
761
546
984
800
399
536
171
443
710
470
574
756
332
234
133
233
526
683
148
767
961
301
658
232
635
473
379
16
955
452
627
13
20
944
724
872
373
164
751
447
226
190
10
199
945
231
426
843
434
97
82
467
590
544
34
650
689
183
75
732
918
218
33
240
272
529
460
869
980
491
376
836
329
934
958
24
332
606
446
734
780
365
713
5
850
530
782
966
936
694
141
94
992
345
21
709
326
425
536
461
463
323
554
964
819
611
631
644
268
363
550
264
93
754
759
967
478
649
696
994
3
642
222
825
231
663
688
106
249
509
665
970
559
823
558
218
77
235
210
772
505
728
561
431
888
872
168
940
215
91
617
654
186
822
224
97
961
130
725
287
888
755
155
988
961
682
13
584
293
452
44
941
226
446
681
159
918
393
792
196
349
250
106
44
963
24
955
752
964
707
355
291
184
317
909
607
952
705
993
168
324
890
373
252
856
439
500
512
871
136
875
202
144
866
743
807
513
36
181
637
155
267
970
438
812
498
251
829
151
57
652
635
862
888
473
755
611
934
187
924
275
25
805
825
634
340
733
361
300
867
659
324
166
817
160
646
316
425
879
117
716
977
62
346
582
221
776
802
422
358
954
386
841
711
61
253
875
31
425
110
25
66
657
969
193
233
716
876
769
298
109
874
483
248
233
300
212
781
740
890
867
865
644
883
650
260
740
777
918
299
293
357
466
860
944
686
237
814
930
679
676
373
917
210
947
793
942
573
464
772
328
518
466
577
790
608
219
459
366
136
258
430
513
384
434
264
213
716
76
946
862
390
390
912
512
749
633
182
582
553
534
378
888
188
455
78
454
453
44
116
321
188
521
279
748
651
713
765
965
886
943
98
374
717
285
1000
460
18
113
283
207
78
435
202
789
197
48
340
489
396
321
765
58
855
174
942
763
443
860
339
208
470
404
445
668
89
435
746
224
715
587
987
660
651
88
110
376
771
773
432
195
119
604
349
402
189
347
339
626
175
970
152
532
953
508
969
785
256
23
298
539
77
475
711
85
125
767
674
711
735
186
356
997
54
450
741
959
765
853
465
220
596
240
877
196
918
934
521
257
130
514
904
719
745
720
307
372
114
207
779
646
667
546
109
262
144
90
682
451
411
691
630
72
467
540
916
939
677
114
861
934
584
656
512
953
74
553
834
902
742
203
266
625
340
140
869
433
945
250
814
228
430
473
668
117
737
925
665
545
98
467
50
844
386
93
13
128
40
800
121
553
140
911
599
254
427
851
329
464
236
931
781
189
292
276
427
955
667
854
515
737
134
917
781
966
34
933
408
378
220
747
220
75
360
286
699
156
273
591
646
934
648
995
675
937
31
72
74
758
591
768
855
159
80
190
494
141
57
987
807
967
572
533
253
383
797
850
262
704
64
432
536
949
831
517
682
555
430
6
661
977
976
660
730
74
618
684
711
161
442
214
321
276
298
899
142
991
274
250
368
983
723
722
390
686
663
536
135
348
191
701
475
34
532
216
302
672
665
293
453
731
16
768
685
953
339
870
417
3
632
696
747
639
181
177
705
520
378
301
12
897
274
609
64
403
349
467
838
658
377
698
356
428
521
264
667
163
352
385
963
976
270
964
766
484
134
395
432
391
334
137
969
429
936
224
992
329
61
838
617
298
569
515
235
976
930
107
572
598
73
642
214
709
662
349
262
43
368
388
929
621
698
662
397
67
941
65
309
945
842
13
189
945
713
917
755
506
910
679
96
560
251
159
968
155
771
61
62
976
685
169
654
290
276
310
853
559
490
600
977
265
889
903
999
749
313
135
771
294
680
701
665
11
442
400
108
887
72
218
815
312
370
214
259
38
273
646
89
323
516
23
825
883
45
400
395
310
509
917
40
603
173
912
202
601
385
145
283
772
990
288
899
896
671
710
915
162
994
335
919
57
773
149
344
325
800
493
430
478
531
432
848
284
908
672
795
368
859
47
653
71
345
991
909
673
266
656
428
984
524
248
566
961
33
782
526
985
734
276
486
141
332
307
746
562
567
264
274
582
985
37
533
114
545
31
482
758
144
220
674
527
149
39
580
242
84
18
219
802
954
789
288
208
828
653
875
846
216
702
998
369
617
631
584
658
2
631
682
170
959
23
579
208
729
268
656
674
989
57
900
321
303
476
874
163
853
584
272
785
547
598
226
652
585
696
53
324
670
369
82
452
290
484
623
958
429
207
891
557
46
765
307
391
695
446
197
472
956
525
161
725
74
756
572
603
653
50
59
998
597
194
889
149
441
992
616
681
176
25
937
406
86
811
355
492
43
752
917
386
583
71
764
835
15
401
118
474
859
542
189
608
298
545
614
230
23
338
392
997
191
144
53
915
108
904
466
889
75
689
66
371
305
825
61
398
264
357
513
544
760
322
660
999
181
155
545
595
769
321
165
315
420
50
531
515
585
842
455
68
227
354
547
851
896
727
229
882
827
363
402
844
642
599
200
461
26
254
843
992
448
694
245
488
202
887
952
363
506
587
330
576
748
486
319
128
891
924
793
765
728
117
740
890
167
881
623
345
665
508
723
277
234
611
388
271
205
523
897
701
354
997
977
738
266
252
437
76
244
32
812
869
748
855
105
575
629
169
13
258
991
671
425
222
84
812
784
242
602
310
66
556
580
538
727
52
387
915
542
229
260
517
206
516
67
995
885
931
756
291
506
720
817
657
616
690
784
888
522
479
739
295
854
847
966
842
958
234
219
878
402
925
727
282
717
931
759
814
800
954
734
183
470
596
820
184
522
8
708
768
895
561
453
133
204
286
310
4
316
699
1
901
778
822
172
106
242
181
117
30
236
511
197
493
368
639
721
100
32
893
483
751
297
821
549
16
723
317
654
60
753
577
555
286
566
297
182
439
414
984
778
508
949
249
343
548
97
967
20
663
904
71
882
600
874
165
841
825
588
911
13
7
133
243
489
780
186
182
638
380
90
63
845
911
530
373
122
987
37
465
818
75
587
357
85
823
382
973
608
815
791
568
59
530
470
814
260
640
79
216
340
569
703
194
639
371
90
6
937
501
558
980
120
230
577
430
588
169
310
880
273
458
25
641
842
643
68
467
534
460
810
919
865
44
223
473
466
351
969
773
252
859
192
913
988
396
912
466
52
56
244
582
92
173
934
757
949
967
917
129
950
573
761
511
918
77
646
929
116
978
927
778
984
434
419
94
837
513
906
897
924
475
869
209
495
372
860
357
743
974
431
168
876
712
794
675
394
578
242
954
378
433
581
719
867
710
236
374
538
244
734
157
115
907
135
451
612
130
638
329
949
411
844
301
316
985
679
9
539
297
112
362
202
19
279
939
438
936
436
360
795
398
194
202
852
859
599
22
834
931
763
441
376
631
15
125
27
257
62
227
83
32
360
574
348
713
908
209
662
653
416
995
322
654
374
386
967
749
196
381
734
825
462
253
44
290
974
108
367
529
239
498
190
336
999
316
4
637
657
116
795
4
506
377
108
686
696
183
956
859
79
452
598
999
929
413
912
66
367
352
317
341
152
154
681
909
471
676
213
878
545
720
595
367
233
67
747
287
686
462
813
376
843
439
581
663
665
567
857
460
528
177
525
795
886
172
403
664
766
673
639
335
184
851
744
599
997
687
833
12
352
216
768
284
469
173
286
155
58
7
671
906
647
148
851
401
525
39
251
930
830
648
405
331
585
993
464
259
193
135
739
582
157
65
95
187
672
241
729
106
481
67
807
599
934
458
651
678
596
821
955
297
31
795
101
895
374
671
555
680
553
357
926
22
827
565
251
344
762
756
830
184
455
596
370
551
667
515
346
975
903
813
137
352
150
154
165
451
749
199
330
574
778
894
949
771
258
202
653
384
175
845
225
682
295
849
791
88
143
387
795
232
787
758
321
212
822
134
785
109
431
408
359
486
283
405
860
47
389
841
652
998
455
16
709
761
619
537
609
804
463
906
323
454
280
530
273
381
348
220
569
654
601
976
888
408
64
83
638
902
761
351
320
298
286
940
423
319
181
434
577
585
736
31
949
37
326
881
597
346
493
992
690
956
553
580
622
48
915
183
973
262
756
816
14
87
421
617
492
516
221
618
840
56
61
665
346
235
896
79
267
681
674
954
892
574
13
641
879
355
201
949
903
808
130
433
250
17
492
546
74
656
463
48
939
252
857
538
719
674
978
185
160
883
342
224
293
496
433
980
161
974
573
848
175
737
72
695
261
808
946
592
285
747
857
190
349
147
979
948
968
82
651
193
691
982
563
583
659
791
482
689
155
132
584
133
541
154
276
368
941
811
212
116
791
965
797
520
212
266
257
798
387
490
41
526
303
555
654
395
228
864
791
999
864
366
43
58
307
485
601
62
334
290
850
804
175
51
170
734
893
222
812
431
108
271
947
607
667
962
333
753
315
588
847
359
998
950
39
521
204
757
60
923
614
895
757
30
753
70
550
83
15
989
113
726
985
538
239
124
405
642
922
172
621
265
227
13
426
818
314
584
172
197
213
371
280
19
542
390
10
766
174
363
278
31
214
60
496
373
403
374
905
249
716
114
385
266
543
199
840
549
921
293
585
561
48
738
594
674
671
848
993
152
214
863
17
535
257
713
777
939
842
588
187
725
414
657
678
378
406
574
541
641
374
661
728
934
53
553
978
833
293
957
579
891
459
653
998
817
340
624
681
638
159
505
504
361
448
774
922
789
468
387
997
123
992
436
951
535
280
892
967
495
279
814
502
212
894
863
330
719
581
706
169
949
874
826
459
444
839
954
900
949
550
424
487
452
237
336
585
220
92
511
918
557
765
200
447
420
851
375
297
320
336
201
76
59
220
333
192
348
321
843
46
890
600
894
49
506
233
611
147
888
528
288
139
559
25
838
33
221
472
79
889
628
772
75
279
382
478
501
226
790
844
325
189
619
622
103
9
529
962
25
399
80
410
463
207
838
116
139
949
926
751
229
900
161
172
894
795
935
461
1000
763
498
50
388
989
104
742
996
637
765
521
843
783
534
212
908
718
134
505
418
638
50
971
560
111
165
531
946
553
829
107
924
911
558
788
923
690
79
798
981
607
174
762
585
910
767
560
692
216
763
498
97
678
430
156
583
625
727
229
79
284
279
488
906
50
221
556
105
274
583
977
374
984
766
685
749
731
944
989
470
284
386
105
571
466
315
418
286
117
688
737
657
394
154
405
24
67
985
552
520
886
487
702
925
397
255
829
342
735
720
814
749
436
751
783
9
303
531
829
679
352
210
275
837
130
933
799
441
983
670
268
877
273
791
443
943
327
367
429
172
813
610
437
535
681
425
435
4
104
230
276
29
827
121
285
884
888
857
836
111
46
585
400
583
633
211
624
961
410
477
813
350
666
632
629
917
656
383
646
315
928
983
405
258
501
354
624
625
372
733
483
821
783
178
716
5
1000
767
442
934
521
779
421
553
995
489
969
574
867
567
468
839
681
5
626
368
349
27
31
445
753
251
826
192
87
219
829
507
672
948
281
433
650
14
876
401
879
71
309
108
631
630
358
534
385
63
707
573
666
602
255
431
153
669
292
260
166
211
808
96
216
412
120
716
638
566
712
149
115
37
948
6
902
892
705
252
905
118
343
141
232
245
985
998
673
45
51
469
769
172
735
886
917
775
69
691
434
428
340
860
906
353
210
432
999
274
975
138
70
656
78
968
694
994
275
105
571
950
209
83
522
302
433
613
584
736
432
969
73
719
574
325
151
833
707
74
134
635
39
310
273
288
919
359
999
594
319
500
650
65
797
846
684
834
163
817
274
51
117
250
258
453
815
416
996
875
963
172
408
193
784
137
128
253
200
341
185
470
874
301
181
724
54
970
6
249
357
156
870
220
837
119
421
473
487
844
989
419
26
185
641
923
721
781
545
677
498
229
234
360
619
752
1000
792
865
388
827
159
559
497
847
351
676
530
478
466
814
100
455
392
822
360
284
184
461
526
237
72
179
70
649
708
555
536
566
978
744
477
83
511
85
925
603
43
181
972
34
995
224
58
990
331
766
649
489
475
302
798
513
554
467
902
798
253
996
691
991
80
125
613
698
861
271
324
552
731
712
29
826
557
364
33
400
576
95
498
81
874
109
958
393
219
920
92
936
199
106
690
97
598
241
586
422
366
143
52
893
995
427
497
680
316
35
304
135
398
412
340
122
219
792
598
376
255
862
344
573
611
884
563
801
804
882
887
586
544
75
929
792
172
714
919
971
97
681
896
264
765
566
224
115
967
231
197
629
644
70
537
236
864
881
673
780
162
742
893
648
144
886
791
273
697
784
335
64
783
472
694
79
862
337
405
527
672
269
107
834
57
726
242
611
901
525
923
906
214
216
751
220
52
744
884
615
457
545
879
442
19
386
929
682
951
622
648
95
585
254
448
463
642
222
665
164
308
562
326
972
979
204
448
915
638
177
9
129
567
514
548
531
227
685
497
148
706
932
259
827
541
928
435
903
94
959
954
460
57
193
52
598
388
291
229
247
440
197
382
880
641
385
138
33
101
369
460
470
608
51
874
827
165
399
747
160
574
667
561
343
416
431
892
485
588
8
437
523
463
303
295
423
874
516
509
917
817
876
717
966
619
681
856
73
423
114
447
89
327
261
586
606
816
844
467
339
696
986
387
344
288
823
385
116
42
464
474
973
721
719
226
985
139
300
892
829
922
994
129
843
997
214
66
313
531
165
295
558
312
218
967
128
975
525
934
289
809
213
184
860
807
405
249
836
138
775
340
632
109
901
595
329
963
464
301
30
239
772
307
753
160
285
932
81
313
779
618
890
157
8
962
74
989
790
766
982
845
69
275
193
429
679
345
64
157
132
146
930
773
131
62
141
374
754
370
112
965
750
875
195
51
765
575
536
972
551
211
298
992
586
386
528
313
425
493
945
447
95
337
902
869
887
8
863
533
669
412
896
541
72
533
51
669
649
422
155
878
517
624
514
552
363
220
335
326
296
304
270
360
582
656
196
107
328
914
191
927
40
80
550
156
309
992
317
490
987
523
315
869
735
785
432
622
868
134
585
667
874
701
897
98
7
605
394
248
432
702
471
130
16
467
167
428
346
58
993
699
234
234
547
759
99
501
221
473
928
884
344
802
990
301
935
367
170
937
562
735
421
981
686
391
461
806
183
446
365
425
218
825
327
573
714
146
747
848
338
117
157
201
770
624
136
901
938
68
139
524
20
259
727
170
153
127
597
436
993
664
58
76
157
127
788
902
444
658
551
100
554
18
992
376
131
231
451
851
407
633
646
138
107
875
755
622
869
363
82
779
236
329
216
998
211
666
271
242
759
452
879
735
468
745
807
601
929
451
517
487
935
616
916
568
627
347
943
641
226
14
316
545
738
906
876
408
401
890
341
415
990
18
469
403
948
559
63
57
257
662
293
327
434
282
825
39
377
524
438
287
597
429
972
839
87
227
410
874
460
887
822
636
358
70
221
630
911
112
578
260
673
975
772
770
415
117
491
139
44
206
780
70
934
536
761
92
671
866
149
428
843
683
990
599
773
116
753
431
658
95
38
373
39
905
760
4
239
24
872
144
290
959
18
421
103
920
525
387
120
412
166
893
955
350
506
314
753
91
543
681
830
839
557
827
149
858
839
580
55
711
981
703
919
422
159
454
283
603
185
820
886
595
284
91
606
346
418
974
243
597
84
682
729
904
949
388
591
483
99
208
761
155
337
493
736
55
677
254
673
0
203
919
475
698
579
560
34
352
68
796
598
523
597
434
162
917
329
575
224
429
316
654
423
941
777
402
581
469
400
147
73
386
950
285
473
83
843
319
878
576
894
935
725
571
823
51
630
632
685
591
801
879
474
767
767
975
828
302
557
486
48
917
967
53
3
432
530
613
89
88
614
759
64
184
165
323
992
371
205
10
147
386
633
325
322
167
953
939
640
645
938
130
724
620
829
597
428
767
81
140
552
131
181
155
219
841
378
60
621
687
964
199
907
186
240
809
35
213
592
721
711
868
23
333
398
275
88
355
260
129
762
913
407
849
72
478
427
218
413
142
578
223
918
1
485
720
302
487
578
368
41
956
818
184
518
248
833
138
769
277
233
414
764
362
427
524
772
342
979
9
109
771
596
624
9
794
944
438
973
266
106
288
653
26
909
562
375
382
145
179
118
208
246
592
20
254
95
193
866
627
216
789
554
803
485
20
116
172
673
409
374
464
754
461
512
782
474
582
62
921
883
932
88
200
573
328
179
10
814
582
340
401
287
871
537
160
595
626
513
492
247
389
294
929
461
308
569
168
719
299
579
738
819
773
997
622
449
448
975
623
735
820
923
245
380
212
783
495
248
455
297
422
204
384
189
61
486
208
351
562
436
489
199
660
738
101
629
241
356
428
486
402
525
321
155
584
123
152
719
761
175
425
36
914
979
120
503
987
591
782
800
3
145
949
508
630
459
158
65
221
247
97
122
420
905
630
812
659
895
792
46
108
529
790
81
24
494
168
611
624
639
107
233
990
966
800
960
122
939
405
973
821
595
989
807
475
418
656
935
706
842
797
761
34
598
447
371
411
707
607
181
486
768
885
230
776
971
754
974
688
189
86
109
76
589
996
879
276
380
720
957
165
18
472
58
67
100
825
458
297
371
749
12
522
491
163
9
338
317
921
332
764
956
780
626
617
31
309
627
971
140
703
275
53
21
226
795
95
942
649
521
683
280
298
709
250
191
940
669
960
513
14
248
286
372
480
710
218
475
940
53
608
646
877
574
815
249
592
773
375
28
326
204
252
90
990
400
634
64
959
104
629
333
193
671
300
874
325
344
375
684
713
825
53
43
688
191
648
667
812
278
893
35
354
595
524
161
765
442
981
23
874
977
295
210
939
219
925
278
318
996
118
46
854
699
579
442
657
634
495
403
283
249
701
814
493
804
11
742
38
492
963
323
731
448
491
417
41
340
367
453
922
550
974
619
802
498
477
665
773
193
361
949
682
55
6
682
832
885
242
927
480
967
652
508
872
559
807
605
324
545
209
737
344
378
220
635
699
989
397
951
61
146
380
250
246
911
519
770
954
709
280
63
90
700
520
896
190
374
517
743
476
915
490
98
26
226
170
212
18
676
575
107
667
331
409
47
256
791
87
282
778
503
241
26
51
171
591
961
823
79
81
667
174
671
165
651
547
333
219
283
273
594
580
586
958
75
331
472
297
79
160
834
664
405
672
797
369
708
547
383
700
625
942
297
560
334
140
881
191
859
814
319
178
707
465
556
134
343
541
706
832
570
861
308
128
733
643
870
322
654
99
198
674
708
563
733
83
562
27
571
358
644
383
528
159
658
572
352
565
113
457
598
232
512
893
798
637
220
783
833
37
801
194
864
464
563
514
390
70
855
626
913
918
142
501
752
949
880
258
554
140
971
344
356
299
466
882
218
618
709
364
298
697
407
671
100
827
548
186
891
842
81
917
677
786
731
728
143
981
847
167
881
177
889
181
225
106
420
434
987
358
826
687
948
902
202
782
221
83
141
759
798
630
933
700
700
368
353
720
124
929
833
798
170
135
133
592
92
351
453
585
474
859
361
416
273
747
937
75
542
644
73
194
439
952
624
882
434
185
747
81
871
825
873
621
830
1000
281
143
964
180
240
491
328
735
561
144
374
208
215
921
67
414
912
454
415
88
731
105
120
712
20
940
664
592
580
927
985
841
19
805
470
72
636
891
778
786
797
995
797
539
289
613
958
677
931
794
899
358
190
79
352
786
989
510
107
929
667
444
573
698
18
910
855
383
946
52
532
478
34
955
667
294
73
254
117
195
319
44
50
86
92
965
11
186
208
775
904
859
808
335
714
135
831
415
258
303
632
979
470
56
617
829
840
426
755
795
184
92
947
420
99
250
771
610
836
928
254
54
401
34
445
461
336
45
700
912
201
314
880
364
631
961
989
445
90
25
838
168
976
849
867
146
880
19
727
500
874
542
589
33
380
583
363
143
288
466
629
325
611
792
95
693
500
552
451
188
926
161
396
377
162
383
141
201
901
47
249
412
45
621
583
178
635
348
758
831
929
611
987
924
519
675
317
397
776
430
268
780
921
704
320
69
463
204
315
602
237
377
315
378
46
415
872
399
264
177
107
93
452
555
940
82
860
544
555
871
128
926
717
763
829
4
636
352
818
644
96
935
565
532
163
290
201
459
643
892
738
860
641
411
633
48
174
397
542
88
166
896
131
964
483
967
311
145
525
89
196
217
49
321
626
658
366
601
381
179
670
240
229
60
812
387
965
282
738
871
814
654
988
330
32
254
935
917
781
923
448
928
437
677
246
899
772
302
178
824
621
54
361
22
976
787
19
599
256
679
530
683
318
664
530
233
943
574
567
33
963
536
737
903
565
724
908
88
57
90
94
563
99
718
946
727
203
371
709
4
191
384
372
240
277
504
438
574
377
247
775
51
881
578
393
61
927
949
432
449
53
107
412
437
701
159
26
29
668
805
858
753
698
832
193
800
576
322
189
19
444
65
150
219
723
311
690
682
109
52
686
755
782
188
784
669
321
972
832
60
211
336
75
108
56
145
506
587
768
568
697
674
473
721
861
452
506
598
978
452
407
828
41
613
349
236
284
624
312
21
237
391
183
257
227
857
986
833
195
0
733
141
750
462
289
297
365
403
602
655
270
129
334
345
81
116
619
566
613
115
908
761
841
59
468
282
18
45
945
872
689
403
184
990
354
209
564
456
748
172
585
919
129
459
440
762
379
288
953
183
385
920
351
584
437
335
764
615
71
946
540
309
602
261
891
406
846
611
293
872
89
974
184
384
236
547
710
865
98
988
397
272
574
868
453
542
498
32
748
682
249
187
809
310
575
380
701
116
470
126
119
645
609
695
960
57
998
901
400
297
781
599
138
574
866
507
686
995
440
575
19
736
278
761
596
854
556
533
694
81
812
744
929
589
227
307
531
560
996
498
153
70
671
432
659
148
154
306
782
798
454
646
802
378
973
466
805
298
727
408
606
385
149
537
91
113
895
146
843
443
305
383
505
966
77
62
604
902
600
543
667
174
923
770
978
368
480
61
639
380
141
884
568
346
272
156
507
807
101
397
400
75
91
247
648
619
481
994
991
904
939
283
510
799
835
666
376
376
407
289
711
481
432
481
185
322
485
250
156
639
47
607
531
697
550
760
81
421
504
720
900
890
518
870
634
159
568
874
190
387
535
116
591
708
311
293
904
485
22
369
695
361
145
381
995
147
434
666
235
130
516
542
526
475
959
820
968
839
322
372
672
189
498
83
725
278
115
238
848
427
368
104
795
127
883
528
137
501
439
121
204
150
936
107
488
452
334
854
230
548
537
495
945
569
587
124
598
951
522
544
966
835
448
3
576
130
328
191
226
127
22
639
364
616
71
489
40
994
702
968
222
405
293
926
916
635
195
987
347
944
340
523
581
370
214
210
676
655
499
165
727
775
925
597
307
693
614
45
475
924
580
444
692
758
815
466
166
936
205
520
258
830
504
804
108
960
937
946
373
16
625
712
82
256
520
429
713
735
781
114
474
144
261
403
505
633
670
5
205
597
156
130
348
249
568
44
617
192
571
918
193
836
263
52
716
591
631
481
62
429
864
47
709
118
987
204
419
241
13
517
438
664
761
823
510
308
540
318
608
811
78
955
193
149
922
600
740
721
525
907
635
745
163
442
959
43
829
889
646
829
74
258
165
843
338
58
744
847
634
362
467
563
31
953
219
708
245
894
366
332
736
534
691
363
673
433
820
216
878
112
82
325
694
564
45
158
689
398
198
546
157
780
696
455
177
810
62
491
849
529
850
586
984
849
227
965
3
197
146
995
947
969
127
410
70
38
590
353
617
308
684
66
142
125
250
703
443
552
773
946
646
148
126
679
362
370
327
24
237
822
540
205
530
554
402
441
287
763
912
636
800
799
858
955
674
662
533
425
240
831
143
479
778
83
648
458
10
176
273
723
840
768
28
470
628
884
876
941
447
9
437
866
326
745
127
578
990
700
535
883
395
105
557
208
38
368
46
680
185
292
736
310
842
132
48
598
331
556
210
489
603
880
519
761
696
490
267
914
624
24
272
299
59
841
558
518
176
496
638
881
912
828
380
821
953
388
459
313
636
244
876
854
917
230
709
460
895
471
522
98
137
844
559
425
648
136
326
848
728
949
908
107
945
419
893
987
971
578
664
3
171
196
968
867
795
631
453
181
314
406
1
415
181
365
492
654
686
691
193
923
857
926
532
42
67
964
903
49
357
855
999
967
344
311
545
564
857
189
135
201
582
248
305
988
11
385
325
87
826
853
719
268
606
802
838
551
854
475
79
400
320
855
113
786
194
370
273
405
424
224
644
233
695
868
661
598
184
126
309
47
266
686
461
321
615
399
946
268
635
90
656
238
873
40
124
679
201
367
63
548
916
352
764
861
177
571
460
804
671
54
872
523
801
918
790
533
590
976
205
809
337
751
580
112
530
221
116
703
219
974
715
624
843
457
247
941
279
671
548
887
585
621
123
451
162
563
363
722
64
665
470
998
189
106
747
429
60
288
351
848
754
783
14
152
678
502
665
792
334
818
832
929
219
945
723
192
335
621
951
870
922
557
197
273
356
258
186
43
574
186
616
70
815
998
360
63
221
997
467
552
891
584
306
996
112
637
989
64
61
836
219
855
356
203
360
341
231
975
41
545
119
103
258
534
219
280
652
378
490
561
75
712
526
743
204
954
656
299
225
476
434
129
217
283
268
50
914
380
124
573
958
14
458
427
147
494
144
52
22
595
127
321
282
248
477
439
97
134
484
519
147
596
300
406
406
946
790
489
978
152
736
948
354
806
416
237
623
165
452
945
459
870
513
129
45
761
850
814
643
408
783
75
323
989
629
704
143
758
932
981
725
871
135
904
82
916
324
521
936
215
480
99
818
181
579
988
183
2
493
46
458
107
408
509
531
246
834
565
99
972
244
277
939
196
600
831
854
394
156
46
839
435
901
834
923
335
471
66
736
213
668
788
492
197
612
236
808
627
798
472
876
224
414
647
696
953
4
196
648
903
830
906
19
114
28
720
967
925
626
425
381
423
23
533
366
510
754
821
663
185
11
93
769
310
110
318
817
492
742
252
453
268
121
132
1
613
172
723
746
351
659
180
266
370
192
262
684
813
374
364
690
284
496
504
639
858
894
266
183
959
491
459
776
972
921
402
908
299
719
379
103
588
606
246
91
292
663
814
950
1000
934
488
270
974
486
333
319
498
161
731
133
451
312
712
393
235
107
952
699
27
722
458
677
863
537
725
991
857
660
697
307
450
421
700
34
141
91
565
734
180
870
727
819
200
895
642
462
867
239
320
92
923
818
2
279
760
967
223
197
658
742
501
516
92
695
70
9
398
366
774
176
541
43
462
220
778
332
690
785
308
626
322
694
43
904
351
828
559
315
435
129
222
215
666
179
156
3
545
686
676
59
590
580
653
84
105
217
263
84
120
668
295
724
985
79
59
396
150
64
775
472
246
437
978
678
271
379
396
860
65
397
51
572
382
501
623
757
303
565
501
408
687
444
126
72
40
66
565
67
229
368
199
204
808
946
881
268
255
149
981
238
2
114
954
123
733
772
996
813
174
986
920
13
174
803
669
452
864
6
261
619
86
987
388
181
452
656
728
414
975
827
56
715
608
637
653
303
919
147
832
597
744
932
142
70
581
836
320
370
982
9
320
466
800
393
454
680
801
429
691
70
628
645
51
361
31
267
959
762
138
257
56
499
951
901
180
661
425
352
503
598
626
805
236
401
95
410
589
453
86
155
218
664
281
541
953
176
997
89
886
722
692
331
86
408
570
383
204
428
344
130
241
961
782
364
710
601
681
573
60
340
271
822
226
213
177
875
318
230
376
341
961
176
751
412
364
822
922
923
672
984
54
864
831
735
982
32
381
985
316
419
284
671
254
852
41
598
15
553
522
325
26
382
628
66
713
550
915
5
598
64
13
872
920
865
275
496
510
920
51
61
11
982
145
267
96
272
418
87
596
53
756
316
873
595
591
534
784
367
799
689
977
596
286
479
227
916
759
882
928
395
630
714
348
591
956
255
952
675
164
623
82
892
807
827
65
163
507
170
374
35
712
957
260
324
761
311
89
772
283
877
637
18
526
495
322
620
632
558
243
743
546
486
240
30
632
471
512
515
18
623
430
781
599
922
860
667
519
634
161
658
769
182
368
172
418
726
429
994
957
756
319
425
496
574
333
569
641
407
180
828
917
825
995
409
495
65
767
778
76
267
881
525
928
453
213
307
359
458
793
871
251
78
620
265
671
813
358
524
454
981
683
120
343
449
885
742
814
365
77
413
650
459
984
897
112
370
189
965
999
712
118
916
703
971
204
68
698
152
534
893
290
107
190
427
840
811
448
492
987
198
158
330
157
798
841
655
921
574
797
472
202
540
869
244
742
681
362
441
22
330
182
895
161
257
304
595
175
943
285
183
5
877
125
71
800
297
84
750
739
473
233
159
563
193
519
652
255
487
58
20
682
539
264
961
901
1000
327
551
392
183
944
839
224
384
789
75
622
181
418
369
561
37
296
950
815
498
5
579
953
780
98
342
696
219
306
370
246
817
717
138
822
480
771
902
427
871
198
942
317
676
478
997
657
197
37
370
767
338
221
856
487
411
501
413
35
978
496
347
900
998
584
73
420
949
242
611
988
886
863
549
901
637
174
28
839
485
589
986
763
612
945
517
458
130
395
707
583
287
999
297
674
220
696
392
165
420
558
788
686
778
366
43
187
470
349
587
368
49
693
985
406
381
391
584
751
782
413
69
999
460
470
4
874
885
808
480
652
567
317
96
708
311
529
713
622
573
674
772
424
42
45
921
473
719
976
858
633
462
231
17
239
608
406
956
533
164
721
310
212
652
468
242
484
249
769
405
438
965
879
701
909
269
36
520
702
391
609
781
209
438
590
464
734
201
756
79
522
40
779
350
491
814
210
844
302
730
250
718
68
452
637
667
830
430
177
883
180
10
684
802
710
763
25
156
223
277
78
701
208
374
555
616
136
259
902
769
962
800
21
674
466
259
365
737
38
710
957
7
158
78
33
964
296
410
288
650
955
151
59
279
766
3
626
342
953
706
429
846
889
749
773
175
766
47
346
16
891
977
563
104
950
806
495
930
443
247
965
870
838
92
717
42
421
862
299
486
362
663
454
435
448
864
45
795
400
149
624
31
54
30
36
267
672
811
358
922
685
257
726
81
87
824
536
713
975
284
903
181
128
900
310
426
240
437
952
714
220
522
156
857
273
457
382
228
711
588
816
616
344
731
802
942
37
512
566
7
320
534
778
725
221
910
514
270
411
989
851
492
420
311
230
671
657
82
672
558
723
556
651
692
864
233
352
214
539
985
906
154
621
233
381
496
839
18
331
122
80
243
502
450
43
77
149
173
96
67
257
862
919
837
875
983
501
183
327
34
811
931
751
913
983
64
197
733
112
740
526
715
363
759
554
379
687
885
267
746
55
832
191
33
907
655
396
631
478
958
362
504
168
972
156
838
513
443
578
769
819
436
675
431
84
12
175
729
725
217
397
293
82
743
379
638
142
530
748
562
337
961
879
145
121
736
726
616
662
415
560
925
614
531
921
714
529
556
235
536
230
288
603
842
36
196
757
148
603
122
868
905
451
879
990
150
431
843
127
610
115
120
939
935
837
652
672
318
409
323
248
401
865
278
391
749
491
672
711
659
628
902
148
915
318
29
93
65
755
49
722
770
318
726
860
427
455
256
499
609
965
385
7
371
627
647
445
514
190
572
102
556
177
13
46
925
718
949
343
923
950
974
912
797
30
493
579
690
874
908
224
964
509
358
473
701
196
843
57
275
923
900
321
552
351
790
98
206
362
89
878
295
728
724
605
852
54
154
833
833
619
246
196
683
150
359
412
968
691
176
960
474
988
68
294
987
553
722
376
386
722
172
226
240
374
724
502
417
167
386
510
355
359
703
828
482
986
222
523
261
99
371
946
912
70
601
454
663
550
894
561
893
852
347
827
675
169
127
62
202
8
902
662
672
368
481
249
848
345
767
566
239
465
551
216
860
201
933
808
566
383
64
289
804
360
248
996
339
787
867
673
477
88
516
936
269
548
956
193
303
214
284
403
502
493
706
800
15
304
848
361
380
535
696
109
893
931
598
827
341
424
598
871
508
821
169
880
150
577
811
658
827
629
82
32
299
342
549
174
626
734
797
195
111
939
175
717
297
175
642
381
689
794
19
74
903
312
901
420
576
71
832
265
411
736
244
527
664
390
272
279
292
959
558
392
73
70
924
324
167
233
669
439
778
23
882
689
782
0
7
477
440
46
497
971
898
876
310
849
113
284
358
798
237
422
354
285
805
227
743
348
1
172
136
643
485
84
620
707
801
878
385
420
756
269
163
32
367
148
506
952
926
557
701
825
598
814
342
811
169
818
533
38
758
927
260
109
276
483
788
916
818
100
67
309
329
341
954
209
341
686
876
206
416
798
381
376
463
961
40
176
104
762
674
785
364
631
422
870
319
850
332
787
406
543
49
527
113
820
804
631
706
830
542
943
358
944
370
395
931
614
668
379
11
806
254
85
656
9
236
641
961
9
599
930
923
306
120
89
481
506
246
728
407
83
459
420
909
730
728
491
478
686
912
795
277
595
772
401
216
591
669
876
291
837
548
408
13
887
429
983
282
265
869
932
627
514
179
872
937
690
940
348
471
775
928
260
534
322
465
450
356
428
909
132
261
677
553
99
12
645
927
243
74
935
490
273
675
509
297
988
286
567
739
285
944
602
848
67
944
7
973
736
588
364
153
869
981
158
173
990
954
173
330
985
316
856
572
664
646
428
214
378
628
320
209
906
734
912
749
571
547
191
124
365
74
281
103
16
551
696
112
221
449
847
784
367
824
979
176
893
113
395
612
370
54
350
818
672
617
169
534
114
142
243
63
277
234
844
476
798
281
496
584
66
831
249
6
207
770
554
266
629
253
271
613
346
129
605
833
260
758
200
755
101
984
185
887
81
694
280
65
998
763
554
220
66
833
668
162
894
431
257
600
913
994
485
935
63
582
261
454
640
171
413
684
957
823
819
494
231
569
498
934
892
891
331
938
349
183
222
344
47
243
549
67
464
715
796
63
870
923
721
729
983
561
348
783
297
721
124
402
755
508
971
458
126
441
576
657
763
461
668
233
266
6
679
516
408
75
969
674
444
563
872
114
75
882
176
619
28
247
652
353
429
604
513
428
924
292
749
929
392
210
428
632
1
394
765
120
161
