964
992
621
543
361
571
306
87
662
317
455
968
875
742
614
129
849
399
320
104
553
358
58
534
894
993
34
173
623
504
549
692
778
839
213
625
589
597
893
815
267
701
941
194
614
882
679
444
545
450
721
463
359
621
664
307
10
970
171
120
881
940
900
625
203
730
77
819
476
884
879
325
951
652
379
458
264
330
318
978
32
902
519
525
335
167
144
560
197
21
758
756
144
187
530
778
982
753
738
733
61
860
815
994
928
964
153
290
891
820
504
491
83
170
941
329
162
429
273
501
427
123
574
304
151
53
725
651
257
716
237
689
795
899
795
534
109
82
59
868
103
431
226
271
932
251
270
702
578
506
168
525
41
540
127
436
380
810
92
615
765
286
76
757
34
483
609
49
677
678
677
782
685
726
533
739
223
866
795
509
321
765
461
436
774
129
332
207
661
491
256
616
37
468
884
664
265
986
786
93
664
637
324
242
638
364
565
453
609
6
676
864
658
561
39
805
873
763
934
687
67
471
152
243
928
434
974
532
768
482
162
737
817
715
284
576
871
310
805
907
568
665
438
694
59
394
434
321
321
833
31
103
263
203
738
940
23
637
263
121
866
512
442
633
17
162
970
952
315
114
901
207
444
755
209
434
434
507
786
552
276
164
31
448
821
288
477
123
995
321
92
351
27
25
501
562
890
526
65
668
323
179
372
850
375
32
886
490
426
447
700
807
532
342
318
920
726
239
360
494
99
747
623
717
45
298
979
738
213
558
108
690
104
81
230
456
553
309
885
862
96
844
194
474
44
965
773
411
997
871
206
689
528
370
918
59
655
387
849
925
268
286
556
95
529
87
157
336
989
355
458
563
579
939
590
388
266
503
828
620
330
36
238
980
963
240
736
837
562
376
629
481
171
639
925
773
764
651
171
231
733
58
198
908
622
401
428
681
157
221
706
705
266
624
403
346
934
178
247
337
190
302
605
739
641
351
6
41
578
214
212
140
529
598
785
604
81
400
779
704
74
992
232
736
956
216
703
779
905
169
322
474
60
571
141
352
293
886
126
85
333
312
73
10
183
218
570
30
684
969
863
144
666
803
665
816
635
402
852
964
816
870
965
831
83
71
877
96
615
27
718
875
33
886
207
783
820
345
420
717
343
890
64
909
703
32
441
238
115
876
382
285
301
501
783
748
706
576
13
58
252
558
23
701
601
121
141
306
76
84
435
152
493
615
52
554
152
175
838
761
738
389
817
376
697
324
300
540
7
457
847
993
195
957
596
246
153
972
107
199
519
866
458
728
722
459
327
484
127
618
793
645
292
753
531
507
381
689
92
849
912
192
879
372
843
663
123
810
639
905
523
807
193
445
303
651
290
818
750
654
635
200
48
875
874
466
465
311
371
22
368
286
398
288
610
55
187
144
598
491
26
840
569
767
383
689
684
107
720
622
868
391
859
863
902
781
15
517
693
528
859
188
855
514
645
910
513
881
143
251
984
758
845
509
892
24
751
82
865
151
505
162
498
770
93
439
213
656
472
372
224
115
227
412
619
566
351
622
456
85
747
887
33
737
163
890
716
191
612
254
559
411
844
478
709
176
991
548
669
191
345
794
837
356
618
359
710
1
405
54
727
187
323
263
977
269
370
510
910
411
183
49
989
625
229
850
51
668
724
117
674
313
401
316
336
861
534
53
414
282
919
766
659
170
185
520
321
399
525
418
883
229
614
143
466
682
459
486
735
470
724
321
577
201
251
936
758
800
923
559
613
578
755
554
339
834
558
765
857
792
718
718
374
194
159
433
666
17
177
494
336
813
977
288
304
570
693
445
315
494
503
919
745
308
861
483
861
109
896
461
421
511
982
834
24
533
593
101
104
609
39
24
664
14
231
772
711
285
461
930
746
878
60
137
115
948
532
323
83
578
636
949
213
591
646
777
83
578
449
266
658
522
844
336
79
692
375
615
328
723
407
512
934
14
552
345
335
277
666
578
855
751
418
859
247
439
516
269
477
961
814
563
13
685
613
172
371
677
624
664
326
99
26
785
287
771
363
890
162
837
243
872
553
976
81
370
543
135
414
522
718
124
440
881
350
30
65
164
311
252
661
35
95
67
62
166
567
134
623
819
388
124
407
314
27
843
499
141
215
942
44
325
717
288
856
840
625
492
178
160
444
719
851
374
248
20
289
102
203
863
751
943
449
614
190
526
751
515
951
205
713
158
93
54
682
836
527
593
912
473
856
529
529
452
319
601
158
962
149
769
143
424
534
202
863
908
911
284
771
129
37
757
436
50
414
810
12
157
455
675
868
751
66
865
547
753
726
798
788
602
303
471
232
863
307
787
813
334
805
470
686
638
946
224
671
921
16
735
8
762
772
28
962
246
832
968
584
229
149
855
762
684
330
945
204
109
424
275
247
385
337
837
25
518
653
586
915
233
495
499
493
476
187
981
731
823
969
443
891
141
777
981
485
493
886
953
379
432
87
760
424
354
769
851
277
19
346
443
928
996
520
855
727
979
139
278
42
174
288
433
488
150
426
502
149
928
802
700
278
301
532
969
273
327
529
165
818
578
823
165
874
302
624
513
634
911
351
385
117
662
294
313
777
252
965
231
961
121
65
700
72
566
980
101
846
549
125
247
354
254
588
432
9
525
938
9
207
822
502
83
480
448
835
724
465
372
642
632
631
210
414
395
632
214
635
563
694
890
372
235
260
721
364
446
304
521
469
795
11
775
463
804
118
909
807
677
997
51
885
686
949
837
511
800
801
150
789
907
99
652
255
136
440
828
673
497
775
257
922
629
295
674
881
882
578
636
310
726
931
19
457
382
241
562
27
406
686
372
855
843
491
838
405
26
137
481
339
506
578
614
415
133
167
744
193
557
796
672
463
29
490
100
167
990
126
469
866
640
989
810
346
855
26
419
97
685
166
666
919
311
163
868
594
367
258
785
323
412
88
495
68
920
252
930
318
299
663
871
325
543
923
472
126
468
871
228
448
21
273
256
112
852
922
984
58
900
526
382
327
448
184
351
291
777
438
545
319
464
548
479
464
589
232
485
665
619
982
824
323
383
917
527
319
847
999
993
413
448
552
149
162
428
199
201
489
921
28
69
903
780
502
172
821
288
476
658
915
404
984
95
971
268
822
137
609
136
585
269
458
786
960
192
889
977
574
662
261
465
983
897
516
878
935
958
347
364
44
258
907
346
714
565
507
848
965
127
729
588
106
572
245
198
480
497
840
382
285
571
1000
131
844
731
782
944
316
499
909
469
515
977
474
235
923
716
71
601
439
619
541
919
685
152
190
543
502
273
100
55
500
316
268
524
505
368
406
607
89
224
426
343
303
458
617
175
519
527
823
549
921
224
229
114
38
359
500
703
140
692
804
73
293
811
759
68
422
937
20
272
149
952
302
450
295
129
937
859
216
35
945
97
906
334
395
523
63
910
177
917
882
157
266
52
23
364
335
144
804
118
31
138
414
579
274
645
797
219
918
281
801
5
149
947
910
479
514
665
201
756
352
619
311
544
101
973
12
570
812
798
238
36
514
45
810
265
463
524
585
989
762
107
516
933
825
87
625
187
176
38
328
937
526
380
548
283
579
567
68
709
403
995
102
556
584
232
884
715
826
341
391
435
681
295
680
916
85
697
236
134
631
662
268
328
633
638
645
983
368
188
818
63
133
173
451
444
561
691
87
197
221
572
460
105
515
301
485
941
638
138
41
437
139
18
178
605
802
158
618
234
531
836
645
389
286
271
344
345
94
769
699
244
240
843
886
460
872
277
552
77
808
970
499
870
560
932
36
896
893
23
625
636
300
796
41
908
381
447
174
771
446
867
442
290
333
178
476
511
300
283
35
967
935
963
183
478
909
379
697
424
378
981
677
514
712
765
773
750
288
552
341
783
593
606
591
616
935
439
54
178
871
720
52
672
701
773
479
453
859
346
881
687
340
16
602
59
285
244
366
256
516
842
201
937
157
531
830
948
214
366
279
910
33
190
717
47
422
350
953
438
299
667
629
579
513
643
958
480
567
901
965
641
65
118
463
555
988
708
515
511
942
783
72
250
941
77
951
84
761
658
217
398
898
316
625
349
827
683
766
263
98
105
803
281
232
13
235
717
250
667
790
303
596
215
639
646
694
397
177
256
938
485
938
211
451
166
271
555
357
263
428
640
436
108
907
941
2
935
179
152
328
153
925
180
106
891
568
908
259
930
158
744
117
614
397
288
841
722
179
21
96
749
728
157
888
372
561
861
371
849
453
456
724
84
361
515
635
361
384
636
72
751
229
710
356
863
587
908
774
881
563
902
325
530
439
672
967
86
85
535
806
255
675
71
230
306
869
138
648
869
142
807
416
674
914
413
707
631
209
318
841
72
754
358
655
669
366
269
831
208
8
88
110
0
775
447
499
315
340
81
123
660
816
905
556
273
223
681
614
532
893
684
571
654
980
921
678
230
224
601
667
227
944
463
711
608
61
508
121
212
259
637
257
216
28
46
209
357
49
667
674
486
420
173
606
393
14
995
55
939
671
322
478
689
238
554
801
761
55
284
33
529
767
601
218
854
939
778
277
147
11
923
42
633
915
180
835
650
40
559
523
414
984
336
166
644
873
491
288
909
104
386
568
493
399
807
844
516
392
508
359
392
460
842
81
804
214
858
856
130
321
497
712
780
737
621
161
127
841
604
354
116
921
392
49
681
448
871
72
416
808
472
166
591
537
70
410
235
164
263
548
466
88
455
734
562
93
587
708
545
777
308
592
666
883
460
253
870
731
728
36
966
329
702
159
993
923
990
121
839
589
201
426
753
201
156
732
245
929
689
445
915
603
749
61
467
269
559
565
862
308
74
528
206
955
179
815
637
647
571
712
812
213
684
220
831
209
8
74
50
43
493
665
161
81
706
315
716
154
622
920
739
170
337
876
579
675
340
250
692
951
925
616
624
737
737
47
869
882
213
974
869
236
588
131
290
598
611
652
470
900
722
190
676
234
705
773
352
120
40
546
103
681
668
166
102
750
736
50
154
520
50
795
26
567
235
556
464
741
977
39
717
80
841
645
169
95
421
553
400
110
306
351
796
861
531
949
706
388
247
193
894
283
13
307
534
815
381
104
953
630
372
274
352
471
336
144
766
287
336
126
448
125
849
119
560
922
108
216
972
963
339
725
80
390
646
189
820
79
348
484
85
489
397
113
907
125
20
971
387
300
252
436
88
750
53
405
432
139
371
694
503
626
919
16
91
799
752
545
664
27
932
983
43
898
443
740
551
11
663
243
655
628
459
335
80
595
442
165
306
673
255
716
737
273
111
526
600
380
44
903
57
417
615
93
762
644
39
519
446
159
366
770
834
364
433
5
938
111
116
169
777
653
374
156
829
206
161
725
552
313
838
451
933
521
139
833
135
342
917
771
591
193
642
646
67
381
785
305
455
820
802
599
418
874
633
226
941
70
103
776
174
410
6
361
368
242
690
281
179
173
167
777
164
301
981
136
866
275
166
546
110
764
647
251
303
229
929
723
560
174
90
655
724
475
957
975
284
214
531
54
201
192
628
249
351
523
696
680
734
938
638
946
751
864
398
490
296
732
378
392
75
591
625
885
408
634
690
290
228
480
601
375
360
514
796
579
959
798
73
887
548
83
936
454
12
390
750
764
6
578
125
277
483
572
224
430
163
849
715
788
85
117
343
950
999
525
699
839
539
828
99
704
438
304
82
748
600
445
77
657
143
995
34
257
34
376
326
152
597
575
432
326
303
301
812
367
751
17
717
514
645
954
848
860
194
171
625
886
378
725
485
632
216
516
801
43
663
554
491
664
660
170
296
683
680
963
680
507
519
528
445
903
69
735
873
515
23
979
782
79
870
115
26
267
410
77
68
859
168
130
830
281
583
215
36
174
761
103
216
897
746
175
552
443
964
576
685
46
881
508
722
227
614
653
284
172
488
446
312
281
782
472
242
799
958
784
2
612
152
201
307
675
182
447
81
276
811
967
928
753
167
12
83
956
147
45
109
503
997
653
416
393
299
593
247
335
642
748
647
961
782
850
853
22
413
609
619
261
296
203
341
983
310
386
170
959
919
272
248
405
247
552
602
904
332
718
387
868
387
342
951
953
419
889
961
253
64
260
8
283
653
579
606
216
609
502
935
295
959
983
876
837
433
8
768
309
44
396
378
851
443
676
895
39
212
852
376
404
834
580
427
817
897
546
844
204
447
411
366
821
353
762
676
989
13
919
195
915
349
378
536
384
417
561
758
833
909
945
99
664
929
121
998
547
237
775
151
658
175
933
977
95
554
83
164
268
70
705
308
237
433
607
736
639
297
436
95
5
207
127
520
290
865
838
806
148
583
877
137
629
392
885
549
292
887
281
776
213
62
170
773
461
103
650
714
864
812
943
91
826
335
771
573
155
599
823
183
870
321
895
106
91
945
376
660
915
380
335
23
17
610
625
409
156
982
952
491
591
70
610
488
614
589
152
298
550
948
728
677
802
414
967
70
993
306
147
263
496
936
720
953
656
590
585
778
924
394
402
338
854
692
991
701
290
90
628
248
459
955
546
805
866
155
0
323
816
48
350
449
844
94
455
228
268
185
327
408
728
151
842
255
426
808
615
549
270
671
558
926
178
298
14
898
499
635
991
457
971
430
559
226
149
669
235
195
360
216
157
660
555
739
369
177
856
936
45
744
984
458
488
117
515
35
140
278
914
378
599
877
826
266
984
732
6
884
686
546
20
177
674
374
844
402
624
806
851
777
249
93
482
30
75
140
366
987
178
850
773
52
993
83
