523
532
730
941
759
779
744
913
593
276
209
917
209
577
705
503
316
287
424
931
701
755
736
581
401
318
677
557
539
994
898
297
249
683
50
655
258
111
219
866
568
127
577
236
643
790
611
508
751
611
60
753
86
461
891
834
427
15
241
691
520
922
457
953
870
882
426
330
73
993
463
694
921
275
939
621
779
147
719
467
494
442
542
997
594
433
40
148
806
886
989
989
357
265
495
415
449
869
738
241
689
322
337
170
649
456
703
788
683
737
831
264
262
911
355
191
340
37
934
455
150
253
832
492
785
671
260
639
118
974
121
685
485
343
319
781
567
95
677
240
263
687
341
184
233
234
107
627
885
679
323
784
415
751
842
377
125
46
784
753
855
54
862
902
117
986
101
191
44
821
378
309
268
874
965
978
506
70
528
592
42
206
832
98
905
908
725
121
108
948
647
521
907
260
980
540
890
315
663
687
617
311
360
655
613
863
633
44
330
876
670
353
79
174
810
632
239
483
596
342
446
576
880
452
13
419
619
150
4
470
40
501
970
588
478
490
557
573
479
354
756
588
350
105
44
313
769
196
313
673
4
711
76
64
719
787
625
436
10
972
113
136
931
536
402
371
277
891
73
16
736
443
624
676
104
197
472
256
44
558
673
141
223
815
379
417
955
689
547
275
845
910
871
171
92
13
641
618
818
193
629
57
801
33
584
495
39
132
520
953
544
743
666
650
108
314
222
671
56
850
122
504
958
86
215
0
804
167
162
155
237
416
115
677
530
335
911
885
86
426
688
164
493
75
278
297
428
340
463
513
304
485
225
812
127
865
309
5
676
528
746
0
620
381
382
414
650
108
560
674
959
60
778
204
45
774
623
824
494
958
672
911
127
97
52
136
569
277
506
343
867
664
151
523
346
506
463
360
457
654
131
349
896
93
119
591
379
28
967
541
907
480
61
966
13
49
841
666
61
838
990
869
246
868
890
676
968
535
543
50
739
990
927
782
617
669
48
300
522
732
349
386
419
989
508
187
49
239
946
849
442
701
765
31
784
68
239
512
210
985
409
806
503
54
421
527
408
686
736
795
547
188
758
873
157
85
270
452
506
130
499
154
692
437
169
611
588
481
657
902
904
937
586
368
409
257
727
189
698
760
641
606
799
55
488
919
0
185
319
429
7
8
307
163
924
736
398
450
273
817
349
837
242
821
200
825
305
959
616
105
101
315
155
404
532
997
20
124
529
458
623
653
156
153
569
797
406
483
268
123
20
654
321
883
341
922
156
472
622
715
640
848
498
161
588
417
845
46
660
548
884
312
689
68
922
764
248
24
451
649
767
801
467
30
384
354
110
284
828
966
411
723
351
206
255
317
714
471
179
467
851
911
852
489
106
866
10
48
35
794
675
319
157
501
545
246
364
117
718
370
635
532
744
688
126
72
702
351
947
658
662
276
245
162
259
998
114
35
285
366
774
980
428
799
93
449
962
655
327
204
14
786
529
185
933
972
179
604
685
98
858
546
634
425
924
130
981
878
851
293
8
448
311
840
848
471
631
685
73
752
999
62
263
775
582
89
886
56
674
520
974
101
714
901
489
25
709
785
223
461
219
73
355
746
469
450
75
888
283
809
16
275
943
309
945
865
903
152
609
273
115
701
169
883
528
693
672
89
584
185
303
42
786
708
617
318
525
842
666
485
420
894
42
620
77
552
462
702
761
133
239
977
975
679
72
430
527
272
430
524
370
634
781
20
734
593
68
444
212
156
585
640
49
181
681
201
916
559
940
437
507
552
393
232
744
898
189
582
221
572
856
249
737
960
322
365
317
4
353
749
73
810
561
338
521
27
375
32
754
520
107
700
833
137
970
110
158
973
779
372
484
688
774
976
522
484
448
446
986
603
777
319
544
46
102
563
283
990
400
404
767
827
705
408
22
168
956
389
117
110
691
51
106
138
317
963
425
541
945
361
720
524
828
924
473
485
73
21
793
879
635
779
647
450
877
454
970
709
99
872
329
817
48
76
599
367
623
205
802
109
705
373
699
700
113
633
27
369
310
552
979
498
61
554
705
233
90
258
566
177
92
928
389
200
240
584
854
185
478
377
706
748
969
226
515
641
608
58
599
195
271
704
683
360
141
962
543
605
3
275
995
492
797
608
99
10
391
504
25
616
636
338
156
942
447
594
93
330
498
14
954
723
846
133
488
289
950
95
668
31
609
834
196
572
720
516
52
171
635
647
166
594
669
130
920
674
743
231
55
97
351
287
871
933
230
237
505
878
178
779
873
375
478
283
371
618
604
657
240
49
127
961
927
482
660
443
301
517
58
344
920
502
732
576
337
542
163
982
909
55
829
771
866
871
719
114
656
128
430
445
513
116
613
273
116
325
983
240
602
240
872
916
106
726
124
711
881
999
892
978
409
931
396
214
655
369
70
30
523
356
24
579
776
275
418
156
792
824
823
511
432
842
629
1
16
195
827
36
346
778
317
77
60
604
116
1000
836
696
107
37
229
714
278
118
833
106
513
961
575
474
379
661
722
340
913
540
674
644
127
696
339
84
700
301
552
287
708
67
212
44
683
840
638
169
535
541
900
519
633
566
770
561
34
140
985
604
693
109
884
178
463
963
534
634
282
220
257
685
711
457
48
417
344
361
836
109
874
497
743
136
402
767
600
975
8
692
60
236
254
496
946
577
968
13
339
705
110
532
764
956
257
835
265
130
620
745
986
939
35
400
934
67
423
910
921
648
753
683
117
699
642
501
407
485
180
647
403
658
120
806
121
558
520
304
858
149
555
633
160
547
429
668
507
59
664
942
446
888
585
83
129
728
903
560
592
806
125
160
175
235
225
500
174
534
540
455
464
131
358
57
176
6
206
676
157
408
30
306
374
229
635
861
474
716
853
127
50
649
207
375
241
396
649
138
878
614
197
296
345
445
947
218
333
145
446
134
493
192
486
205
50
139
49
170
818
337
186
788
161
31
35
718
37
392
145
170
495
622
996
387
679
635
424
17
765
495
917
352
115
497
710
190
814
816
390
533
978
764
339
898
712
713
705
289
286
125
283
292
619
453
174
569
90
940
807
619
909
107
683
102
363
520
820
951
941
544
638
440
470
963
848
611
600
632
233
1
235
598
688
510
993
811
200
282
485
448
432
514
275
724
447
823
265
495
208
354
137
972
956
489
67
698
220
964
955
250
974
45
486
622
730
568
150
103
981
903
627
339
579
48
106
192
370
441
413
23
769
134
695
760
346
296
747
725
406
492
527
211
441
381
549
728
694
551
159
153
886
537
420
999
60
7
298
208
97
850
780
303
179
56
521
745
187
608
409
909
320
697
66
621
115
992
406
36
408
634
340
28
309
584
599
301
772
845
52
364
569
226
814
163
795
544
362
495
321
80
207
33
218
854
8
871
654
754
570
734
212
225
536
901
491
564
22
782
259
175
313
437
28
444
259
407
361
858
594
877
14
890
560
141
588
734
252
67
630
300
843
273
855
232
280
904
508
744
638
339
763
953
277
479
778
23
981
669
884
320
204
479
274
284
925
37
500
654
55
691
907
570
603
718
531
326
195
57
954
280
991
407
256
75
431
726
792
167
608
415
282
373
279
500
889
611
969
729
570
730
682
653
968
798
26
195
368
56
774
836
552
899
993
903
103
343
424
247
948
977
451
176
230
231
180
201
571
405
123
896
530
10
551
704
416
997
793
966
884
215
647
381
858
467
910
307
818
560
346
204
648
608
323
655
239
869
614
170
141
861
215
692
664
116
965
397
181
999
244
975
62
907
887
961
672
676
940
539
726
865
40
365
279
495
167
893
737
487
629
544
921
108
567
257
855
923
615
674
919
667
420
12
563
302
516
129
184
230
466
829
597
580
174
148
353
905
42
420
130
489
554
215
614
134
319
473
660
809
337
318
32
418
319
681
972
96
857
676
623
682
751
347
547
897
830
497
941
178
894
862
331
367
497
930
51
23
957
361
822
5
410
649
856
994
6
839
446
525
536
409
700
924
665
401
77
156
386
631
419
907
623
585
484
547
990
64
520
495
139
945
569
865
325
181
526
11
911
497
652
55
541
130
128
664
675
32
545
678
283
573
62
911
679
643
636
3
868
532
438
121
606
36
44
158
649
462
316
970
570
472
122
511
275
112
34
503
933
468
230
315
290
324
876
258
191
176
71
936
27
84
561
777
603
656
70
345
376
802
69
722
820
508
544
408
391
498
878
994
669
637
298
776
45
452
292
519
623
449
420
743
513
214
793
198
884
55
745
944
645
765
732
35
126
60
981
812
89
986
910
132
766
641
203
918
11
172
686
200
961
134
148
771
136
371
803
909
821
665
714
256
860
644
415
510
394
861
236
992
566
660
55
606
355
503
519
103
68
209
662
510
455
81
522
388
652
887
781
129
966
522
123
542
338
654
561
469
596
999
661
258
774
131
347
884
565
220
350
838
386
854
534
873
674
66
661
120
498
711
319
390
187
476
501
590
317
634
50
61
577
32
320
316
471
165
992
989
299
384
709
458
66
747
182
658
316
915
863
988
450
466
143
41
494
259
847
449
914
960
246
878
853
886
915
315
238
750
595
954
864
273
260
854
324
709
868
270
827
715
806
85
403
561
38
740
756
368
434
62
442
421
272
439
953
336
969
86
661
926
554
704
241
11
502
48
212
440
948
348
788
833
380
172
45
131
904
335
447
996
185
383
637
901
147
792
117
599
897
447
808
338
495
992
61
559
241
273
846
11
938
745
335
979
81
76
246
420
39
286
65
767
533
940
46
219
250
734
991
580
688
615
597
698
887
755
662
497
775
323
618
186
276
499
673
783
662
124
207
171
675
75
964
1
240
899
163
717
721
102
19
668
181
93
858
830
959
194
639
219
523
643
520
308
186
442
868
315
315
834
531
140
5
886
653
638
565
521
980
469
495
251
551
137
719
356
207
82
95
340
123
32
403
223
824
435
25
503
236
181
878
869
222
16
530
217
884
940
105
239
563
780
124
233
753
355
517
146
32
305
843
9
213
174
451
605
286
477
380
957
186
413
847
352
521
779
562
347
436
312
461
148
857
438
39
444
18
127
45
968
909
159
692
95
934
830
480
44
85
940
199
229
818
94
309
465
623
367
880
660
389
15
301
871
987
950
117
923
300
220
649
840
224
610
84
120
332
604
727
867
651
925
426
673
713
157
795
585
302
304
713
278
806
570
683
462
676
926
307
159
103
672
540
141
881
315
636
288
188
401
931
122
528
334
519
800
80
322
459
438
700
7
90
423
509
59
590
146
217
243
706
551
668
175
88
638
495
336
768
775
898
128
607
761
162
714
708
342
375
641
413
640
232
314
6
769
743
656
272
145
540
563
298
813
340
755
475
0
416
633
777
187
898
885
844
895
785
978
393
129
809
370
781
497
315
389
792
470
480
786
311
994
356
115
653
794
185
450
178
105
710
674
146
265
576
798
767
927
736
341
14
159
151
813
85
414
650
870
790
395
13
293
897
698
449
286
751
217
208
621
851
659
876
584
805
397
681
523
798
983
500
341
974
882
387
159
170
931
254
149
437
454
505
997
385
449
95
513
435
418
88
42
912
594
607
934
464
959
268
528
971
776
839
531
57
958
643
522
506
281
147
229
954
898
812
127
824
224
989
935
589
496
113
295
954
179
720
794
558
886
893
327
57
45
947
425
964
619
775
334
194
161
271
486
657
763
387
352
853
970
916
189
754
411
741
605
175
261
579
321
660
759
143
286
985
996
647
796
136
169
539
343
174
451
479
921
17
278
687
619
905
3
89
554
865
199
4
830
423
398
803
593
179
253
692
585
473
682
870
79
493
963
796
270
906
481
518
930
747
665
728
775
970
488
892
777
324
951
917
2
430
503
494
45
666
870
347
962
857
625
54
440
143
402
161
325
340
560
164
363
961
253
626
766
2
206
303
28
821
292
445
558
488
25
482
490
12
363
555
189
573
737
718
434
146
235
801
183
868
439
207
210
645
338
841
800
877
927
273
573
551
434
160
213
185
490
333
441
899
471
36
37
438
598
302
184
44
257
63
899
460
458
120
779
526
562
297
419
936
190
824
374
826
64
561
404
588
683
426
381
242
456
368
247
71
420
359
326
777
382
13
254
486
8
441
499
95
309
761
599
440
837
289
926
484
542
532
638
164
404
185
91
456
147
832
732
965
747
256
932
684
891
843
993
536
525
467
371
733
761
970
730
939
732
440
836
50
653
4
303
534
40
513
336
243
755
423
797
240
199
309
955
354
51
136
372
658
137
813
777
760
441
885
467
288
131
662
173
674
14
589
347
325
764
765
53
571
554
653
677
970
316
762
624
350
489
458
868
280
565
279
746
128
490
673
629
716
784
820
729
822
358
510
161
897
996
212
9
855
284
975
946
301
197
123
169
570
628
81
462
621
836
456
562
911
753
405
820
642
767
611
118
100
49
658
941
500
570
801
702
445
279
293
809
529
146
199
65
277
954
152
301
385
683
503
509
957
803
673
102
788
947
307
288
109
840
927
603
734
762
247
995
692
615
830
900
433
306
554
944
138
672
295
926
647
371
580
15
782
193
118
937
416
494
44
598
806
954
572
33
18
877
934
542
988
658
274
457
689
847
971
647
40
598
910
439
630
200
314
122
545
662
594
64
923
82
32
93
637
965
374
568
107
160
689
492
1000
675
227
119
314
225
975
754
506
215
782
903
220
885
413
168
321
64
512
775
39
128
182
291
456
954
361
792
108
830
984
400
959
122
480
709
915
900
513
418
432
797
152
48
848
351
694
519
112
133
149
104
8
343
658
37
758
776
365
482
213
332
831
753
976
829
976
14
172
846
605
735
212
232
298
726
137
2
254
774
165
274
478
115
259
11
137
531
983
433
79
703
449
465
235
759
272
697
210
453
383
556
881
163
231
979
391
973
42
983
456
453
207
879
434
727
344
400
358
889
767
657
91
504
506
21
439
165
912
156
963
35
277
307
909
254
555
234
320
468
692
588
83
833
864
656
668
334
948
298
629
346
1000
424
734
194
242
973
719
232
906
615
217
936
204
342
741
877
12
82
640
649
313
986
471
179
847
847
230
449
354
540
419
578
84
21
488
659
101
669
872
516
119
51
893
646
722
550
421
510
594
301
577
305
136
538
813
628
881
127
277
907
578
169
191
863
355
230
548
819
635
247
443
116
510
250
353
865
439
299
437
772
630
204
902
753
433
39
862
542
449
693
129
338
295
866
78
225
549
146
526
376
732
723
655
338
904
586
634
110
225
239
188
562
505
188
821
555
672
115
442
349
909
236
569
497
95
550
748
584
118
470
260
930
619
362
366
445
48
650
348
89
44
888
94
423
575
185
27
59
656
501
324
133
36
485
232
232
473
522
891
419
127
152
323
737
85
14
387
398
809
350
522
218
766
71
445
35
410
598
25
430
290
942
55
907
724
173
524
611
776
577
177
122
747
623
800
99
402
472
653
489
231
566
744
595
279
446
872
847
162
388
485
628
803
176
949
19
600
511
813
55
998
4
447
318
286
647
340
482
757
87
6
674
144
701
575
268
251
675
44
348
40
431
716
846
846
372
755
477
984
114
177
599
845
339
652
192
29
944
204
108
34
748
411
585
423
577
585
253
802
421
638
871
881
111
478
146
964
318
487
604
71
135
33
959
798
485
125
746
514
329
240
843
936
680
983
221
49
806
883
198
537
10
969
613
784
713
936
815
23
764
54
370
624
734
389
940
525
837
649
290
731
669
466
451
312
702
603
525
182
997
213
19
160
576
529
296
203
190
699
122
556
277
747
698
95
442
203
127
754
601
476
633
254
999
758
947
501
211
313
199
163
347
930
729
685
621
410
24
263
754
331
729
728
534
894
567
698
575
892
82
416
9
182
115
945
316
161
948
50
282
119
260
473
401
935
820
100
740
701
370
19
829
797
957
896
983
689
442
253
387
510
839
753
613
833
334
144
704
541
139
516
14
703
67
182
526
515
562
323
152
695
135
995
838
184
116
461
566
705
199
457
853
817
285
629
941
860
48
392
738
870
91
211
243
256
811
518
194
755
364
571
829
123
453
30
736
814
13
231
896
435
848
10
14
931
371
770
180
201
0
773
667
625
56
116
411
17
973
87
622
460
149
201
508
80
460
433
924
899
535
70
395
977
477
397
904
358
132
733
944
258
20
346
117
96
480
983
336
677
601
367
235
775
449
205
565
704
812
915
429
281
947
980
586
90
37
369
647
602
458
463
226
435
833
263
801
997
284
907
966
593
790
168
852
476
653
868
504
590
485
107
559
826
885
615
321
151
405
920
218
672
948
652
292
37
634
378
140
203
687
903
873
473
113
189
279
367
357
250
283
841
447
404
302
540
969
993
145
447
141
430
776
584
751
395
347
235
26
540
34
103
757
88
735
678
637
978
351
53
7
471
368
327
488
515
48
841
70
546
142
967
614
949
286
664
124
45
156
605
507
78
723
119
650
21
257
972
907
696
726
49
282
303
447
514
330
500
814
36
298
485
711
163
993
87
856
953
906
492
799
442
675
60
926
489
651
614
432
808
812
40
75
396
50
58
21
971
736
399
378
473
861
271
209
210
56
529
896
522
484
181
940
408
902
65
525
754
841
503
298
689
640
249
229
734
655
688
399
886
226
216
508
523
481
354
649
119
392
495
293
614
427
963
605
474
135
398
172
106
984
246
90
625
935
998
114
907
588
51
841
778
588
203
789
539
993
335
110
503
6
31
854
882
16
524
504
8
34
538
610
463
592
836
645
312
827
667
795
869
618
315
28
187
839
158
299
412
752
208
400
297
589
711
618
543
458
86
332
151
460
440
165
178
195
792
944
91
715
519
546
791
208
291
185
360
174
979
873
873
769
274
674
951
275
130
370
536
107
700
200
475
185
619
691
845
20
152
141
215
844
464
356
998
471
568
184
976
450
533
850
32
999
322
926
464
107
442
804
748
780
756
797
204
165
484
280
627
910
985
951
728
455
8
991
893
936
118
116
355
434
586
426
227
697
517
608
818
14
356
262
114
59
618
10
561
46
635
559
