407
296
894
273
134
634
159
773
263
858
98
29
515
161
195
175
604
583
930
583
503
882
491
437
377
965
659
571
453
415
693
472
13
323
847
966
991
972
134
500
852
546
313
914
83
955
766
680
67
413
967
448
530
341
921
98
234
976
80
525
185
367
671
198
473
251
23
997
356
34
248
622
511
484
249
900
762
605
697
295
316
108
412
571
348
659
196
156
398
273
288
548
171
808
497
272
99
904
139
759
438
825
264
118
903
973
906
995
345
107
339
192
392
475
173
934
34
158
382
915
597
857
589
910
82
221
68
664
898
267
107
363
1000
173
555
463
14
252
916
718
247
664
817
292
347
434
175
219
342
580
93
359
592
815
992
677
784
141
532
155
382
709
349
597
948
331
465
472
592
669
422
154
493
476
68
227
265
880
210
660
248
590
885
220
141
665
286
376
313
236
597
548
281
968
638
731
457
262
142
428
692
44
817
388
904
216
792
735
647
883
739
471
819
669
482
573
817
261
651
262
34
79
426
177
76
906
464
480
222
267
752
284
443
623
259
479
480
756
723
439
356
504
265
464
994
487
436
517
758
933
663
974
882
178
89
489
251
655
321
44
540
522
310
941
560
772
684
806
553
611
709
268
950
589
859
522
243
753
704
856
75
297
722
747
831
660
180
64
842
108
51
935
878
274
51
261
999
434
61
51
957
787
777
179
876
446
189
198
902
951
351
227
986
875
108
745
719
57
603
937
958
665
938
900
600
187
494
920
836
547
570
38
588
777
813
423
174
809
499
975
274
568
262
165
310
168
719
543
683
102
838
849
453
618
933
647
688
234
607
582
60
561
737
414
297
274
668
288
660
979
490
656
644
950
87
330
375
911
173
950
22
361
947
664
116
719
11
289
9
455
995
325
860
903
617
592
633
580
989
732
210
962
815
559
593
80
45
306
153
244
538
830
190
660
53
300
661
957
390
48
461
608
279
140
937
86
730
625
266
966
723
725
227
800
541
545
587
863
152
141
380
948
240
135
504
554
258
575
453
781
681
367
589
454
645
671
511
229
687
343
325
564
516
203
411
75
592
476
956
909
283
766
252
739
116
16
947
347
579
915
141
604
294
204
932
625
138
245
808
227
569
130
116
254
177
736
100
170
291
211
78
820
49
47
476
225
551
92
230
202
120
208
789
533
788
949
392
416
762
316
937
312
777
344
317
440
864
948
875
760
902
974
483
675
463
602
916
731
645
578
784
415
470
633
387
133
499
279
667
750
917
940
75
195
222
109
298
953
135
33
948
204
628
557
677
637
723
45
92
465
254
752
144
417
158
981
765
649
907
358
756
991
794
824
8
36
854
125
785
451
712
763
449
567
258
669
133
468
393
702
294
645
860
228
861
630
130
143
319
767
748
163
915
932
542
791
741
46
424
793
986
624
496
482
753
88
94
497
960
760
450
495
807
497
783
727
756
601
743
480
623
146
464
416
496
494
507
964
273
946
60
458
43
854
328
263
17
544
758
459
341
9
866
763
586
106
844
868
877
614
449
722
533
930
44
364
171
514
290
437
790
995
320
496
710
154
972
796
156
639
67
152
820
0
491
436
761
642
202
252
37
923
542
904
50
273
250
765
194
136
55
387
195
823
216
324
903
428
265
112
951
979
81
988
29
818
536
496
180
249
396
89
462
308
233
875
991
222
777
277
29
909
830
562
885
464
27
993
225
481
609
421
766
737
297
993
22
93
923
45
913
632
652
388
823
236
178
916
472
104
823
573
888
341
387
96
419
468
368
169
434
225
330
661
958
287
394
544
849
878
551
299
115
951
733
877
281
768
532
765
228
44
190
886
449
79
582
633
56
534
892
739
87
491
778
813
534
889
127
651
788
492
184
957
765
424
502
218
678
222
224
720
524
636
918
419
247
240
42
213
20
357
632
927
746
529
90
936
618
877
49
154
1
950
567
872
289
65
608
789
627
608
66
606
74
244
195
732
222
892
44
486
693
825
215
595
696
908
985
974
341
993
863
712
294
204
99
246
581
172
616
508
849
803
837
458
612
38
528
357
686
316
178
738
1
857
941
504
503
694
631
166
935
11
876
508
117
142
432
610
292
69
873
55
522
289
301
907
812
50
906
996
961
789
477
700
715
332
108
891
957
251
129
643
452
571
107
854
79
118
806
818
141
419
510
273
920
6
13
197
926
552
174
608
786
640
526
423
250
200
256
42
169
557
947
287
756
654
957
538
743
278
758
277
131
926
492
97
61
600
627
109
324
875
465
272
555
568
857
238
103
477
562
488
42
236
754
761
185
316
881
719
296
535
720
819
779
913
607
485
798
887
454
555
923
12
659
346
204
505
18
603
947
590
350
812
793
901
456
614
540
316
641
742
443
346
654
390
806
577
971
325
438
85
240
824
983
358
559
378
647
515
233
981
70
97
811
24
962
805
346
142
823
934
248
865
529
281
854
861
832
754
848
719
255
439
568
983
92
203
898
817
22
269
362
495
441
725
574
497
606
770
166
717
170
729
366
207
469
345
545
217
883
360
388
57
544
11
657
622
815
371
643
340
277
473
723
255
788
712
622
527
664
804
116
236
42
943
699
445
34
516
979
248
927
440
294
945
889
7
676
161
157
880
506
441
875
328
294
231
871
786
892
738
780
169
312
450
642
354
380
328
321
460
504
280
226
150
820
507
96
483
692
543
611
755
742
394
564
718
163
999
299
392
470
605
442
624
90
449
407
972
718
303
102
385
392
580
365
706
598
885
298
193
967
604
413
170
414
974
660
778
258
28
756
714
676
501
399
89
171
352
180
254
636
266
54
671
870
709
934
322
238
571
249
908
421
142
359
120
372
393
815
310
644
859
674
494
768
242
540
603
260
665
847
747
403
514
165
542
217
453
314
667
19
730
854
651
200
641
410
873
145
958
303
342
571
910
832
788
818
296
74
418
145
686
477
52
395
87
272
775
747
834
141
917
67
940
891
973
56
365
905
36
807
801
203
799
683
163
850
826
616
57
486
533
114
980
117
693
622
808
15
264
133
232
79
365
649
266
629
745
183
500
247
479
878
912
348
227
638
518
526
419
925
293
640
90
864
96
836
252
484
173
118
925
762
496
963
219
930
729
844
519
32
525
980
567
625
276
474
621
812
702
55
793
525
560
846
937
581
808
439
644
66
34
9
771
691
498
507
313
662
791
257
485
713
564
272
281
65
585
824
271
444
327
514
515
88
501
228
78
174
891
440
886
452
523
318
974
698
838
822
6
427
766
280
878
969
507
427
253
606
353
810
755
637
631
587
724
706
108
45
109
0
376
186
367
491
217
738
908
859
153
695
406
183
709
405
155
275
320
67
559
260
211
198
180
753
434
81
981
56
618
700
349
936
387
806
589
372
64
519
56
991
822
729
162
163
828
316
160
442
101
586
139
311
92
65
754
710
766
280
357
944
203
758
434
550
835
487
758
991
680
595
696
696
862
367
762
978
829
670
475
682
550
6
937
513
482
549
31
479
248
557
936
323
243
49
270
862
636
425
85
307
998
590
56
304
866
449
502
363
412
450
675
224
892
145
266
487
743
155
83
115
530
824
743
17
814
192
985
369
15
467
296
852
540
809
428
189
329
177
153
22
140
413
569
883
335
608
25
246
643
178
265
124
476
139
68
689
634
196
793
716
384
375
59
791
335
290
164
910
645
846
563
489
31
268
632
563
890
987
864
943
304
981
542
824
945
499
557
198
894
960
305
610
992
342
119
916
564
489
526
852
77
861
37
313
391
750
805
670
631
826
202
986
32
337
234
563
235
826
689
301
106
937
985
147
308
756
43
527
824
772
828
768
703
698
846
75
900
201
71
100
527
750
207
206
588
977
603
51
569
659
396
386
752
526
101
145
653
919
883
932
687
260
463
723
854
632
337
800
470
252
299
422
753
199
525
909
952
687
182
320
350
73
471
149
489
722
831
876
677
952
671
972
656
298
676
74
774
345
552
905
688
941
659
631
856
488
312
90
432
479
512
581
867
736
880
253
970
188
76
321
427
66
91
943
750
703
811
204
564
850
434
128
7
866
383
572
439
470
380
875
981
684
940
673
131
504
672
354
916
761
71
463
225
776
896
313
85
103
655
701
706
390
634
663
85
80
519
460
211
974
295
851
448
124
931
114
67
542
868
964
549
469
454
640
75
73
579
796
895
184
342
550
142
999
975
498
407
49
472
239
234
320
424
776
94
724
827
221
645
276
894
194
78
501
326
247
156
838
348
61
74
726
429
656
785
923
589
188
520
224
554
674
608
878
883
960
4
305
731
300
836
612
328
967
605
484
598
781
995
963
809
941
783
481
466
860
506
296
641
123
935
180
473
871
491
260
672
354
811
696
903
977
359
733
456
356
794
93
111
577
866
971
421
717
43
578
542
871
537
612
719
280
599
176
111
572
593
476
758
491
309
106
723
49
106
170
686
570
264
700
173
829
0
955
61
369
930
964
333
711
562
760
422
491
876
695
312
851
55
982
167
72
781
779
335
807
633
665
557
56
436
922
739
74
774
786
350
565
506
975
515
335
648
218
492
282
185
119
281
267
962
748
567
552
30
289
888
125
680
159
443
362
634
675
7
452
356
768
2
593
302
982
260
331
348
236
273
643
531
873
613
641
581
569
652
825
164
310
945
499
904
828
63
791
112
712
840
51
737
579
615
8
691
304
910
69
791
578
809
284
371
580
113
448
386
866
676
124
617
974
613
357
358
153
691
71
911
420
614
112
224
130
873
896
984
620
880
983
773
843
854
980
392
540
67
644
591
383
317
987
270
967
816
830
424
912
998
453
329
279
266
533
372
423
731
310
862
113
344
231
684
575
283
915
701
806
282
901
163
829
635
965
927
2
429
465
230
643
839
336
989
319
754
997
647
182
821
633
556
727
563
256
891
489
39
932
566
681
535
485
239
486
629
771
8
260
562
163
894
189
977
355
545
898
85
888
258
170
510
550
543
592
894
183
320
419
652
17
291
646
965
480
203
726
764
87
585
605
942
218
420
170
121
940
606
135
776
691
305
643
104
852
563
716
402
948
650
807
982
688
622
722
341
19
160
445
989
568
288
658
860
822
365
818
403
660
436
795
560
639
449
23
998
450
994
700
270
870
28
258
235
401
933
397
996
362
330
133
845
272
419
788
460
671
390
439
634
939
970
319
171
697
365
506
616
714
452
564
909
12
716
602
508
439
712
975
924
477
914
568
766
257
249
236
725
511
818
313
705
491
520
67
237
578
452
647
90
908
909
408
733
358
156
87
825
328
162
866
757
105
299
480
344
55
192
961
761
638
352
118
162
283
966
257
670
153
121
365
627
531
39
127
965
483
125
591
147
721
658
46
925
634
906
848
851
653
209
874
822
365
51
729
282
706
172
105
383
766
427
629
870
164
444
506
470
197
306
221
566
33
660
449
886
256
981
267
934
251
904
292
642
1000
568
287
215
163
985
663
841
713
338
355
517
752
406
452
962
779
471
508
23
165
64
483
253
40
685
766
561
83
365
916
214
421
493
166
460
490
886
542
800
105
216
488
93
518
747
602
943
140
668
684
700
940
295
559
537
145
947
677
57
80
285
783
91
529
945
268
447
526
14
553
675
407
324
954
613
428
83
31
669
406
965
989
205
310
941
421
434
485
859
547
215
711
338
732
208
401
934
693
545
687
463
733
444
35
95
730
235
305
413
768
988
155
48
705
593
627
312
830
526
802
533
764
679
119
839
817
946
967
993
78
547
376
46
20
9
474
560
457
177
432
274
51
290
920
223
361
104
403
589
191
287
319
841
239
388
902
560
543
233
108
640
205
349
121
266
687
869
966
397
643
288
646
657
759
993
274
491
273
287
605
925
826
398
760
340
665
705
599
627
26
207
728
37
326
448
45
814
921
538
515
407
908
861
737
159
295
909
954
883
175
923
439
189
148
795
805
335
230
854
190
909
235
670
265
219
222
881
492
756
312
764
202
756
98
209
60
437
788
830
963
45
821
719
659
350
982
584
365
701
320
994
788
849
553
325
980
102
398
419
260
985
596
267
563
322
238
812
228
454
649
104
346
182
966
591
460
392
326
545
856
168
604
897
994
790
154
651
148
572
463
794
585
843
870
739
530
692
360
676
426
474
173
47
635
509
217
963
560
313
399
254
304
936
532
512
417
274
823
168
726
478
197
409
850
781
585
311
306
388
338
969
620
738
292
611
346
808
787
886
216
34
379
393
374
323
713
181
684
434
467
50
495
568
394
119
918
459
767
820
143
146
73
768
148
836
484
219
554
692
468
772
519
16
902
942
372
355
647
995
911
586
530
970
684
661
110
911
881
558
553
486
838
878
321
122
838
448
58
280
332
637
1
529
222
348
952
758
306
58
554
306
382
296
571
214
666
433
936
413
233
879
828
829
658
665
948
826
446
123
445
34
352
355
889
694
944
686
584
516
220
381
617
627
44
370
728
36
82
831
976
787
324
985
782
54
656
584
134
121
955
456
607
811
951
264
262
745
115
338
788
201
905
288
256
266
583
507
775
54
881
837
951
415
803
729
742
818
856
289
283
764
263
588
913
968
187
542
379
849
528
479
598
947
6
521
379
129
905
413
454
41
821
780
651
611
800
683
117
362
229
561
424
829
964
114
145
103
575
872
1000
194
430
205
302
501
581
345
655
869
100
176
543
512
890
267
330
148
566
641
806
142
426
940
975
273
766
676
60
983
916
805
159
673
480
102
493
105
998
29
714
372
577
68
475
458
321
644
84
549
665
99
443
73
890
993
143
473
13
176
48
788
211
655
743
148
302
633
470
467
851
7
20
363
33
118
336
740
480
801
618
195
545
764
175
337
217
824
27
545
96
993
657
415
818
157
410
520
817
202
657
79
280
644
391
893
349
627
754
591
836
371
790
943
11
289
417
310
28
859
592
629
11
245
538
252
84
826
284
774
75
484
395
761
590
246
838
761
749
69
297
115
379
272
811
853
212
732
646
54
296
370
750
435
106
373
266
295
751
344
629
766
71
782
444
503
25
440
928
667
184
43
429
56
95
815
365
79
571
167
155
180
88
395
376
832
777
986
696
980
277
471
207
563
555
471
551
524
707
121
552
524
704
130
27
348
687
258
387
48
594
460
982
890
176
844
935
126
198
319
923
418
104
252
902
687
929
890
563
655
491
988
902
857
27
985
517
102
507
393
690
398
440
733
542
282
906
501
258
200
986
985
867
620
381
165
708
20
121
18
258
669
187
419
425
102
794
725
797
363
239
407
662
560
800
334
60
994
169
558
171
537
504
627
186
784
287
43
981
313
205
155
598
57
155
74
182
307
325
645
430
304
831
74
815
393
842
270
630
528
740
637
746
794
180
749
34
571
979
757
58
275
542
980
864
771
670
172
592
847
833
78
701
686
258
422
130
32
1
561
870
444
544
937
636
960
943
448
276
947
945
109
190
260
646
303
321
114
320
265
657
345
400
288
985
472
717
515
893
383
912
995
878
868
935
764
663
142
282
930
956
399
327
858
803
935
413
550
452
315
303
272
740
217
643
808
841
219
698
102
913
68
546
229
121
873
929
804
282
484
214
622
178
35
89
497
661
182
737
223
968
160
575
916
211
981
276
225
73
291
73
159
863
738
227
784
165
202
745
880
65
126
943
169
44
506
499
692
383
773
498
141
834
16
231
289
527
212
22
872
256
225
347
168
423
674
195
705
136
440
848
979
946
299
87
435
978
630
953
149
122
304
319
896
305
9
557
992
597
148
132
830
960
960
924
498
169
347
573
725
328
380
418
624
674
238
318
668
368
559
170
894
996
416
16
12
436
209
50
866
517
387
129
181
993
638
832
638
758
200
264
454
741
916
435
841
891
255
515
514
485
840
433
922
655
504
130
596
77
736
655
990
475
991
607
688
129
962
798
278
341
171
499
849
783
625
43
170
187
257
520
353
397
205
23
541
205
255
369
118
917
589
704
252
180
564
5
497
554
917
603
824
682
129
963
466
151
463
360
574
254
378
68
141
121
11
432
957
858
147
249
475
733
163
365
196
441
418
267
847
432
403
978
30
461
722
973
737
198
259
529
76
228
680
428
535
332
302
661
603
179
115
244
888
863
956
711
175
816
563
27
506
704
471
934
140
886
135
824
249
220
669
536
839
70
313
206
19
566
709
603
962
778
713
269
774
786
745
926
384
999
384
601
845
400
797
358
78
919
582
906
471
994
603
650
143
416
766
569
671
116
974
420
27
851
509
806
656
576
356
912
756
515
256
698
745
997
505
239
26
916
822
616
11
150
48
517
900
116
945
558
318
683
285
527
547
333
920
516
192
779
669
467
943
428
416
772
580
153
51
927
818
179
143
198
518
550
123
773
230
859
865
113
59
876
304
138
924
668
581
707
671
807
601
618
133
628
924
264
25
371
80
191
606
740
734
854
227
368
764
350
515
494
392
238
893
313
786
342
53
414
116
754
539
110
300
844
910
708
476
443
90
259
844
347
260
50
9
111
371
922
709
601
123
533
812
84
701
604
591
310
326
332
997
95
913
570
985
79
539
806
619
79
648
537
925
39
102
833
497
672
640
406
915
888
598
620
650
604
981
472
617
885
343
731
273
538
703
452
680
231
775
310
843
858
959
360
978
97
190
964
821
475
656
588
271
705
132
401
936
284
42
727
687
615
150
937
739
393
892
236
785
884
368
108
150
292
18
700
151
483
709
282
406
971
145
896
642
217
151
862
646
389
929
693
380
685
747
316
782
25
758
964
316
919
348
88
345
121
612
979
262
681
355
284
829
747
336
92
633
628
985
99
299
860
196
427
211
225
888
188
395
712
665
619
954
250
266
443
17
811
376
576
469
973
267
841
147
531
109
349
718
339
651
595
431
457
678
72
731
367
527
151
337
245
183
398
505
63
10
461
381
472
521
783
981
271
398
586
152
515
843
205
199
686
459
567
34
356
478
879
748
975
569
167
868
962
20
737
139
578
720
900
824
577
596
530
209
820
447
154
5
376
168
735
661
722
603
233
687
110
207
171
624
480
949
59
201
525
793
566
446
727
774
803
933
298
18
160
786
592
399
662
862
167
645
472
720
814
701
276
175
937
591
500
297
355
648
872
848
88
977
936
470
851
569
683
436
888
500
193
580
113
536
33
99
331
332
183
780
133
116
138
875
952
197
709
803
136
850
749
655
704
502
74
360
896
159
130
11
292
745
508
348
619
760
149
32
475
354
553
18
396
715
786
173
631
463
829
900
295
912
987
292
201
837
418
71
493
650
651
788
938
383
866
302
661
619
744
30
814
889
22
387
724
796
891
129
9
475
212
510
325
937
204
658
25
602
680
454
405
866
438
288
372
39
998
606
591
623
464
226
147
337
466
319
691
794
453
13
505
340
355
539
40
368
953
152
868
545
926
647
354
524
193
487
363
378
811
957
481
919
134
410
55
196
28
654
435
444
376
526
4
207
460
800
942
767
594
812
926
218
106
74
69
199
741
394
791
628
892
50
779
42
698
163
454
680
942
852
579
675
687
817
904
255
300
918
72
780
149
318
126
267
317
370
236
449
386
243
473
969
97
171
96
449
989
801
9
277
839
562
351
999
683
213
771
340
69
460
176
792
333
504
580
795
499
103
553
538
961
283
356
150
900
517
949
144
57
761
747
855
628
191
367
595
26
373
257
469
54
618
167
129
455
62
684
69
431
52
787
582
755
700
91
506
181
138
527
681
889
313
950
191
30
999
869
773
104
971
147
441
612
876
806
335
496
122
758
258
513
888
731
519
926
43
960
196
401
701
751
854
365
466
975
54
264
473
295
143
740
131
260
272
78
369
672
627
582
123
258
362
339
442
701
264
741
898
366
715
779
492
497
145
120
123
191
575
118
219
989
448
618
862
799
100
306
563
181
13
802
685
633
396
483
451
256
313
650
840
249
801
364
450
251
143
849
399
154
178
949
804
930
395
116
127
753
656
942
40
47
892
582
430
576
456
110
774
895
382
970
805
879
161
398
404
828
745
163
38
160
984
410
724
85
370
284
766
747
360
883
659
994
593
388
642
159
351
85
747
138
447
654
864
780
220
19
249
622
227
591
244
219
988
606
558
893
414
454
379
241
347
328
228
169
174
523
667
302
745
652
685
476
256
317
465
450
493
443
643
851
839
944
665
300
9
725
862
639
790
82
75
439
676
705
621
932
972
500
190
699
473
998
689
273
823
508
758
918
339
504
312
77
940
809
998
312
721
371
814
185
370
392
694
978
885
339
605
187
450
858
71
382
73
26
501
77
592
941
570
315
659
198
772
228
737
230
532
738
631
827
307
412
501
356
26
123
673
675
496
226
635
337
65
176
251
536
615
27
870
747
708
704
681
470
934
284
114
409
11
737
784
186
157
425
840
364
887
947
16
953
629
177
896
868
294
200
755
790
923
878
482
351
745
574
34
977
294
500
141
606
636
534
924
849
561
797
942
951
393
74
608
79
227
557
111
353
283
323
755
935
541
91
386
430
647
541
53
250
644
364
700
556
679
939
132
873
894
778
509
788
359
809
98
745
761
456
463
463
968
796
642
552
820
64
449
675
611
540
343
729
739
408
704
244
867
722
453
867
393
736
720
712
209
500
364
185
294
499
709
965
93
637
687
491
866
50
902
561
674
444
814
880
128
182
279
754
540
995
708
970
702
492
295
976
256
734
514
247
266
755
216
814
545
398
251
663
562
617
511
401
835
839
272
690
514
94
703
262
78
712
459
88
484
520
45
139
852
313
150
397
939
338
908
985
974
939
391
475
342
292
985
750
583
440
970
888
484
91
208
33
35
966
741
680
235
411
397
857
683
351
196
866
493
185
874
7
151
561
266
863
291
993
686
678
598
648
49
622
156
597
749
262
985
775
158
553
656
726
756
642
155
887
200
949
226
654
62
510
799
427
382
715
831
713
869
564
575
415
140
956
978
379
263
392
656
712
714
989
892
458
892
10
617
451
735
845
504
393
661
500
354
3
593
390
461
317
266
449
10
450
32
282
448
188
139
334
299
94
396
959
200
824
275
304
603
856
378
931
484
736
991
426
552
725
794
941
363
599
643
802
985
904
401
827
364
989
915
400
41
747
81
407
255
888
728
612
515
775
784
967
504
31
601
433
977
637
688
25
53
197
868
528
153
811
77
155
624
289
991
48
615
441
574
719
70
975
209
493
98
321
591
290
704
272
753
519
480
168
323
638
694
172
363
21
13
213
662
263
40
495
591
364
375
901
537
179
703
525
924
206
392
578
64
934
752
663
658
776
948
848
199
146
483
308
885
551
211
655
300
760
623
456
737
