265
104
575
334
432
248
150
595
954
9
238
404
8
261
110
335
150
427
234
743
473
19
93
590
268
691
80
572
888
201
268
471
376
891
245
64
989
593
77
373
638
83
925
29
310
894
559
942
467
407
446
120
260
986
188
102
790
960
574
837
436
184
869
756
401
59
428
82
940
938
12
306
227
922
347
668
910
752
275
234
876
206
707
201
910
314
445
141
512
515
845
544
308
872
820
126
183
280
422
118
878
349
221
51
990
109
749
668
506
843
119
374
647
252
478
998
545
521
421
298
145
489
818
46
982
96
449
590
180
942
259
376
320
715
965
234
62
282
682
560
850
643
96
942
262
262
315
277
463
809
430
257
117
858
599
109
658
192
469
885
233
844
61
144
396
745
849
863
927
340
641
766
46
817
690
515
326
224
304
67
243
339
726
53
993
537
144
345
244
692
780
85
613
205
895
512
680
594
753
723
52
151
704
499
636
370
261
326
610
666
360
439
215
986
893
990
117
610
554
945
302
895
734
723
475
600
202
457
589
164
301
128
91
242
6
826
95
811
271
370
214
548
224
114
544
175
454
584
224
388
545
446
528
913
736
982
25
769
871
385
158
228
749
400
283
313
265
873
836
335
345
789
329
140
783
546
532
805
70
561
761
702
830
579
851
814
747
612
661
138
694
971
187
350
949
517
725
188
248
869
243
588
624
626
5
15
240
219
483
27
569
157
950
69
917
412
478
62
177
388
407
378
898
915
241
642
730
296
128
833
343
666
933
773
261
652
195
500
231
401
422
395
137
539
953
472
355
857
213
439
170
434
65
616
735
218
134
676
895
88
356
902
675
269
722
318
75
983
917
29
702
93
921
837
864
609
20
990
748
534
54
950
323
382
112
885
106
321
6
797
873
915
262
353
267
86
738
562
302
985
944
434
851
806
376
30
681
880
907
848
758
531
366
622
658
488
955
985
390
334
558
692
740
593
469
726
723
727
366
49
276
688
444
734
721
279
34
69
6
878
295
425
962
794
933
191
264
422
250
756
863
448
818
610
449
298
406
973
382
747
864
415
830
985
768
584
45
411
462
710
535
109
966
330
405
454
884
974
947
503
813
175
18
916
231
328
765
472
646
200
249
710
417
643
488
638
386
567
370
912
34
910
523
565
774
316
564
483
398
48
368
109
186
203
980
489
131
933
851
165
63
828
129
868
63
111
700
753
36
771
126
134
0
39
645
195
675
894
947
894
985
717
214
313
902
707
803
141
976
104
408
110
256
864
758
628
45
397
177
64
274
424
728
762
359
377
259
556
980
795
576
775
398
371
487
381
317
466
692
317
850
482
676
97
895
340
791
569
288
925
932
824
854
15
150
561
388
285
371
596
776
560
77
13
358
926
875
709
883
33
725
411
158
191
190
933
928
199
173
135
724
885
987
864
961
479
434
668
788
63
542
915
424
955
381
104
624
559
42
123
399
275
15
491
847
16
223
772
826
586
73
787
904
555
426
672
43
191
194
990
269
300
88
1
305
133
980
789
789
408
577
49
921
36
363
259
861
425
384
448
32
878
469
949
147
224
914
799
34
983
598
298
82
380
557
130
937
444
530
595
10
86
900
508
89
949
241
93
787
462
806
595
281
110
92
927
994
848
509
37
598
804
615
666
454
297
807
872
629
321
890
182
741
358
283
251
974
533
507
685
104
510
875
352
8
738
26
143
994
317
415
451
803
102
114
542
962
995
599
549
561
821
44
727
561
2
319
330
579
661
150
852
606
87
546
526
850
538
378
927
616
452
266
354
822
973
845
544
875
949
593
765
571
122
326
450
255
144
603
11
113
233
191
749
335
762
966
514
470
736
715
913
835
17
438
252
455
415
250
889
279
766
41
29
125
170
775
428
664
364
14
117
555
219
441
631
966
465
848
291
250
399
704
914
258
96
384
349
704
396
859
698
406
886
422
732
571
468
847
333
496
781
549
482
826
71
52
247
410
333
809
161
514
395
374
234
21
659
60
492
963
488
124
419
999
709
222
312
633
147
47
791
642
409
116
976
201
14
419
321
320
133
942
429
75
792
69
847
726
304
44
437
384
716
912
59
901
779
535
66
882
785
535
980
933
614
296
783
188
737
976
708
876
720
515
228
224
796
466
443
996
397
341
231
517
314
293
481
475
360
830
497
766
639
549
238
291
602
518
464
8
566
391
210
601
796
602
497
437
194
389
765
813
751
139
905
933
665
937
745
129
641
395
544
215
648
291
250
123
497
758
656
180
460
997
583
322
406
250
522
153
496
709
601
104
534
991
214
609
113
522
971
578
785
378
342
413
78
581
500
725
906
39
739
589
38
646
185
22
112
740
711
498
242
388
566
700
970
108
77
121
356
489
229
752
629
60
792
329
321
270
991
766
733
107
919
834
620
85
296
714
381
382
19
746
100
489
515
883
602
159
249
592
839
632
516
842
621
533
592
142
875
751
632
525
451
116
126
541
977
88
805
771
673
687
99
999
414
953
532
199
698
622
849
160
314
56
185
97
463
48
108
397
968
333
11
993
589
224
718
783
508
816
662
797
299
77
411
689
410
941
938
495
178
759
23
420
394
638
181
900
707
839
842
459
122
462
327
877
891
579
97
283
349
928
361
634
605
785
681
778
863
528
999
782
924
598
485
349
47
231
8
765
309
951
180
251
296
287
965
944
664
467
75
132
437
105
123
361
272
975
745
926
423
3
562
554
294
8
495
462
290
531
379
484
755
353
600
848
255
385
747
702
756
418
429
921
786
642
0
144
528
559
499
998
341
360
2
152
618
177
769
720
375
281
974
774
49
611
86
904
704
941
231
109
183
505
66
72
279
912
176
173
26
292
685
475
246
451
619
820
739
402
164
642
949
169
510
315
237
70
537
3
626
27
693
736
280
407
563
240
110
268
298
748
935
58
948
518
927
120
890
978
91
809
230
64
725
170
231
455
215
614
345
835
635
603
345
848
930
653
374
419
165
911
646
490
169
671
358
121
375
446
444
942
823
526
465
459
522
282
725
717
860
632
291
723
855
174
72
208
163
867
305
170
912
490
692
586
133
622
740
106
830
874
947
218
485
783
756
848
439
285
584
277
192
304
61
857
350
54
843
725
576
915
547
724
7
109
980
585
368
419
891
174
906
927
228
62
409
269
915
442
862
540
854
584
894
280
148
469
830
699
60
808
647
446
182
565
461
582
703
384
477
52
849
927
663
167
71
596
367
835
219
914
9
306
282
391
98
681
831
271
896
110
361
927
165
451
750
473
906
428
836
124
960
395
627
205
875
776
883
182
506
661
729
102
973
383
499
20
671
463
22
788
481
389
196
909
884
30
944
766
260
93
608
207
515
635
356
851
340
459
609
18
592
756
977
286
234
256
668
980
680
868
857
647
578
4
298
458
324
324
493
224
707
322
968
286
784
861
503
912
154
147
594
812
841
732
726
536
531
183
25
243
871
544
754
438
810
327
621
630
51
794
325
703
576
529
903
419
342
830
473
983
533
692
290
113
219
755
1
108
461
955
717
404
562
445
184
93
319
953
313
490
485
929
425
192
370
68
286
690
74
923
498
226
103
348
99
200
200
340
143
847
570
382
732
988
914
842
375
633
374
94
723
300
60
255
418
97
247
311
873
673
352
571
389
351
353
342
960
431
407
704
519
893
539
435
615
144
172
873
360
88
89
911
844
281
133
980
945
598
995
339
194
9
943
370
594
494
820
802
571
743
207
96
877
998
713
940
762
869
769
223
107
13
798
884
832
64
609
444
734
780
829
772
930
203
460
773
312
454
5
175
986
911
792
155
502
53
918
572
127
778
642
311
506
316
258
172
552
352
449
708
841
626
859
163
274
168
318
15
271
113
730
757
234
147
858
492
713
262
901
296
602
258
527
741
678
408
348
530
43
689
214
64
226
910
284
521
461
706
393
586
685
334
266
59
328
802
293
988
691
895
766
781
364
683
79
673
789
534
821
410
666
868
146
573
78
259
213
841
243
57
936
392
431
930
103
441
610
839
362
870
560
999
161
911
936
79
900
754
610
890
117
616
356
105
912
275
778
96
890
60
660
545
934
976
864
596
401
649
779
329
762
858
312
616
697
158
38
841
893
486
675
215
323
827
65
898
94
249
750
966
930
985
392
214
297
942
161
486
881
51
935
399
480
368
48
38
149
853
240
13
737
613
989
693
619
901
815
139
529
105
148
957
760
320
138
60
274
776
18
162
496
144
914
431
995
662
283
687
155
394
386
793
317
135
106
220
116
301
345
322
943
655
989
1
205
568
795
941
193
188
616
146
857
507
307
459
604
522
143
951
970
357
156
123
366
195
255
126
624
781
652
605
753
55
766
891
486
299
995
717
923
652
26
396
90
551
834
968
380
178
606
432
809
541
691
270
923
718
991
482
857
831
886
472
720
28
539
376
162
461
91
674
158
838
525
675
386
361
572
11
766
932
55
584
852
746
420
820
877
619
687
34
216
134
75
379
5
763
524
987
222
766
992
295
684
534
135
419
627
998
539
572
846
339
48
315
960
530
601
810
250
545
289
358
625
743
654
469
95
895
105
423
171
144
626
526
285
202
1000
291
305
58
285
521
528
413
626
363
657
835
531
694
417
449
582
472
783
2
719
196
478
126
799
722
620
141
948
642
188
489
572
489
68
139
169
199
653
161
391
732
731
188
787
936
457
479
516
528
659
821
556
744
694
309
985
439
401
250
306
475
229
612
251
869
292
504
298
124
146
745
217
554
980
158
601
20
625
990
479
823
806
1000
118
435
147
474
115
344
24
966
875
268
949
363
444
766
848
244
43
903
504
616
666
423
606
44
561
750
834
927
657
972
167
718
679
903
366
104
761
804
227
211
462
847
854
464
700
739
144
423
529
839
571
933
846
276
388
429
280
787
169
769
760
659
355
974
92
102
911
327
351
228
103
464
851
313
220
127
960
59
762
521
0
62
923
912
724
221
238
467
517
249
737
313
182
196
58
737
629
308
583
685
446
600
894
378
94
995
826
984
472
133
652
869
57
913
920
359
119
383
647
920
240
81
575
359
490
346
999
347
343
662
431
710
532
282
820
556
547
739
59
752
427
903
195
480
452
434
703
459
492
213
706
698
57
264
472
130
900
65
666
688
733
211
966
476
376
246
536
278
195
81
14
927
770
745
722
468
760
840
231
205
435
586
775
235
42
712
904
217
677
425
51
491
736
610
370
391
644
560
302
891
584
606
506
335
402
196
804
90
853
204
41
364
832
796
82
442
177
340
592
950
286
588
739
491
493
39
898
760
870
343
809
463
362
927
851
986
425
197
181
877
542
539
397
157
29
375
39
737
713
300
921
302
833
743
241
880
704
211
389
226
36
172
880
534
137
316
929
616
373
870
371
78
523
98
853
174
546
262
201
413
217
640
125
141
593
897
17
262
585
823
97
561
800
476
29
583
654
259
636
943
187
257
652
707
436
547
399
691
669
887
789
874
830
109
683
302
794
638
124
554
200
114
987
859
550
265
234
129
606
534
784
501
379
56
939
474
306
726
722
225
513
326
15
433
888
328
985
765
889
791
296
791
154
701
180
223
786
289
494
139
908
772
88
377
199
409
253
309
410
266
284
182
266
131
979
74
77
530
516
309
101
724
425
154
24
956
979
136
485
289
535
295
938
742
20
836
799
390
938
369
75
913
686
247
547
188
442
893
780
40
338
353
947
586
920
742
978
59
653
222
606
474
415
217
774
135
797
88
48
700
327
19
645
681
267
499
847
354
241
926
651
457
130
898
508
570
225
158
191
115
774
330
595
727
671
528
847
939
870
425
972
498
517
917
104
193
450
133
105
538
149
251
779
824
296
33
144
421
178
288
965
498
161
835
415
600
961
594
877
773
98
542
89
637
181
824
215
173
724
234
261
936
13
976
974
278
299
19
706
300
495
132
241
750
601
884
624
868
583
453
297
77
76
980
745
989
416
440
541
809
271
827
773
819
575
869
413
192
679
405
164
127
403
880
572
241
675
178
334
921
497
282
956
933
602
310
227
565
108
129
469
904
559
473
396
664
745
204
850
984
31
556
785
88
534
963
692
404
522
151
570
253
766
955
352
130
736
36
532
40
180
570
599
952
24
613
140
870
190
450
191
898
872
821
426
177
996
531
165
47
291
578
306
802
202
956
447
839
268
934
746
883
376
766
505
934
306
105
542
40
153
964
544
448
846
727
176
486
873
55
734
115
990
791
10
254
710
174
475
651
70
962
447
129
350
43
368
20
974
363
904
360
954
739
170
317
707
852
814
169
559
394
390
728
591
486
972
16
757
847
9
963
958
967
406
29
77
436
542
513
811
859
938
966
208
333
260
914
578
588
329
173
830
508
89
437
257
449
290
119
663
664
698
810
219
71
968
216
44
227
743
46
195
45
412
281
181
375
909
519
91
130
940
617
277
765
417
767
198
348
836
283
869
602
914
853
273
792
839
318
705
136
579
553
95
168
216
406
561
110
140
873
451
967
248
860
943
16
608
485
531
679
574
884
884
290
802
450
3
48
857
476
434
165
215
189
594
379
630
701
448
89
419
123
504
864
337
49
44
214
627
916
316
752
939
265
884
882
807
914
274
796
689
37
470
772
285
396
799
768
328
554
233
687
655
648
591
280
602
659
862
419
13
252
936
944
16
889
583
420
721
614
935
606
393
133
777
939
430
394
25
269
178
356
23
518
132
752
764
737
404
526
599
401
937
18
896
564
791
79
491
355
492
327
377
415
732
257
422
531
54
370
616
480
123
106
512
930
270
771
273
144
885
472
356
610
278
724
340
253
655
593
402
524
492
57
52
852
291
360
300
501
857
998
329
560
949
243
301
367
126
219
907
775
87
328
644
758
759
844
299
896
72
796
169
935
353
995
840
34
170
959
502
749
806
675
148
30
25
167
87
569
522
630
950
569
247
795
446
42
334
186
505
674
965
214
724
525
710
605
177
790
742
470
858
581
914
97
524
818
856
945
527
272
921
912
115
324
126
657
93
133
401
458
844
211
728
503
299
213
714
270
553
131
45
905
55
518
321
618
454
708
789
893
327
603
190
945
108
869
747
424
189
340
218
344
590
187
822
660
454
997
936
311
593
190
489
411
318
697
576
195
890
660
425
43
965
747
4
589
203
250
33
162
934
569
839
889
607
800
360
493
882
926
822
792
53
334
834
499
547
995
901
975
299
49
886
724
660
305
709
835
463
327
202
164
736
852
802
136
446
827
961
220
879
955
428
284
512
482
185
562
293
411
131
523
758
194
519
562
156
770
430
202
19
320
368
919
244
536
253
481
684
924
789
234
36
496
49
281
271
856
413
290
998
956
735
489
580
983
415
265
556
758
295
162
995
265
464
644
139
225
394
982
10
418
711
670
459
160
556
545
302
887
722
328
634
997
893
869
799
60
214
846
802
548
88
437
869
188
11
181
932
745
826
467
353
39
299
663
432
481
734
78
18
682
704
767
625
697
848
713
1
625
951
299
139
651
262
535
632
221
493
99
924
594
792
934
428
911
501
702
486
345
832
697
518
304
163
873
234
586
328
368
193
914
313
764
56
367
96
550
475
480
211
323
994
616
820
836
647
594
782
41
521
163
367
859
796
924
873
72
497
244
195
303
359
827
747
506
111
946
644
35
434
729
758
44
853
82
149
791
32
249
623
91
345
582
731
528
47
376
225
956
734
94
713
137
83
453
306
766
141
975
569
193
732
668
684
368
84
451
627
486
444
750
625
296
437
133
258
654
407
812
987
785
242
771
164
827
532
611
987
795
83
906
129
508
820
517
868
766
377
230
296
579
13
713
518
273
608
230
851
70
654
944
189
959
266
214
918
298
790
58
83
191
445
837
370
877
887
26
542
334
975
364
991
616
899
763
931
521
551
771
508
185
74
635
755
39
406
506
751
438
407
975
855
210
541
133
419
961
588
24
489
985
272
440
405
178
40
570
305
147
407
9
761
329
855
415
485
563
637
35
673
313
702
716
962
58
284
491
551
857
386
435
654
230
985
386
843
66
34
526
874
785
291
855
971
825
270
505
4
12
336
647
154
688
257
890
660
266
25
924
734
122
463
286
593
384
94
384
1
114
935
785
114
388
940
398
562
879
60
26
503
749
607
57
508
20
497
328
377
48
93
413
144
601
784
648
34
157
472
313
124
126
6
10
778
99
752
904
554
892
654
976
561
727
519
562
535
107
388
740
241
191
238
433
189
171
206
773
255
757
68
219
747
367
52
190
492
385
973
535
738
281
986
383
646
712
859
872
55
974
922
814
587
999
436
163
656
660
634
177
807
603
488
598
434
339
397
639
911
91
368
43
440
608
183
351
879
644
286
979
845
716
823
656
602
524
376
261
554
684
304
424
716
422
789
920
738
236
709
309
339
319
918
869
856
316
531
556
44
689
707
925
419
57
958
194
479
688
253
296
673
857
383
924
234
478
367
134
109
588
163
486
829
290
794
273
69
59
295
360
306
882
207
471
311
595
677
605
170
505
520
147
511
659
185
375
24
280
192
549
238
679
118
149
583
989
146
283
729
237
344
613
42
598
577
699
427
755
95
643
123
501
236
353
765
785
658
714
797
583
682
638
54
342
985
936
86
372
679
519
907
192
314
944
672
795
238
166
731
298
409
102
274
792
449
31
131
628
88
832
200
197
705
52
187
885
503
187
434
669
502
950
440
30
259
93
690
327
654
169
449
171
35
153
245
712
266
191
297
246
52
129
539
938
541
845
50
417
347
223
968
193
599
428
32
389
209
263
806
180
404
890
936
391
813
151
90
70
558
950
503
324
973
412
342
458
508
198
316
207
668
816
651
580
599
584
387
322
550
476
558
778
485
769
766
654
3
707
549
644
818
825
878
422
117
762
166
766
224
547
609
852
872
694
770
959
971
720
417
518
980
572
971
239
540
260
949
849
719
343
390
66
501
824
918
733
753
754
555
943
992
34
641
239
326
626
403
991
219
783
96
209
309
458
429
993
455
251
726
37
725
448
9
110
518
222
349
379
170
968
302
521
206
900
787
595
699
171
8
72
866
719
493
915
447
310
911
675
801
194
879
545
572
353
309
481
27
856
675
876
984
597
694
533
434
912
867
782
591
74
43
387
100
170
179
499
607
974
321
933
960
464
929
845
470
482
604
736
987
726
680
119
921
955
599
49
846
899
546
813
370
291
90
84
480
908
952
698
88
743
253
868
755
544
577
227
78
272
642
336
364
304
854
654
689
720
201
787
387
726
153
288
484
415
759
675
123
63
317
179
4
997
604
237
195
3
731
742
96
255
993
62
400
106
759
351
823
361
246
199
90
10
276
262
204
71
742
329
948
627
630
908
327
214
683
397
42
97
734
885
927
357
25
295
323
224
217
139
330
354
219
708
171
219
128
151
733
621
670
888
224
415
575
768
132
883
571
121
48
745
14
826
434
304
262
681
913
451
87
810
643
114
263
891
525
913
42
785
806
680
740
40
281
99
785
164
62
239
311
316
602
43
536
779
125
932
841
514
960
228
436
204
18
230
332
270
918
956
479
961
412
292
181
364
178
614
888
85
938
675
175
669
794
554
478
507
925
966
754
493
375
687
579
887
384
88
762
897
407
57
862
92
283
98
457
200
738
789
988
777
185
800
505
48
515
429
542
535
638
215
779
986
582
229
196
435
609
163
627
875
265
647
209
765
718
493
136
754
784
18
126
349
873
271
994
752
114
539
432
346
947
464
267
768
216
773
288
375
166
892
295
771
933
558
88
928
846
818
101
966
902
74
793
179
116
336
267
355
470
736
106
386
622
395
901
200
948
81
305
514
337
230
656
333
369
768
953
61
284
958
966
545
158
779
600
274
72
54
754
911
486
543
335
223
260
907
81
813
510
314
755
955
310
854
58
974
536
628
855
715
886
458
5
922
100
602
434
867
619
383
661
515
137
787
695
834
183
817
237
130
747
291
511
690
711
801
820
590
119
69
163
624
849
971
576
183
48
871
959
108
953
568
565
694
241
898
650
989
637
103
819
631
884
282
45
947
740
980
831
137
408
969
881
725
847
407
752
93
948
85
564
366
873
852
181
361
918
849
915
103
116
646
388
413
687
238
648
117
911
365
999
817
961
860
334
306
164
138
840
533
490
320
635
337
304
294
880
702
111
248
341
767
294
813
881
983
44
60
211
415
130
831
806
836
863
414
290
588
928
624
228
754
560
602
227
985
856
820
727
131
940
895
503
388
773
63
683
33
159
750
329
964
60
179
68
266
863
69
936
658
699
646
766
277
868
563
616
241
792
440
969
511
218
554
634
803
733
353
754
266
183
538
572
862
839
962
796
472
215
605
689
263
736
147
873
26
699
647
719
425
395
123
267
733
207
322
719
270
157
216
991
46
536
819
396
510
226
156
549
766
905
828
229
782
485
563
565
522
175
932
314
81
550
774
550
248
298
952
999
684
900
455
959
505
52
66
665
929
633
968
595
232
335
54
120
67
22
790
48
500
304
685
197
900
539
176
931
862
985
353
790
922
490
712
261
379
458
10
376
811
642
127
31
496
147
824
219
683
479
730
376
524
206
1
706
144
698
417
480
419
216
68
669
700
575
963
934
638
550
683
827
282
876
68
404
943
319
822
493
987
423
412
844
658
383
220
94
828
587
978
772
900
87
49
754
92
224
98
579
352
820
755
122
295
970
241
227
549
736
550
45
281
197
742
289
954
300
743
142
132
188
132
315
275
599
296
424
372
77
417
647
386
205
481
163
487
641
890
978
298
605
556
366
683
276
334
228
720
80
734
205
975
293
682
853
935
116
827
225
260
640
829
949
18
803
982
886
431
259
291
304
49
993
29
45
972
703
701
537
934
662
876
11
108
352
720
1
43
703
655
767
691
217
553
760
964
827
577
936
115
643
305
884
867
247
746
25
115
263
212
580
372
423
550
636
605
808
994
563
655
199
793
388
476
937
971
400
151
368
136
529
590
418
288
713
561
436
115
83
799
721
32
189
113
845
512
753
225
617
802
934
326
980
246
438
900
700
931
441
922
280
895
395
703
545
523
798
775
630
71
586
463
461
269
560
759
425
65
49
555
646
248
506
444
794
822
46
413
939
395
804
72
856
987
427
274
39
959
413
905
268
628
688
245
80
252
315
82
848
242
719
487
977
278
30
443
398
105
576
670
338
480
366
13
784
626
905
100
376
648
283
892
612
657
176
888
406
140
831
593
699
983
679
577
250
528
119
719
368
904
876
860
319
180
257
623
789
157
429
5
881
996
690
393
958
470
404
542
763
807
990
183
532
444
396
897
702
406
863
629
688
360
615
295
502
656
167
538
744
219
301
11
644
201
782
175
935
470
991
480
348
68
918
81
650
288
70
705
441
615
373
809
50
240
929
892
98
851
744
921
757
629
893
340
132
248
875
315
875
982
223
624
158
287
362
294
697
382
357
271
691
695
821
919
576
374
92
913
939
253
353
680
611
926
229
524
554
500
339
770
844
739
979
552
939
561
19
947
385
896
725
897
384
725
485
360
604
421
377
39
822
275
582
399
444
46
523
986
570
541
157
285
341
708
509
867
605
516
734
782
456
492
293
161
798
54
128
942
235
261
625
916
765
538
145
894
883
112
797
565
798
79
57
990
798
230
820
477
293
150
824
124
271
419
289
132
698
640
0
24
689
144
540
975
219
487
846
923
553
402
169
448
636
65
859
478
467
993
45
717
776
235
101
857
232
943
426
98
642
870
826
708
49
798
7
926
364
766
667
270
130
349
159
540
190
217
123
317
130
140
963
237
129
528
228
974
60
77
446
201
475
814
545
623
921
629
80
779
121
327
860
360
578
116
262
289
267
50
574
443
738
53
17
173
317
551
938
4
899
443
32
330
803
350
927
800
377
72
115
866
731
389
487
638
266
221
421
893
845
180
485
965
157
937
934
808
233
977
658
128
178
460
622
250
137
30
941
0
532
242
650
108
288
769
541
292
175
758
737
946
588
884
766
127
849
557
53
848
530
860
529
640
955
663
347
350
862
414
102
33
270
768
596
551
33
882
570
212
489
444
656
207
774
516
298
92
537
575
639
479
561
389
27
742
609
671
448
692
84
647
608
209
286
324
671
626
930
635
690
997
794
584
421
715
709
18
573
483
562
691
597
689
515
952
485
376
842
508
916
60
368
161
259
746
628
584
85
704
389
300
519
781
614
882
857
368
79
166
216
346
322
964
249
64
947
69
55
682
926
344
441
113
90
763
297
175
47
466
295
397
153
382
645
24
286
695
195
325
234
317
572
611
704
827
680
105
862
327
886
61
900
190
162
138
57
520
266
114
727
172
556
264
715
327
419
599
801
428
431
158
151
524
656
32
876
503
737
502
262
494
425
955
41
536
130
132
128
503
645
618
845
851
646
518
338
906
402
110
618
310
5
945
456
157
546
407
581
132
70
508
826
936
609
755
195
29
608
41
802
462
65
779
74
864
537
772
814
390
610
563
308
852
797
564
89
606
606
10
960
923
317
303
550
849
358
984
43
952
239
324
569
180
488
458
514
752
815
187
861
260
605
565
413
182
592
349
469
457
754
857
440
725
668
628
763
174
76
87
159
418
207
711
226
632
182
686
639
217
204
668
106
823
957
674
208
167
382
634
240
138
565
854
62
19
63
271
615
630
326
741
112
857
48
805
621
812
954
200
704
690
418
605
797
384
422
14
16
255
933
877
259
220
875
931
153
662
901
459
998
912
480
559
629
342
722
9
254
89
54
454
708
524
550
363
480
27
201
814
663
506
486
324
350
30
817
295
186
824
18
770
192
872
264
980
818
550
190
921
577
169
387
643
201
808
288
810
652
471
35
338
434
833
510
602
33
354
441
806
791
825
580
236
6
250
165
43
403
683
208
718
926
716
950
570
348
465
231
443
626
747
512
813
100
201
121
323
56
754
909
249
874
810
89
869
177
611
297
643
600
566
442
90
170
641
676
263
224
559
321
187
502
95
871
892
505
301
396
831
101
481
706
696
973
481
262
109
221
926
499
113
43
313
198
392
941
663
392
157
288
471
978
412
273
16
192
410
339
551
689
281
527
705
239
229
391
611
473
837
545
716
875
743
624
811
657
303
352
742
608
113
545
223
997
787
101
965
724
867
103
65
627
47
970
850
216
335
194
247
522
859
590
800
46
472
487
635
740
419
198
869
30
521
155
103
82
132
599
366
764
656
643
200
223
672
128
60
957
671
781
864
235
631
595
102
412
425
343
651
817
247
683
53
561
931
727
968
245
465
9
586
388
136
33
159
568
282
1000
118
721
781
989
151
443
649
607
755
292
120
54
61
794
474
30
219
433
36
635
733
457
131
716
967
322
943
809
723
772
301
323
727
885
65
337
969
544
96
873
583
282
309
265
546
811
844
332
329
898
961
978
669
891
452
692
959
43
39
706
444
47
925
59
183
780
714
459
750
464
959
363
356
740
876
640
794
512
477
786
205
252
236
510
720
901
157
867
825
17
343
996
58
75
858
551
592
917
808
193
485
627
300
952
576
743
112
282
474
731
497
601
409
102
235
496
653
783
255
420
918
703
