709
80
187
475
481
423
855
914
691
991
292
834
26
775
95
34
851
515
183
96
384
29
673
563
446
996
206
0
391
729
289
988
294
99
466
866
773
377
506
115
703
31
929
81
874
426
218
720
739
358
87
828
34
993
742
335
278
325
362
43
919
816
657
252
262
492
575
228
172
409
905
641
122
630
529
864
307
873
2
716
620
181
62
8
876
248
21
758
123
445
674
241
392
601
923
452
511
873
169
287
586
998
452
189
628
429
756
442
712
853
771
893
730
342
127
206
957
849
661
563
595
804
733
770
144
837
57
980
998
333
822
542
712
924
38
799
151
301
310
144
97
654
649
465
984
741
23
30
37
702
4
52
26
537
438
368
739
494
544
542
640
212
676
861
836
247
966
43
581
670
254
692
879
494
402
815
741
588
607
444
302
921
458
487
182
968
583
782
818
144
675
429
500
610
865
430
377
337
672
574
122
652
903
689
359
393
915
916
530
784
383
889
844
198
295
182
719
339
905
279
163
162
605
669
670
261
858
895
905
131
554
374
730
539
753
818
74
899
997
693
334
937
247
406
50
990
890
418
21
589
258
259
918
953
319
902
13
58
256
339
88
835
366
38
921
291
317
393
780
275
248
672
886
321
745
945
929
298
105
591
563
526
965
917
530
207
891
282
915
20
390
658
377
899
411
555
728
839
589
805
35
611
341
621
476
174
476
808
539
757
288
238
560
467
927
862
598
509
674
154
137
270
657
316
863
855
300
349
588
805
814
848
230
209
635
504
941
200
268
643
564
347
367
613
733
972
812
846
304
785
124
356
206
432
292
497
493
231
714
63
625
353
300
76
445
71
438
386
401
723
50
836
613
378
931
139
199
164
508
858
180
735
802
820
499
330
344
498
993
256
660
803
814
674
225
453
58
676
85
210
849
353
322
990
585
591
555
185
283
453
1000
865
125
453
450
227
510
349
373
190
532
547
849
491
518
266
377
596
117
144
128
768
941
799
487
86
657
216
639
944
48
37
365
515
775
175
113
810
526
944
302
571
585
78
691
689
859
551
652
846
759
588
194
210
105
665
505
949
705
323
948
791
679
597
742
153
225
289
56
522
600
44
370
545
182
932
527
913
395
448
158
413
322
235
667
968
586
63
6
858
362
480
430
250
108
935
307
228
923
587
771
83
193
13
400
400
91
775
477
291
935
403
973
908
364
984
504
189
816
352
519
513
538
115
750
52
161
342
884
588
889
824
877
436
78
36
477
558
336
58
742
698
131
855
107
374
3
310
958
356
334
583
711
914
479
802
148
217
173
296
209
369
990
373
325
109
713
494
576
90
280
562
949
586
17
119
575
997
192
302
539
227
998
585
894
212
666
992
288
356
998
666
777
977
556
892
380
802
145
477
381
4
197
531
462
137
812
36
510
935
178
484
731
336
57
655
904
742
900
212
227
757
983
238
439
481
586
270
212
416
900
111
86
316
586
537
308
641
457
152
720
543
674
82
378
277
992
144
324
426
436
32
353
594
639
952
481
409
57
576
926
499
845
205
493
936
49
248
888
118
270
600
621
514
635
396
817
822
225
777
123
551
353
526
255
455
901
708
455
641
961
339
892
667
916
822
356
340
823
512
773
355
564
704
707
462
88
87
487
451
695
240
367
387
662
243
903
990
281
814
987
73
676
585
531
58
187
893
788
970
946
628
670
141
579
658
25
988
242
418
837
137
129
674
244
172
739
275
858
903
225
219
534
418
779
654
223
968
66
874
198
941
171
780
993
443
246
85
342
797
100
136
489
629
861
535
775
192
572
66
528
848
673
930
776
433
65
751
623
844
48
295
894
804
204
148
312
238
813
549
857
819
157
283
645
867
881
108
900
540
590
889
452
381
581
223
608
384
944
655
745
769
50
329
288
88
302
945
581
929
904
567
45
809
373
91
266
870
636
116
368
910
29
368
747
341
665
410
771
983
577
689
917
197
349
966
403
255
699
533
483
961
617
670
443
815
535
799
80
400
738
612
881
548
977
804
107
69
465
852
305
717
981
402
600
649
457
463
909
805
683
400
113
94
833
231
723
539
108
352
606
162
384
261
39
950
682
273
329
776
523
3
226
407
694
267
791
77
969
468
859
233
588
52
85
469
938
598
217
497
326
2
399
158
497
102
128
226
789
138
572
571
1
921
723
326
109
549
564
898
24
775
185
821
320
860
200
801
554
879
300
57
187
214
112
199
120
673
51
337
807
485
417
620
307
246
50
393
842
169
905
216
521
778
802
880
127
71
54
511
170
527
947
452
329
321
634
649
672
431
717
82
15
332
902
859
488
427
308
764
686
78
573
426
621
836
770
7
674
573
730
321
218
43
768
69
872
687
483
464
44
721
256
218
140
548
710
618
93
711
185
393
888
808
796
400
647
479
153
64
707
210
763
362
343
603
503
847
443
331
408
908
237
151
674
231
666
555
756
463
651
402
666
662
938
132
371
679
385
286
897
39
524
758
67
449
750
325
58
30
917
55
117
686
701
168
494
749
465
257
527
557
50
477
26
917
102
905
801
987
629
217
672
86
113
26
692
931
960
267
839
570
723
205
210
327
141
936
324
549
211
342
60
40
548
325
261
123
364
669
2
555
678
251
563
188
163
770
602
76
411
485
279
780
378
427
404
888
964
201
837
232
828
378
860
602
627
105
176
107
174
656
872
612
472
568
189
460
69
502
442
145
718
719
446
927
316
862
0
540
925
206
359
795
912
578
220
787
219
901
616
107
860
838
623
138
506
308
945
75
421
492
212
346
606
599
456
930
932
581
475
583
486
940
252
68
17
830
438
131
998
512
819
684
505
658
835
960
419
648
454
442
40
55
221
394
317
821
105
256
87
135
570
191
879
542
558
955
618
315
955
877
227
425
719
92
815
148
746
5
719
126
531
175
319
768
82
104
577
110
715
817
388
275
655
58
832
259
838
418
812
454
737
312
446
358
19
64
204
159
178
503
726
653
538
82
881
882
660
393
964
799
736
395
886
554
884
487
810
420
889
615
905
160
22
125
530
933
118
907
971
558
843
341
886
921
824
558
676
980
784
233
446
434
710
76
406
25
918
264
632
85
191
964
934
829
249
138
41
834
635
180
332
755
763
83
231
860
639
603
33
828
311
869
364
364
374
686
446
86
777
377
457
106
387
405
542
238
746
59
949
374
248
366
400
404
768
624
319
269
508
583
13
185
292
616
235
865
613
481
923
843
937
650
249
274
671
494
573
992
765
709
681
912
29
830
407
644
938
785
667
174
245
790
167
540
916
857
959
779
843
196
922
23
631
764
802
663
759
445
651
149
725
726
757
419
267
873
295
553
311
405
918
997
870
201
268
273
974
97
223
683
852
139
155
592
464
921
863
661
108
660
250
367
142
860
896
348
928
742
693
484
5
824
835
950
754
843
609
817
564
401
684
77
549
773
747
634
772
823
484
876
17
889
604
631
391
971
351
510
683
655
27
888
492
975
464
270
389
502
989
789
502
370
721
468
859
965
560
782
341
833
224
777
805
53
418
595
913
601
27
518
22
862
400
942
983
32
407
768
564
52
718
552
190
338
106
744
320
108
789
436
426
526
114
1000
648
719
921
255
171
221
635
622
500
651
190
647
173
472
873
897
824
665
160
954
709
180
292
735
475
208
441
21
211
893
865
583
877
523
429
668
509
103
188
386
128
814
544
132
618
311
842
869
883
812
88
835
872
935
88
454
318
473
3
181
152
474
603
433
870
599
704
452
21
301
511
6
997
129
398
423
105
914
45
646
83
854
86
1
637
536
758
405
547
172
646
412
762
55
125
603
372
607
31
924
151
459
242
335
991
278
826
624
631
813
880
115
43
368
781
590
854
953
513
976
370
301
50
990
527
41
544
80
806
690
187
619
460
501
693
75
682
605
958
750
794
313
672
139
150
380
424
38
171
874
878
842
480
121
852
184
94
556
235
0
263
515
80
741
985
153
944
166
851
965
343
614
676
50
115
626
339
431
225
187
738
894
768
417
84
323
770
660
894
201
60
773
272
293
569
118
265
642
323
735
796
416
42
606
140
492
458
198
646
857
928
227
387
352
389
924
688
268
812
937
110
510
293
345
286
256
205
858
147
505
147
192
453
282
578
545
238
832
385
370
331
144
191
803
472
573
381
858
62
687
409
248
909
385
655
907
451
343
116
158
621
396
107
501
123
644
344
820
991
659
889
796
440
925
191
366
834
226
809
598
536
729
308
394
907
697
640
686
512
72
242
60
688
310
724
686
687
878
493
0
63
427
624
177
525
458
27
216
578
298
99
215
400
923
97
159
264
354
185
281
553
164
328
61
977
701
13
985
36
298
204
340
556
111
374
513
201
887
103
545
309
858
865
244
596
433
429
880
839
419
576
70
546
974
826
319
393
327
59
710
955
893
223
958
189
816
330
790
223
321
435
20
890
785
169
622
403
149
196
637
903
405
486
4
295
134
502
888
978
513
69
964
481
280
670
499
544
425
825
423
279
42
858
877
342
892
1000
689
801
238
672
309
267
692
944
607
422
216
845
201
563
9
695
483
753
451
87
324
372
871
7
941
886
24
301
230
161
31
804
416
230
825
926
299
986
958
538
650
716
33
309
933
302
467
722
705
11
992
722
291
922
462
983
242
871
558
719
850
432
969
231
410
821
183
915
238
252
720
90
930
589
887
385
408
148
601
379
675
697
196
623
423
651
771
662
572
739
801
621
102
831
902
216
690
742
26
725
306
138
265
524
507
435
450
244
547
678
20
952
842
44
478
811
675
951
57
610
272
391
756
555
1000
236
910
853
906
341
888
297
305
661
875
356
799
287
928
589
232
198
169
157
356
699
279
260
751
37
293
557
395
872
266
107
877
564
349
676
987
52
481
961
913
381
66
193
841
152
197
350
200
992
266
551
533
390
994
895
715
274
68
671
690
367
643
170
163
202
395
359
942
37
414
235
241
837
490
712
226
79
720
531
601
315
701
242
947
321
580
20
746
313
251
471
915
101
675
449
367
309
417
116
777
128
138
271
393
21
496
211
79
503
35
199
503
18
685
14
957
825
134
661
276
411
324
511
496
157
534
183
850
310
775
636
269
842
337
107
278
220
302
711
570
147
723
810
728
139
567
208
287
759
207
551
687
375
620
219
832
565
921
321
778
977
436
790
587
567
148
548
63
481
813
602
515
204
672
958
383
787
49
95
821
48
422
669
869
854
343
931
504
384
883
86
551
879
453
420
526
414
779
464
822
509
905
476
731
555
536
291
413
75
521
940
752
665
509
655
402
145
842
430
875
666
706
935
435
160
23
278
140
580
790
715
794
58
157
380
542
536
68
937
633
518
312
932
884
769
871
42
876
564
260
825
381
493
337
748
320
915
809
296
731
797
24
421
982
884
190
850
832
714
217
482
886
139
481
497
599
134
150
337
599
67
735
577
84
207
989
580
19
103
414
191
751
204
706
648
186
682
625
956
748
727
110
668
609
965
536
369
449
267
569
394
758
39
653
807
975
173
834
597
366
512
697
53
999
986
763
710
574
676
658
717
885
184
976
967
863
898
89
884
324
22
752
272
234
902
529
167
853
951
318
530
816
697
364
147
398
330
839
88
291
532
607
712
854
716
974
824
828
313
762
419
862
570
862
131
944
15
203
630
524
481
116
793
648
239
796
677
669
469
383
447
901
578
124
507
67
740
118
155
912
879
389
195
223
15
825
40
158
110
70
251
101
723
328
506
176
382
846
492
893
706
519
669
770
797
647
976
674
912
419
649
936
50
234
131
600
646
900
554
894
114
887
583
295
186
364
509
132
600
662
365
859
569
811
384
246
788
121
724
89
536
757
610
552
12
451
822
897
677
115
479
187
834
486
968
192
261
985
864
525
606
183
219
857
860
331
2
264
494
642
101
569
929
563
819
241
885
391
35
654
472
533
116
359
393
50
36
482
481
660
764
797
367
491
433
133
773
460
297
626
484
355
432
190
569
595
347
998
609
664
699
814
656
914
665
260
502
927
351
410
662
627
663
272
590
922
634
28
192
793
652
356
484
752
712
174
400
351
643
58
37
672
121
544
3
729
687
312
977
564
874
783
104
605
610
143
724
436
668
927
722
907
816
432
696
608
601
100
506
70
324
489
753
812
780
591
501
974
970
339
243
213
525
407
128
441
547
621
958
758
64
41
496
651
541
653
512
120
721
161
402
466
401
632
395
472
553
899
769
932
373
37
165
370
602
64
79
194
981
42
225
192
111
428
990
482
953
633
217
476
298
95
459
510
186
914
609
788
214
894
124
758
296
541
67
212
35
250
163
469
607
530
642
939
213
301
278
907
635
299
841
408
791
831
282
897
416
669
875
240
173
455
333
582
455
260
749
438
399
683
980
544
10
697
502
994
918
332
319
794
89
964
348
660
87
205
420
172
741
715
948
566
241
775
347
218
189
102
144
880
146
199
294
152
273
481
358
216
710
369
61
365
690
907
383
667
195
247
733
212
417
713
205
807
896
12
372
946
337
22
912
256
603
752
624
257
505
796
871
19
434
814
859
364
178
916
89
906
447
418
240
203
11
256
979
17
629
35
876
304
15
669
408
600
832
117
988
689
213
192
288
540
344
966
863
555
50
871
937
543
791
200
483
500
640
130
977
706
566
404
120
21
786
340
495
534
154
889
523
646
420
869
747
38
508
773
473
28
866
129
688
404
449
229
239
76
555
56
827
479
334
94
359
251
270
220
967
830
839
634
213
292
807
331
178
142
149
114
48
277
675
859
226
635
658
253
250
751
3
491
88
598
772
712
200
102
498
194
26
969
586
566
604
875
900
516
487
820
204
546
707
991
15
736
906
692
303
387
771
142
317
705
262
341
677
90
717
720
87
853
206
759
267
216
773
863
47
657
843
669
664
986
16
579
209
802
496
762
307
448
596
226
774
772
181
733
800
345
390
579
20
706
187
598
114
467
989
743
290
34
352
666
538
787
121
765
576
727
419
167
717
438
667
425
70
0
326
168
583
87
68
859
996
934
855
107
788
600
237
209
990
853
699
734
785
816
748
482
971
118
586
541
403
756
548
400
368
672
882
382
584
919
102
330
137
428
13
51
481
833
608
769
447
841
805
408
516
72
530
20
5
311
697
384
500
54
685
815
818
333
729
737
993
321
222
222
621
688
941
78
16
383
578
687
608
888
723
327
289
342
821
674
629
865
182
717
198
572
55
169
613
15
797
245
806
735
831
880
45
789
780
385
316
442
196
888
146
689
637
491
671
264
938
79
822
129
511
335
763
772
388
23
805
828
993
89
956
981
530
350
585
900
823
626
707
992
871
25
56
443
339
549
211
568
86
741
50
798
938
394
328
89
172
873
140
106
111
21
249
624
131
64
518
11
411
699
771
425
48
888
153
364
655
141
644
174
275
101
460
827
66
365
562
163
790
483
762
786
156
134
134
237
353
358
24
220
987
283
459
434
878
305
845
679
903
465
154
410
565
839
919
906
743
28
732
514
950
599
458
519
994
189
560
281
471
360
70
99
103
217
519
468
704
784
479
793
935
880
962
940
118
77
643
685
244
150
126
337
167
540
785
668
229
861
729
997
167
829
607
131
841
522
90
587
440
158
541
249
211
718
41
834
992
551
755
799
428
855
305
610
206
381
908
758
489
729
868
664
959
94
111
140
391
558
103
467
355
240
745
978
133
685
167
53
25
836
57
97
532
55
110
212
378
810
174
465
149
798
454
208
655
39
44
60
865
267
22
42
143
837
993
596
646
926
958
823
242
770
620
173
361
988
501
511
711
553
435
935
648
387
409
302
389
413
162
578
91
564
33
66
221
14
606
544
98
357
80
239
808
990
820
130
27
237
832
878
37
995
583
996
555
243
876
983
930
870
527
54
35
477
600
619
145
350
888
849
770
829
902
571
5
590
255
857
444
908
75
131
923
382
909
192
439
121
380
872
689
271
7
997
585
730
235
714
851
173
962
779
729
621
991
76
61
667
509
587
641
489
952
742
321
983
506
315
464
765
685
980
597
462
992
268
775
779
654
174
468
639
1
442
432
628
841
404
999
233
582
59
72
627
932
818
638
672
986
415
197
759
304
442
831
702
451
810
773
86
30
295
975
135
877
345
830
125
435
230
75
302
264
343
960
985
845
492
916
989
107
618
339
884
960
223
716
651
816
558
491
208
69
122
883
514
957
556
483
158
702
891
493
336
995
680
45
249
526
30
936
457
618
481
785
564
120
509
164
159
340
439
83
737
654
598
948
111
346
186
236
456
15
996
72
708
216
858
993
553
47
43
771
647
826
425
955
106
153
63
407
678
323
95
333
540
871
96
835
446
14
404
105
85
706
421
882
813
975
460
309
729
274
286
666
252
455
831
149
836
122
351
0
113
834
239
698
909
763
986
628
988
617
901
881
613
9
355
590
72
459
920
668
325
572
39
982
521
583
888
805
584
843
106
85
3
289
137
49
515
650
164
795
380
917
907
333
306
317
116
942
657
90
837
200
95
70
880
418
513
958
293
372
482
255
992
875
223
476
281
268
898
163
851
37
621
71
819
227
110
848
805
0
876
715
370
970
47
784
637
808
79
394
26
185
285
747
97
917
90
353
696
877
743
38
806
322
379
699
93
117
366
53
260
487
489
954
452
925
989
568
106
940
339
187
71
217
75
736
595
79
212
533
965
608
717
1000
125
568
997
233
636
889
276
27
33
221
340
886
737
709
453
309
814
453
652
532
689
775
919
318
324
885
750
471
936
414
477
774
665
958
476
753
410
731
72
627
448
309
593
7
910
358
887
184
7
745
47
208
528
356
124
217
601
439
352
473
681
789
557
316
935
867
564
596
637
563
950
456
126
282
956
938
539
290
447
514
397
715
339
783
19
353
114
990
336
30
958
794
472
622
266
463
28
663
490
38
518
342
780
233
175
467
802
445
602
210
369
230
956
278
587
40
317
619
383
138
917
703
113
648
77
367
842
849
291
180
343
333
752
62
564
756
314
560
631
834
36
385
401
192
350
487
185
236
87
448
203
291
897
875
583
82
220
870
147
828
865
962
326
55
281
86
490
603
173
206
48
755
90
312
784
764
935
601
734
910
49
874
57
207
429
404
452
504
448
339
218
342
291
676
783
337
13
519
652
546
178
43
865
523
855
67
460
646
13
98
711
534
229
94
50
727
703
234
471
805
101
196
846
314
964
719
674
50
987
845
509
888
723
776
854
940
839
829
104
553
439
583
164
101
623
841
34
120
4
634
229
575
553
776
124
799
188
654
338
592
381
299
415
166
512
477
606
941
244
440
4
61
318
120
42
817
279
824
748
237
99
411
342
401
864
861
407
887
725
787
46
883
81
891
210
110
361
915
701
796
88
50
476
294
63
788
307
233
361
269
219
676
701
865
711
126
89
862
393
276
225
893
698
494
560
82
258
468
312
707
436
729
990
667
302
882
465
998
2
126
462
697
300
819
230
136
522
748
298
604
464
484
73
60
788
894
876
638
567
548
732
988
288
261
653
128
93
731
58
74
629
507
418
288
144
671
489
0
94
527
358
164
514
58
331
998
551
873
890
330
31
953
64
708
45
403
45
631
23
347
558
950
727
71
840
179
414
576
763
801
338
158
578
491
798
350
862
795
15
939
642
432
818
3
877
435
370
596
215
155
890
632
716
709
639
786
182
606
156
214
827
220
231
537
49
439
872
569
902
786
2
467
13
398
867
184
301
65
903
626
640
641
152
408
747
997
878
918
678
358
269
516
887
674
846
969
219
287
190
555
412
608
616
490
879
456
607
566
273
838
487
726
441
823
853
213
573
305
607
1000
774
765
814
407
647
318
875
118
752
725
131
489
936
42
993
865
534
371
912
328
409
832
806
331
391
414
672
419
597
706
776
419
670
935
18
36
898
686
739
735
275
436
838
661
850
907
134
657
28
379
265
323
150
701
170
418
0
826
149
739
331
239
196
882
661
217
496
758
836
605
572
284
747
38
688
6
146
301
182
61
302
941
795
835
795
225
380
626
189
178
829
125
536
999
259
884
451
730
786
327
411
700
176
503
527
360
604
598
194
123
232
897
629
487
242
119
969
915
276
108
540
895
964
494
989
442
939
797
505
852
795
915
572
899
374
980
273
624
353
422
95
348
601
338
196
328
762
77
375
887
539
708
230
675
812
338
247
744
645
449
780
577
888
90
844
542
268
48
391
732
840
921
866
700
957
422
742
956
251
378
528
950
992
720
48
613
937
897
172
668
995
116
469
935
163
354
970
630
95
64
92
755
208
698
947
344
169
439
719
782
463
796
687
751
631
201
966
604
226
529
873
828
174
518
373
4
21
216
774
137
433
226
14
974
142
57
229
488
299
20
36
934
182
169
688
596
51
216
551
681
645
260
318
84
926
564
581
850
638
321
599
90
461
511
990
161
768
929
736
301
552
95
386
392
865
814
773
590
854
451
793
641
142
320
134
223
324
461
883
243
117
74
268
504
965
98
117
475
135
491
7
6
901
469
800
980
700
561
679
947
492
891
299
377
803
65
504
111
780
458
125
822
253
276
149
640
249
105
787
848
344
794
343
713
528
716
377
820
653
765
46
720
726
879
649
426
722
468
834
743
156
292
325
94
824
885
921
909
513
996
106
310
650
191
649
654
828
551
430
698
592
221
870
185
773
958
81
298
487
465
516
455
732
333
558
712
567
464
135
356
741
994
2
274
275
903
561
691
501
688
341
318
937
412
412
626
976
861
993
230
940
186
967
321
229
322
360
251
680
557
250
361
923
803
77
67
123
553
457
83
740
304
790
551
551
891
729
451
553
893
541
821
991
285
951
996
316
517
972
615
380
188
652
875
263
599
601
261
394
133
215
930
178
197
646
397
628
364
8
884
547
534
23
527
989
420
843
842
432
327
539
896
128
928
379
890
127
700
966
437
583
835
572
139
732
74
664
858
304
516
841
380
324
978
815
95
543
20
658
17
177
679
177
34
843
663
450
415
378
439
146
782
771
381
557
347
693
606
918
886
993
81
853
959
395
346
858
191
576
563
826
570
957
773
529
656
296
632
675
638
289
247
189
886
191
531
266
132
291
156
632
523
105
203
971
814
585
600
69
330
423
726
475
12
371
461
442
979
620
149
861
116
714
48
912
401
672
759
549
733
863
821
471
111
81
527
630
312
290
291
130
961
875
653
185
255
543
425
255
443
997
665
72
620
64
588
967
567
46
546
151
241
688
235
873
418
369
529
546
213
139
402
142
50
757
610
692
267
581
112
306
904
801
592
490
822
755
842
452
501
893
345
896
429
983
364
701
222
636
169
28
692
196
279
712
996
284
50
581
526
574
629
205
147
403
167
935
83
600
163
570
875
337
47
835
597
635
607
614
212
945
313
903
740
728
243
955
622
717
772
211
0
26
313
246
119
203
836
655
987
443
410
748
329
579
465
23
934
305
609
84
14
544
521
586
543
828
840
684
307
579
998
100
5
262
845
321
896
530
561
224
976
965
504
789
984
170
321
445
886
522
278
544
302
182
580
467
161
400
139
694
521
174
989
793
953
0
272
259
806
933
722
817
929
652
398
34
113
926
13
977
799
453
265
518
502
348
739
725
313
974
826
712
21
111
652
553
14
37
168
696
275
182
806
819
430
830
131
171
832
745
197
785
392
262
911
807
763
498
932
507
669
310
392
60
679
855
22
256
625
356
157
801
480
333
340
374
982
995
908
14
411
223
538
971
666
170
478
179
155
777
882
511
557
885
99
986
4
683
184
143
971
796
826
739
582
479
714
531
629
998
208
941
910
341
29
604
385
616
562
231
129
163
193
12
216
604
251
96
157
987
998
523
49
133
317
49
587
935
92
219
913
176
308
564
698
751
279
684
3
922
796
657
93
524
17
643
490
20
882
550
879
6
648
829
573
462
115
20
249
36
436
897
567
899
774
306
64
872
159
695
984
478
955
233
936
145
847
88
664
194
50
96
254
638
730
863
562
985
895
777
671
53
562
104
879
44
281
401
407
177
749
696
442
636
510
49
717
429
504
731
101
917
618
892
510
222
619
299
628
875
741
519
809
379
109
560
600
20
465
168
749
468
564
316
976
130
117
851
136
544
193
236
272
595
627
207
219
395
767
509
663
605
435
266
97
227
184
215
60
676
457
76
747
820
652
40
89
488
988
900
1
782
31
622
666
289
691
174
229
335
924
987
540
483
910
382
126
165
999
662
521
692
699
783
782
349
870
807
552
441
629
750
625
223
335
660
677
115
172
487
15
917
239
655
362
869
266
662
332
164
371
781
194
344
664
840
56
897
284
297
579
675
451
760
638
631
396
149
294
337
162
442
919
331
430
509
950
838
777
862
942
395
307
239
177
681
461
669
717
986
894
565
749
336
65
712
739
475
226
645
155
757
840
934
706
635
495
665
574
16
230
333
265
782
577
541
691
689
118
248
462
548
46
285
658
51
981
982
646
754
363
171
110
398
147
504
458
604
335
757
849
299
781
151
316
283
840
349
650
190
528
900
130
862
110
579
3
554
573
863
871
366
743
672
270
277
800
480
184
500
384
93
653
339
348
84
186
856
493
742
176
509
286
759
652
530
185
226
336
561
239
883
243
158
720
186
49
471
801
201
324
662
729
914
298
300
316
667
551
78
369
708
919
171
545
486
678
695
650
450
900
903
630
817
292
86
620
831
264
313
498
27
572
183
71
211
509
662
266
767
606
436
197
385
601
928
972
656
773
212
758
849
699
902
822
985
824
793
15
604
59
507
881
489
99
80
663
743
869
927
340
371
620
379
958
523
736
502
171
593
74
944
390
656
670
532
792
196
676
950
408
467
79
300
224
534
462
624
736
13
288
912
784
317
478
103
842
935
632
492
754
974
49
184
313
160
470
953
544
703
119
352
165
942
964
874
616
984
896
5
360
587
974
106
484
340
515
692
69
70
472
466
792
570
692
94
188
116
500
238
460
837
203
421
922
456
488
819
41
43
140
187
925
949
548
514
318
63
528
851
562
390
433
696
922
443
810
551
660
587
733
468
74
82
974
547
575
571
978
351
451
896
784
517
581
252
663
491
614
60
210
256
386
359
655
746
143
988
985
668
459
752
94
55
666
810
989
870
59
55
390
335
590
684
724
718
4
112
130
316
845
971
527
93
789
53
337
764
491
344
651
734
594
223
12
16
605
171
952
863
149
484
284
165
962
928
120
895
307
667
883
213
454
364
651
734
252
736
253
149
236
224
500
703
935
953
997
695
292
945
639
432
448
796
786
373
869
180
971
124
386
252
677
396
760
15
695
854
547
259
196
213
821
31
987
166
75
467
197
186
687
281
612
37
325
224
70
296
110
998
597
907
983
833
750
12
716
176
433
856
336
535
373
453
478
354
396
543
739
356
598
222
203
440
22
279
279
20
9
803
165
73
640
587
268
174
536
373
94
923
430
631
231
872
53
550
433
212
254
140
515
725
348
877
61
503
622
504
513
191
653
923
698
139
209
208
229
398
373
798
857
842
0
129
235
46
852
222
193
240
738
57
745
885
41
444
333
972
308
208
964
640
803
111
907
210
164
741
643
161
127
273
269
288
264
229
930
826
30
98
79
780
25
881
719
970
947
162
748
745
974
746
68
744
463
122
342
303
1
672
682
508
573
126
764
769
585
68
644
278
319
412
162
492
177
660
50
623
650
423
10
152
333
855
46
597
466
295
842
144
225
94
966
659
280
5
531
774
366
977
23
882
745
523
887
855
866
372
146
468
308
622
745
589
290
609
956
61
276
927
137
828
354
14
555
508
867
483
331
51
395
849
928
992
962
850
463
309
475
242
18
321
593
399
404
391
27
314
521
91
636
669
183
235
892
919
621
655
98
878
384
567
520
615
628
975
133
64
662
83
149
589
910
671
322
1
51
106
245
238
104
716
862
343
839
522
28
742
323
555
78
626
724
154
584
209
929
776
83
363
337
60
481
910
786
703
891
443
613
742
287
854
462
276
99
185
699
307
431
1
448
921
612
780
105
965
682
61
254
962
627
673
910
247
121
562
13
529
448
888
987
52
293
860
13
440
725
834
900
952
962
607
306
971
386
42
670
359
765
693
988
822
956
788
113
511
716
956
738
515
580
145
847
172
384
459
218
15
703
494
114
770
661
99
61
698
356
736
947
81
310
637
618
416
608
628
863
553
114
306
361
5
22
812
684
814
992
239
41
133
473
379
204
301
41
513
707
569
734
139
693
995
269
796
32
817
380
800
429
3
242
277
425
121
32
213
661
980
469
346
654
989
427
806
237
559
569
135
696
176
999
153
756
143
385
187
64
802
940
573
570
514
32
963
38
333
379
916
184
906
327
421
225
118
909
656
794
803
919
853
564
240
493
362
439
508
664
52
894
447
816
301
107
497
838
455
815
704
915
74
190
563
211
446
262
829
543
46
895
611
619
245
198
146
64
553
761
674
956
227
948
896
989
614
81
228
45
240
784
292
997
167
337
765
489
966
175
683
752
445
885
684
48
750
29
198
577
599
605
4
659
940
707
622
701
587
736
413
832
596
841
162
710
278
932
530
590
123
759
762
976
223
251
667
464
998
666
400
778
411
132
930
918
281
127
911
616
408
594
224
394
578
355
188
922
962
565
443
508
940
4
96
414
838
938
969
155
703
459
361
595
998
712
677
611
746
306
159
531
719
993
925
210
24
848
455
361
976
262
933
579
257
340
491
239
106
749
720
502
988
615
611
556
863
441
587
892
127
110
116
482
750
426
953
918
566
490
250
919
827
523
460
11
529
888
102
907
585
688
2
695
472
609
682
879
636
388
404
506
720
391
55
851
800
487
328
113
493
544
702
228
104
81
487
508
733
46
404
3
978
900
958
535
791
862
525
283
876
10
46
480
449
865
477
266
925
447
353
368
329
220
59
983
133
935
406
386
891
450
569
363
776
5
503
617
488
738
961
109
715
227
676
402
25
642
342
287
231
951
1
523
209
972
932
391
715
725
706
883
394
552
117
443
853
792
85
531
754
760
936
394
189
774
186
278
781
789
178
768
512
894
88
445
353
656
844
221
507
867
427
17
373
915
272
541
59
169
842
910
575
841
725
431
337
379
293
298
434
368
417
994
435
96
776
589
76
122
186
781
205
190
966
267
428
226
35
378
266
357
722
609
261
307
759
27
675
405
68
275
683
498
994
506
453
644
323
453
724
54
361
797
146
750
918
300
106
829
950
625
352
54
614
518
270
235
933
21
678
951
845
754
568
334
51
618
620
283
969
559
770
821
653
583
494
378
551
208
9
493
994
901
361
893
127
26
711
852
897
424
612
541
295
353
882
333
383
290
547
931
48
970
54
130
821
251
624
987
120
498
964
564
177
291
378
649
206
999
982
351
353
103
924
684
647
458
29
845
637
381
797
936
92
422
648
992
337
948
969
214
791
45
830
727
473
217
483
48
445
433
28
599
184
785
426
439
547
548
880
939
56
26
334
874
853
181
221
345
99
857
968
83
229
157
553
583
375
429
957
196
770
517
658
140
328
639
704
998
492
856
15
778
991
613
111
549
985
867
288
138
853
113
281
30
866
913
387
644
150
584
262
564
639
836
207
229
550
1
924
249
597
174
815
663
713
194
38
574
824
185
202
787
902
108
605
436
19
523
0
605
846
490
154
488
274
308
113
74
769
370
265
157
710
521
354
204
744
152
794
690
743
557
971
727
872
689
563
974
714
614
743
347
193
939
672
893
948
351
803
885
4
643
401
159
860
104
204
935
457
52
226
294
923
527
914
456
661
48
455
28
399
301
249
474
980
60
624
937
869
174
867
274
892
964
280
452
978
428
903
