63
359
501
396
778
29
862
913
156
707
236
46
795
770
400
204
424
95
186
100
876
3
756
949
378
487
284
896
688
336
285
874
9
717
981
197
336
923
934
385
825
319
875
623
203
397
205
101
944
900
592
103
825
548
678
943
586
709
104
144
257
916
813
197
82
306
43
280
935
220
219
303
321
111
628
830
83
470
856
669
62
73
67
188
831
248
439
178
460
190
0
846
776
331
899
156
460
33
189
558
586
802
704
816
214
188
867
380
141
219
629
378
112
31
775
694
73
919
87
879
67
810
395
461
981
208
605
825
757
491
985
123
118
407
552
265
846
174
933
130
17
676
300
899
12
278
831
522
20
757
8
914
996
205
451
264
687
108
349
191
284
772
621
76
124
703
479
788
205
204
887
28
340
16
371
643
905
391
573
351
55
995
797
866
499
406
861
662
438
773
51
197
409
530
610
210
198
738
665
189
116
859
9
442
196
264
199
212
663
859
631
455
83
821
376
347
974
517
831
414
448
731
841
346
136
514
0
791
532
941
363
691
327
727
495
701
124
173
70
490
527
803
925
597
677
714
595
305
635
481
401
805
263
271
243
971
543
765
950
441
852
408
87
856
326
779
95
733
997
943
200
891
988
697
124
849
352
93
639
281
467
176
817
554
351
316
267
3
712
629
394
606
979
313
1
402
687
423
53
739
126
292
311
265
618
251
926
844
991
315
917
150
602
942
677
807
542
44
42
234
681
83
768
222
262
485
618
929
431
346
341
435
12
938
159
403
574
951
556
311
792
4
209
366
448
92
830
971
578
341
206
744
155
547
113
957
401
992
667
887
391
576
828
851
438
787
429
449
233
409
956
274
973
166
617
49
131
325
712
67
929
599
344
792
121
420
731
225
174
710
511
5
148
350
396
903
344
559
302
726
105
551
19
8
340
383
349
371
124
68
394
481
950
31
728
107
745
170
963
393
34
631
0
929
33
89
851
450
584
619
791
28
782
637
250
954
249
939
548
924
748
625
822
102
581
537
812
189
882
842
44
376
955
684
964
266
258
89
915
509
902
675
222
685
941
317
582
550
222
447
606
827
784
622
479
421
244
586
868
987
459
854
37
962
926
900
326
447
441
781
127
721
951
629
800
889
917
171
639
526
319
781
255
534
919
838
65
938
938
619
971
305
476
195
521
377
223
247
198
403
378
70
792
431
762
163
525
121
257
866
929
938
334
789
658
428
341
551
997
357
115
240
284
41
418
958
84
319
706
321
937
321
82
474
710
155
838
220
252
972
962
79
140
251
281
865
831
43
175
877
584
187
290
637
871
135
962
82
800
44
294
795
154
64
166
730
586
84
823
429
0
974
129
678
891
526
399
570
22
714
798
104
839
72
743
19
851
379
697
365
644
810
323
493
354
303
570
204
456
918
811
454
842
136
818
874
192
711
560
752
495
295
530
47
784
556
84
539
172
221
779
414
169
687
982
798
61
754
11
761
437
584
259
60
951
807
177
537
546
63
136
826
612
853
656
941
44
20
513
129
992
352
259
765
801
851
547
25
705
670
240
558
5
628
211
780
298
708
943
441
330
363
683
193
103
849
665
315
584
323
642
658
927
349
695
101
511
619
358
433
536
545
97
69
187
372
170
190
789
335
116
48
88
302
199
188
531
393
638
669
880
919
926
880
323
485
551
624
934
94
362
113
674
500
565
389
417
994
965
209
486
904
772
534
912
634
516
531
67
398
453
892
754
13
825
420
765
545
499
743
334
154
765
419
747
294
366
172
546
351
480
628
227
4
926
72
137
702
118
218
631
228
99
180
591
913
725
671
364
941
362
665
511
830
123
585
790
564
266
188
872
539
395
584
414
694
624
76
299
504
374
135
643
675
242
698
103
374
155
356
368
921
774
700
885
404
395
3
177
535
857
723
356
131
707
517
86
733
796
531
14
413
917
625
390
419
697
561
682
207
571
911
485
700
875
825
993
217
683
653
89
825
760
25
868
549
971
778
60
662
569
79
891
793
551
752
25
13
981
546
331
365
142
147
76
276
707
436
997
125
489
190
338
846
808
742
698
901
616
102
761
885
914
211
654
599
545
227
30
297
533
680
14
32
339
402
272
671
86
649
961
66
326
677
717
232
432
997
10
831
927
376
427
848
307
577
36
84
916
5
578
840
236
339
368
726
640
741
184
925
696
971
418
243
956
240
762
156
638
956
511
192
526
154
871
594
607
556
509
334
524
314
355
2
665
35
985
976
952
825
136
32
179
682
616
94
479
602
265
518
264
144
344
125
665
0
3
607
91
545
992
3
709
181
846
468
82
629
14
159
862
936
811
866
696
855
821
492
631
204
856
992
952
36
385
800
865
577
794
387
374
840
125
680
764
135
2
188
76
765
192
619
121
451
916
852
643
662
784
931
252
353
673
295
315
502
481
6
123
792
642
461
624
407
616
118
540
573
813
298
697
63
952
693
624
197
233
806
673
155
140
600
28
269
382
543
102
132
852
283
240
917
568
114
642
982
972
854
620
863
16
594
970
729
808
730
851
962
267
204
497
947
144
863
301
604
951
739
441
47
319
174
290
448
543
604
798
678
831
705
691
220
990
816
596
51
876
690
1000
469
652
85
582
698
853
336
901
441
1000
816
310
385
957
902
126
533
918
318
811
105
566
44
137
280
679
7
649
498
51
271
726
630
705
490
803
476
794
351
59
986
789
85
919
996
440
526
682
997
887
807
751
843
157
876
764
923
680
101
118
148
380
99
51
615
207
423
519
518
308
85
676
50
920
322
407
281
601
265
774
658
645
180
134
26
513
742
523
185
10
962
313
341
112
920
867
49
38
244
883
188
148
468
93
844
534
902
7
43
489
117
898
486
884
917
182
796
569
296
379
61
670
225
624
325
922
333
218
751
113
385
203
208
822
150
579
876
696
533
826
615
272
910
252
543
269
442
983
118
851
369
879
925
788
462
923
768
177
49
996
640
408
19
858
438
191
14
764
310
940
620
677
510
505
600
583
257
659
442
876
191
415
496
392
232
790
81
943
358
169
1000
107
634
781
370
943
485
664
540
59
988
995
482
251
128
647
147
901
268
572
585
469
837
170
930
928
534
730
747
274
696
721
822
955
544
502
793
74
581
423
714
365
979
702
280
588
183
621
959
579
927
864
100
169
161
207
406
996
222
398
198
887
795
706
312
872
490
453
231
820
194
873
583
6
159
679
318
475
257
402
716
441
551
298
5
939
125
658
664
473
669
672
307
881
572
624
230
57
444
852
923
218
809
586
858
428
710
54
191
67
222
13
572
125
925
618
124
546
538
776
149
503
10
289
692
768
786
233
259
667
118
867
919
616
435
621
584
641
396
822
50
9
846
615
723
53
715
606
687
916
464
566
277
279
339
130
513
151
117
635
726
345
750
210
794
381
946
964
115
331
933
314
450
136
54
239
936
447
500
246
180
994
93
350
231
200
191
44
486
52
714
744
81
590
603
74
644
419
19
427
646
121
812
971
682
756
146
901
418
237
998
516
957
900
265
172
580
848
682
446
815
752
500
692
30
962
858
745
729
878
823
432
339
527
660
711
780
418
541
737
72
76
658
347
535
318
67
578
484
147
679
235
596
300
671
98
88
798
590
28
126
434
416
671
50
564
166
802
869
222
346
711
147
32
374
98
193
87
669
645
789
365
258
387
111
683
177
895
971
995
526
743
431
442
510
157
243
860
425
807
219
973
336
662
583
692
967
892
37
606
281
860
973
192
309
85
814
692
500
634
893
557
765
234
671
383
350
413
510
409
875
677
213
133
702
490
770
76
185
245
224
861
385
941
739
946
577
845
339
452
317
499
345
653
489
159
944
658
305
791
585
830
853
880
510
848
387
345
260
590
405
64
443
548
184
983
956
389
969
143
924
535
293
298
839
130
22
64
926
1000
246
163
154
439
718
347
997
293
222
997
6
937
328
338
976
960
835
166
24
991
308
728
988
364
220
773
949
304
7
54
657
495
565
360
873
783
758
980
966
752
706
234
43
358
406
490
656
493
653
541
675
232
795
323
463
505
387
179
905
909
614
892
679
107
496
660
510
953
195
465
744
341
757
929
307
512
791
981
119
192
112
877
919
538
943
689
455
185
403
340
671
149
401
193
198
927
603
645
616
177
617
720
954
846
708
895
318
410
891
410
412
7
983
0
17
945
390
428
888
702
709
197
353
924
660
144
550
434
667
401
683
717
730
27
942
434
405
303
543
649
428
96
40
598
443
545
598
906
145
158
516
584
607
620
811
748
584
410
773
858
462
709
638
474
395
134
70
736
982
698
173
925
913
814
623
837
369
289
675
587
910
599
89
185
777
749
23
456
273
800
320
379
614
47
612
723
661
894
622
784
326
394
107
397
873
670
289
220
42
868
228
857
72
798
327
402
191
141
942
686
260
814
133
973
372
172
864
379
711
852
717
216
794
443
501
121
450
668
699
633
761
649
939
36
517
869
89
873
646
641
680
564
408
252
360
956
159
351
517
221
98
188
823
151
607
806
963
534
218
790
708
967
625
840
132
265
55
74
848
657
692
884
49
467
965
461
855
709
200
873
442
144
447
417
69
14
305
862
203
855
309
252
641
805
780
10
682
157
549
821
842
665
32
579
913
249
506
907
136
972
553
77
814
992
284
204
421
728
618
592
188
128
40
184
619
931
350
40
350
628
759
482
61
178
458
967
295
603
117
343
100
583
622
248
628
591
369
515
638
688
109
818
357
900
258
994
709
988
348
17
549
550
511
952
135
208
620
839
42
151
841
442
743
897
231
590
63
511
281
53
987
376
669
502
586
385
681
795
499
401
875
73
191
201
224
778
680
778
845
214
221
31
321
438
688
512
400
182
498
175
650
774
547
450
294
317
751
991
617
614
367
444
715
551
454
234
439
244
253
573
338
882
189
987
689
163
166
927
279
848
760
677
377
467
445
589
930
538
866
515
868
981
4
940
612
682
311
439
915
8
944
313
117
727
254
767
624
26
183
926
635
426
371
447
412
212
114
580
451
665
41
740
774
37
997
947
284
101
223
700
858
759
50
559
792
365
234
46
597
917
240
730
374
79
320
317
634
790
988
199
302
489
845
888
521
971
266
670
947
452
528
368
701
196
917
828
587
332
390
148
690
290
37
645
884
299
604
520
599
335
34
781
117
939
433
182
913
237
690
340
445
137
987
890
858
50
568
19
101
431
530
114
20
622
727
808
915
987
407
113
35
72
151
553
777
704
905
98
363
947
340
661
96
665
797
783
374
786
767
609
101
19
435
649
234
192
731
624
843
973
583
122
214
123
763
132
671
765
718
371
396
61
993
91
355
532
385
915
539
245
789
740
316
442
418
37
716
962
633
252
480
899
379
508
840
328
0
477
128
550
896
596
425
434
103
308
597
0
660
673
807
353
933
204
788
155
1000
832
253
653
827
734
923
887
808
6
891
200
524
741
772
169
524
852
599
608
61
229
904
51
99
906
521
943
884
202
399
758
106
737
20
978
83
622
651
492
306
533
7
657
794
222
393
646
718
588
679
295
884
652
113
824
218
258
944
813
850
899
492
341
789
477
565
743
646
801
140
577
739
504
236
789
387
567
124
254
375
376
694
910
465
972
275
185
964
926
1000
988
542
731
871
812
936
533
198
379
854
576
219
494
287
822
586
757
242
411
891
114
418
367
494
864
571
379
434
38
796
906
326
293
800
279
739
50
589
263
727
120
499
938
118
201
293
354
492
720
30
901
305
51
571
190
512
303
785
793
580
898
865
661
238
88
295
130
126
733
283
345
517
215
838
905
313
343
186
298
121
516
925
356
143
563
235
922
692
608
832
841
361
920
969
950
20
527
502
793
452
835
567
90
625
805
208
750
189
217
338
353
124
868
30
83
363
803
446
434
122
22
805
414
736
121
504
272
978
816
925
690
3
801
195
3
351
620
446
130
119
273
363
131
207
411
683
549
869
98
289
126
877
810
0
84
305
775
437
513
832
55
742
583
44
395
289
699
733
701
293
167
183
981
116
781
85
606
477
823
338
21
1000
307
16
278
15
551
288
310
276
86
633
514
3
757
221
991
248
623
776
156
802
963
605
866
991
931
366
706
217
309
194
695
750
913
123
700
746
950
507
671
392
497
803
276
312
216
773
287
895
975
334
301
292
709
610
814
950
457
952
476
835
840
176
179
848
515
720
236
978
114
633
764
534
286
785
778
330
174
637
606
595
93
126
707
168
543
794
113
706
925
409
467
176
961
324
866
272
154
792
923
331
443
245
474
563
272
801
883
878
889
580
768
710
533
413
336
4
899
402
654
720
642
953
162
376
906
998
579
667
131
903
407
211
344
210
123
274
423
410
836
452
296
944
740
533
752
343
24
444
796
280
8
786
968
9
969
510
758
343
713
337
172
349
1000
759
206
447
103
377
731
173
460
130
177
793
546
486
242
252
941
327
341
371
148
494
455
172
803
1
698
58
5
117
880
818
177
615
226
843
569
83
200
507
975
577
686
23
741
717
597
43
939
132
328
297
110
122
626
640
746
962
571
195
639
519
529
266
700
547
797
607
81
663
72
134
420
491
241
864
345
977
56
951
905
856
646
568
759
151
645
119
284
686
882
725
373
356
280
137
618
242
442
824
67
225
418
923
58
438
707
593
639
779
364
742
778
91
740
78
858
666
761
291
318
631
512
20
477
811
715
805
854
888
621
727
787
926
391
676
200
471
105
911
913
227
772
306
787
676
995
376
329
805
162
665
743
188
101
526
553
42
656
157
690
10
555
722
656
96
761
708
117
654
878
781
195
609
978
769
873
450
603
190
507
776
16
924
646
635
571
882
374
644
831
233
858
825
971
285
117
636
15
613
866
686
786
76
716
129
701
464
268
630
314
62
667
264
892
662
389
411
726
838
786
383
57
82
58
33
719
96
431
739
86
477
180
644
62
343
712
85
888
581
0
765
877
233
116
776
635
23
24
177
120
688
951
54
43
916
986
799
946
189
766
332
132
608
678
181
720
607
482
944
832
228
792
988
57
419
662
591
829
879
584
917
265
991
527
470
991
506
947
931
629
820
178
145
249
936
655
983
601
647
550
70
1000
890
813
894
622
903
549
968
742
259
472
559
477
21
55
366
327
216
616
287
456
508
28
810
577
707
774
656
529
313
275
218
45
469
12
542
334
679
937
146
533
173
235
140
745
643
227
925
278
267
757
896
300
176
352
487
674
992
18
423
352
120
321
36
717
7
717
994
875
833
996
219
647
146
959
456
893
799
269
665
212
679
326
743
58
439
292
214
769
141
196
104
419
8
302
730
410
334
678
897
62
82
402
253
991
921
114
330
146
477
989
271
417
716
819
571
184
117
141
902
776
73
314
192
158
153
402
230
410
988
934
251
158
26
931
903
630
565
999
905
392
69
237
455
671
577
143
141
708
615
781
308
558
962
175
951
516
351
79
940
641
721
809
839
952
348
796
136
943
261
668
275
670
532
974
157
128
96
708
157
239
953
287
975
525
667
673
331
373
149
873
379
716
59
510
817
393
723
897
228
823
160
70
974
759
426
409
904
743
466
701
404
716
190
760
950
219
150
822
101
173
846
313
832
234
795
753
513
248
362
824
800
31
361
378
733
813
905
413
937
553
532
170
406
854
93
234
725
582
171
487
734
7
789
793
154
261
58
522
654
980
772
354
571
655
140
568
342
387
976
299
698
607
802
933
91
915
883
276
666
441
292
625
903
587
774
181
543
925
449
884
948
257
100
285
457
808
821
407
425
974
727
913
286
688
349
756
321
513
319
206
137
934
380
290
777
216
257
755
110
142
196
970
729
974
871
371
420
794
697
623
111
210
458
832
868
974
991
816
83
906
29
685
297
641
54
345
697
240
131
925
267
46
117
350
79
957
100
187
599
367
368
817
295
872
241
522
934
528
835
689
703
755
15
365
618
611
221
973
293
804
474
5
810
643
233
382
831
951
793
634
337
452
122
221
190
895
108
746
551
269
716
93
236
863
786
835
920
475
998
272
534
672
581
770
157
285
852
129
553
658
497
630
459
660
761
296
298
681
686
505
521
542
511
714
392
303
812
571
575
755
144
489
883
788
101
241
339
759
736
833
829
42
451
891
853
883
804
858
589
843
652
524
675
105
89
248
283
206
322
902
696
219
654
257
899
739
658
636
418
227
954
232
857
343
658
325
12
596
424
907
349
543
763
943
171
328
841
169
720
822
599
968
292
243
649
212
353
938
888
753
336
254
272
646
423
220
396
190
663
113
214
29
178
708
487
508
486
805
547
278
66
912
310
354
159
699
950
687
686
259
189
152
851
11
577
989
947
16
43
463
359
297
462
648
519
771
181
20
389
114
820
741
449
753
317
790
735
738
10
937
28
629
437
563
785
925
17
455
515
921
226
666
470
800
536
594
236
727
706
349
464
131
103
479
844
716
663
942
823
996
680
619
97
387
574
101
225
428
262
593
439
927
821
831
967
961
873
111
379
468
44
917
287
623
978
353
394
829
686
766
641
761
867
581
207
172
0
545
105
110
302
570
184
956
500
3
457
648
1000
933
934
948
818
796
795
200
225
634
672
929
318
74
204
647
305
758
1
615
239
983
954
153
965
161
237
681
641
627
461
651
217
103
980
882
92
707
136
531
943
686
350
102
23
706
275
569
822
128
35
858
161
210
944
961
289
559
38
815
964
22
747
430
654
217
482
894
713
295
299
557
766
973
87
172
448
578
563
98
601
620
664
254
889
541
800
285
158
707
612
980
608
174
557
912
641
154
109
192
161
248
33
527
447
453
697
947
520
481
943
347
706
725
886
369
41
847
328
739
54
318
386
990
698
88
991
888
453
499
975
431
626
464
496
435
252
319
878
467
253
38
809
325
881
945
177
750
138
297
195
731
427
333
913
523
195
484
482
607
610
210
687
828
342
461
924
157
826
186
482
781
490
298
107
175
866
434
668
879
193
304
580
127
517
414
724
827
925
417
66
796
394
881
475
665
996
448
931
775
46
738
694
193
689
895
136
583
993
734
619
950
451
342
162
666
434
409
384
671
615
310
199
989
3
538
844
357
353
996
66
111
211
873
519
872
473
741
280
802
639
369
164
196
527
966
150
44
906
198
230
621
744
933
306
556
342
981
159
142
407
707
96
26
740
486
640
923
300
509
293
196
181
928
846
348
327
182
979
909
30
82
63
198
56
858
428
934
828
38
323
970
230
301
289
5
480
488
714
19
546
419
730
714
895
787
338
820
911
585
341
934
648
37
768
378
359
489
798
902
803
441
188
849
731
250
131
985
435
161
819
40
512
154
188
197
539
497
631
782
612
680
593
884
333
38
323
887
206
66
100
438
757
405
769
934
604
969
224
431
808
74
850
928
785
576
488
152
598
324
195
63
31
457
396
326
954
441
721
357
131
594
807
78
155
682
272
467
137
622
341
901
573
135
36
784
364
141
994
867
329
212
133
273
946
309
889
147
945
723
974
10
505
339
762
492
287
246
325
940
480
623
145
565
800
977
512
493
600
150
441
970
186
372
346
586
830
644
333
607
686
867
820
356
799
128
959
502
601
330
676
825
324
185
791
98
209
783
258
34
268
318
630
321
980
991
484
691
574
258
605
607
549
599
561
279
347
401
883
600
530
333
771
326
565
165
473
63
550
354
9
629
447
548
7
667
951
157
772
357
763
389
715
648
638
696
454
827
847
675
697
831
960
881
60
348
93
517
135
346
203
894
716
906
649
896
161
992
533
712
655
608
604
153
77
807
276
49
597
419
115
360
993
838
490
581
7
869
724
988
481
495
926
928
121
339
520
656
664
706
440
151
602
780
973
387
662
817
837
11
122
962
634
753
28
448
37
211
598
452
902
987
332
472
965
178
323
368
772
24
983
734
252
150
367
742
966
862
750
982
818
345
136
597
202
278
948
550
343
628
365
575
797
914
234
544
166
570
226
727
919
47
494
502
249
747
248
153
746
618
585
587
674
673
741
883
210
153
427
115
764
284
982
811
336
685
79
627
304
763
550
479
367
341
183
900
398
176
923
200
364
136
588
431
614
316
329
787
325
249
164
348
343
566
383
676
99
196
861
761
688
326
730
505
315
436
662
9
456
35
821
494
375
140
199
512
326
20
414
97
529
234
8
207
470
938
372
743
963
194
412
287
169
333
788
271
286
518
439
84
155
919
30
704
57
75
912
990
250
282
187
132
134
573
623
356
835
788
418
742
386
120
900
512
949
240
91
174
611
346
670
618
923
620
413
159
525
22
868
372
295
376
18
614
234
794
476
155
483
397
193
957
255
138
878
49
433
384
443
697
860
760
504
6
68
298
768
62
140
818
250
667
123
283
369
14
631
152
418
931
309
974
817
830
629
362
951
506
588
403
592
656
449
74
970
753
109
626
190
600
666
662
76
737
39
934
785
368
41
385
145
974
806
450
380
497
96
366
271
60
631
954
380
183
746
448
703
497
520
311
230
36
520
894
766
979
385
666
502
484
967
586
591
70
397
49
395
651
193
294
388
655
866
14
448
61
974
248
563
86
960
266
14
857
494
194
948
5
925
835
926
765
476
444
51
535
345
54
867
88
794
882
794
186
500
92
887
28
87
913
571
625
230
775
259
615
939
190
607
614
791
505
166
486
914
147
227
753
242
638
338
0
568
619
791
340
531
163
629
459
343
432
170
854
25
201
341
323
637
535
24
893
43
733
475
259
786
56
811
661
631
886
441
37
808
983
386
261
610
576
753
819
668
423
341
203
106
573
492
379
590
213
468
611
104
189
230
47
579
175
724
951
108
848
590
341
579
206
825
936
935
472
229
351
156
321
51
734
96
755
461
827
454
733
886
719
10
477
134
65
742
681
179
273
752
639
519
202
871
275
542
382
316
720
417
458
338
193
785
119
842
861
494
906
465
617
421
271
129
598
296
250
107
746
834
330
976
30
935
738
958
400
369
300
788
478
734
500
719
193
430
848
722
213
25
897
247
644
33
486
636
248
594
20
918
23
168
731
151
186
394
441
362
156
887
443
132
695
597
766
663
858
543
369
976
468
299
306
150
334
165
696
486
350
361
68
810
553
79
65
127
252
210
265
137
58
96
436
475
944
505
67
439
846
900
24
265
123
459
843
968
503
318
289
484
355
993
729
633
626
257
947
18
870
29
938
236
344
651
100
129
727
693
748
90
177
125
365
138
998
330
471
925
320
790
900
596
744
645
64
358
680
357
173
271
212
796
103
784
265
479
807
30
964
904
473
693
494
305
351
808
973
725
396
145
556
475
363
951
42
985
20
70
815
958
512
625
824
911
193
47
272
376
225
763
858
216
131
835
844
517
203
858
765
876
601
937
827
966
902
188
738
64
459
306
507
59
108
983
921
675
286
790
8
890
236
546
772
56
112
261
480
180
395
166
752
167
958
599
114
88
223
6
643
230
578
231
372
508
84
126
440
455
296
316
262
1000
108
512
696
776
333
195
77
244
351
787
405
857
498
803
36
507
886
823
989
559
449
221
488
725
69
973
544
67
520
31
707
104
748
750
807
640
807
332
453
487
289
23
411
256
134
876
968
606
439
346
892
358
799
243
460
605
238
323
355
650
583
286
795
233
575
381
385
93
753
2
367
507
972
620
520
730
752
316
209
221
606
725
242
367
979
955
554
298
733
604
915
385
627
140
334
987
150
110
213
646
721
616
777
909
56
447
424
455
615
258
702
906
93
495
936
828
470
713
788
631
547
992
858
87
468
186
134
547
610
688
403
182
975
405
956
811
671
539
847
274
374
470
356
519
729
742
862
8
399
988
103
375
854
205
361
555
878
2
536
812
473
364
156
960
251
672
544
8
25
573
578
190
196
665
773
771
543
986
862
52
100
1
202
856
3
158
176
434
912
895
520
46
916
786
678
194
642
44
424
670
810
300
462
299
979
487
946
814
984
104
510
949
54
315
135
583
341
53
191
61
659
930
628
490
631
994
944
84
754
923
968
408
43
194
450
952
929
860
775
638
263
37
49
330
625
102
598
347
536
459
168
521
46
447
21
935
477
129
716
564
585
48
929
284
630
619
635
224
505
625
273
846
731
704
418
778
54
986
768
426
313
196
344
381
344
299
701
842
813
535
727
16
983
492
703
101
889
117
875
39
741
416
385
749
784
166
338
799
344
490
202
791
982
40
434
97
833
748
168
326
803
846
940
654
508
227
845
250
312
768
16
155
548
918
387
212
547
479
81
349
822
20
424
206
426
338
402
948
132
206
233
499
134
79
717
278
237
758
439
372
265
271
862
430
955
85
935
607
587
109
79
591
359
94
90
574
614
848
1
990
125
574
949
512
808
355
862
431
721
867
238
580
612
706
619
671
282
910
486
726
174
460
279
11
357
86
225
405
752
905
575
205
542
787
697
227
948
21
93
323
58
438
367
632
47
938
578
270
279
568
346
679
462
562
232
815
38
893
373
565
885
304
224
81
283
977
533
723
15
89
770
170
471
432
332
800
150
725
347
680
423
305
272
919
484
40
426
922
297
846
561
634
310
849
822
165
104
457
413
817
943
448
86
520
180
34
101
779
363
758
330
754
992
494
200
405
596
571
837
157
757
575
416
870
569
410
803
20
23
591
471
37
262
830
155
517
292
393
362
379
275
66
220
930
775
607
333
63
888
112
98
855
489
68
467
478
8
935
738
869
428
840
539
914
818
217
911
983
41
511
872
207
536
917
955
428
945
531
4
527
20
800
177
438
711
300
68
596
962
179
176
952
823
269
266
671
912
971
427
240
638
387
731
890
288
447
178
975
873
279
617
102
795
638
705
699
885
463
45
634
612
923
450
574
265
6
334
953
218
680
25
291
385
325
183
648
137
795
451
547
628
159
855
148
292
838
514
294
682
636
515
458
223
908
478
640
47
322
942
345
536
0
957
469
988
539
257
725
546
583
285
706
541
638
146
250
972
559
560
906
826
831
453
906
958
705
666
672
674
196
991
64
274
521
753
336
213
629
547
915
416
868
267
302
743
294
960
754
295
638
410
344
871
981
490
217
312
392
599
162
120
70
788
748
900
724
928
537
797
535
753
895
726
427
143
60
745
370
930
459
915
858
789
230
933
816
614
465
926
568
161
772
783
478
87
782
786
656
660
336
190
17
734
540
13
655
162
119
494
955
775
109
425
824
517
431
462
139
686
963
833
808
219
487
701
110
213
762
197
560
804
130
18
960
618
725
851
693
914
108
400
140
379
756
32
46
308
211
22
789
468
277
767
512
573
44
966
267
753
663
377
58
822
417
731
130
691
652
516
176
759
839
185
361
158
11
459
871
819
651
704
516
378
218
857
971
830
760
461
144
715
183
899
530
59
975
614
215
352
150
996
979
660
854
370
659
67
725
400
611
933
295
902
164
66
98
427
77
634
650
527
771
229
634
18
786
520
541
615
784
163
423
169
818
931
74
755
355
952
896
794
939
207
677
815
711
826
552
444
714
300
906
981
513
58
827
522
385
433
170
135
337
483
736
7
994
701
672
661
515
996
186
183
728
817
829
791
523
656
868
544
178
676
581
392
791
191
903
313
21
420
986
383
446
881
442
489
645
746
835
912
584
75
133
545
257
718
610
106
23
764
417
491
880
343
738
46
18
260
731
123
245
474
2
63
150
98
36
150
516
284
844
827
372
129
837
390
69
818
621
216
323
395
941
513
375
599
105
835
151
735
596
175
840
979
539
921
726
834
372
845
384
395
662
80
487
892
98
256
251
216
23
991
872
955
906
67
492
93
718
233
820
161
373
926
992
874
88
623
615
445
854
629
803
956
798
208
638
411
708
373
395
152
55
436
778
59
773
342
180
86
250
813
747
954
224
735
993
981
700
427
19
788
233
981
192
702
849
892
972
87
540
144
197
898
603
10
852
816
97
639
562
566
119
469
836
952
518
391
720
767
558
531
997
206
91
243
529
381
418
431
428
116
800
834
28
94
96
47
560
495
73
619
233
75
467
485
581
334
374
48
838
452
413
325
259
870
631
909
316
722
756
5
939
993
685
559
87
981
775
18
338
705
379
77
395
636
148
401
95
727
331
406
703
895
726
806
737
555
951
640
621
625
868
652
371
201
501
198
636
143
252
775
653
30
218
1
345
765
241
741
82
977
633
62
748
21
146
389
196
693
573
410
306
432
642
809
144
988
341
973
280
234
194
751
277
862
807
294
741
600
978
210
410
802
793
656
35
420
78
825
148
538
258
19
350
462
262
498
767
104
690
824
7
644
928
168
295
698
421
833
886
88
544
126
783
189
110
595
555
890
49
578
296
251
724
218
926
729
633
553
231
250
995
647
823
532
264
92
915
648
380
626
63
386
42
312
693
110
975
981
145
19
574
801
407
527
292
874
203
192
716
529
127
1
468
177
747
153
638
932
312
85
807
816
278
697
597
321
606
494
269
521
178
992
596
649
214
739
462
758
995
656
927
146
132
217
271
555
600
672
131
984
583
820
704
19
452
919
876
875
175
629
944
618
245
22
879
92
135
910
256
122
174
127
89
729
240
400
80
298
619
727
911
542
337
678
437
979
407
649
13
616
86
627
140
7
935
782
510
167
363
648
513
862
590
299
602
877
935
744
75
902
951
556
905
710
322
908
834
38
32
653
401
207
365
680
368
229
458
566
376
551
351
991
750
264
355
307
461
536
474
379
570
415
426
66
865
738
925
47
378
719
532
989
345
184
641
737
914
293
851
525
352
360
389
365
687
532
638
718
757
94
533
123
72
538
57
164
677
725
496
923
965
389
915
517
797
437
652
98
52
415
752
361
91
365
629
862
227
760
219
37
509
549
890
638
931
614
780
766
152
295
586
650
733
699
254
259
891
593
671
18
884
935
180
33
290
617
573
289
675
112
266
411
310
304
706
445
435
75
326
614
503
691
322
752
977
81
493
927
328
222
377
734
675
83
361
51
538
707
935
27
831
52
499
994
192
510
198
640
918
561
735
629
51
862
906
176
284
701
318
368
359
903
117
970
893
962
657
609
574
808
852
240
128
596
900
155
969
698
690
947
976
92
572
117
910
916
999
494
136
241
951
184
581
924
876
592
862
618
909
756
500
906
825
306
960
267
244
391
403
635
48
248
732
751
836
318
662
929
55
598
143
624
971
674
117
278
975
168
628
453
643
94
273
324
355
698
98
92
851
158
529
415
193
228
17
950
339
384
610
572
800
395
356
352
369
677
599
718
826
964
162
2
255
546
757
689
804
544
83
927
480
363
953
300
929
143
255
222
303
208
622
41
71
697
936
685
549
135
775
827
958
834
892
890
295
638
102
380
619
867
394
21
185
985
70
939
188
429
442
668
499
387
633
998
601
209
337
479
454
257
266
118
435
111
255
594
569
189
58
309
624
857
173
147
918
150
219
964
296
83
947
24
308
92
398
390
197
807
456
853
379
742
94
795
238
946
429
261
755
365
786
944
556
497
944
415
856
790
63
103
374
290
945
773
202
365
583
1000
732
742
281
664
116
189
34
984
380
345
528
66
780
21
961
683
388
562
294
843
561
168
664
211
163
417
291
892
265
474
683
262
496
323
868
668
914
787
191
676
888
271
84
251
364
652
310
154
839
49
624
523
542
504
910
80
88
738
839
768
158
456
300
5
713
571
849
744
599
381
441
160
718
60
936
609
431
9
450
133
917
662
488
807
69
716
92
110
981
142
336
213
279
619
867
513
10
286
224
846
617
915
143
710
801
738
671
965
653
550
725
758
544
396
363
320
66
592
167
94
369
841
38
568
7
6
383
54
19
209
358
608
48
639
118
408
42
126
506
879
181
953
914
729
756
694
23
161
599
635
538
211
761
920
460
553
494
150
336
481
22
566
115
537
122
811
991
290
290
810
478
205
534
442
975
454
757
912
479
740
49
541
663
330
138
372
552
941
74
469
983
757
938
846
945
106
232
200
721
624
952
85
575
640
994
603
507
881
297
268
830
374
514
605
766
685
562
463
621
861
109
973
254
201
54
550
784
485
621
587
204
23
788
711
235
757
271
352
276
628
391
95
93
447
906
704
425
197
266
316
661
697
491
161
939
160
827
667
455
394
45
987
949
91
991
919
450
78
701
363
395
900
147
428
432
24
857
969
511
791
554
979
315
741
229
391
466
883
242
62
604
294
88
810
646
161
268
902
706
241
216
921
27
584
616
873
175
60
673
321
424
361
520
792
226
575
285
609
954
738
553
913
639
412
345
987
633
20
249
25
758
231
775
548
292
912
364
107
853
907
659
739
307
330
40
884
261
757
953
105
551
155
531
694
280
820
797
309
76
269
791
23
922
750
125
351
740
543
985
658
429
205
29
245
696
595
526
72
799
736
108
57
411
510
997
729
717
671
980
585
774
106
663
561
680
240
444
861
979
26
95
588
639
780
677
108
623
713
699
964
882
87
514
526
859
948
868
310
808
436
785
125
847
8
144
668
725
651
733
828
750
716
933
869
865
29
756
454
817
942
957
429
682
456
794
87
806
622
388
2
33
81
596
452
884
401
452
112
125
637
910
950
634
148
777
989
735
427
112
694
795
105
180
992
197
284
109
850
92
957
657
605
254
867
77
798
689
274
515
101
475
190
817
915
800
164
79
302
903
97
302
401
933
5
439
552
73
301
737
419
61
234
978
15
180
577
130
880
846
956
131
526
746
558
306
934
163
738
781
984
256
368
654
650
377
404
430
536
762
835
701
978
595
251
43
384
192
216
910
438
10
645
739
857
728
468
704
891
838
442
784
131
228
690
829
664
244
85
952
432
958
850
940
810
738
875
483
879
977
734
167
657
614
753
278
314
239
580
210
472
582
139
219
5
618
958
36
524
233
728
179
281
676
568
661
378
523
16
744
480
42
690
806
38
788
35
251
811
904
883
709
564
904
314
392
256
535
780
115
65
557
452
163
882
855
817
703
284
826
838
913
105
754
509
296
346
245
528
904
336
461
554
353
681
258
141
389
789
93
574
945
868
924
410
704
494
755
775
232
63
986
960
306
992
801
471
325
591
461
546
37
157
732
158
722
482
510
971
571
848
33
879
16
15
758
389
877
615
533
37
121
972
30
844
898
962
665
168
552
824
69
915
945
386
18
727
48
85
27
935
204
165
198
301
568
391
949
26
80
615
211
602
144
850
680
57
680
286
791
427
833
379
525
342
377
28
762
519
588
318
386
110
977
102
549
574
629
478
852
955
260
433
122
102
970
829
605
792
136
944
966
993
988
399
811
98
496
800
816
1
591
113
480
690
205
622
810
225
538
270
692
746
557
644
314
229
279
93
678
490
558
555
780
894
607
1
201
886
10
32
187
531
993
159
218
377
611
404
134
327
768
277
979
221
166
979
657
420
141
527
18
374
200
132
818
14
664
149
656
514
950
817
27
931
890
294
335
178
177
450
725
258
240
539
655
862
434
365
147
439
734
426
26
765
844
493
884
524
357
599
622
558
490
969
663
636
901
501
576
491
922
709
983
314
191
617
495
265
639
573
11
749
858
680
263
336
424
403
178
405
490
266
781
78
514
659
331
528
451
354
410
462
557
315
125
562
511
503
806
759
596
596
363
10
801
356
905
648
237
22
778
550
970
370
158
844
964
597
836
257
291
323
984
273
551
29
504
80
272
753
244
415
395
769
7
755
802
266
469
141
490
313
763
23
843
734
142
3
784
783
727
466
368
87
435
466
847
52
328
730
546
138
247
986
880
565
833
522
517
570
430
736
254
760
706
50
718
235
51
325
85
403
254
898
889
262
373
573
916
475
219
784
843
82
88
222
998
880
535
635
410
116
47
889
321
427
621
609
152
656
5
913
894
120
185
52
908
674
658
617
585
978
293
667
325
783
570
602
534
295
987
495
5
293
901
954
80
178
793
821
968
460
661
430
381
838
282
808
165
513
101
115
437
908
424
271
175
230
516
619
994
62
688
446
85
725
144
916
416
949
306
356
538
730
657
308
505
260
848
469
991
396
140
162
661
94
528
129
309
736
418
73
807
549
397
482
457
423
914
715
675
456
710
1
52
378
264
628
599
774
242
148
548
586
407
177
905
651
774
214
394
547
161
912
517
371
770
447
790
166
2
