616
963
559
191
212
602
206
477
904
71
328
923
738
108
849
121
677
604
136
845
298
152
670
276
616
266
362
889
855
187
980
800
547
759
729
561
80
691
975
607
983
159
435
706
338
112
961
74
398
593
537
989
588
76
597
857
428
210
275
984
330
565
182
386
640
411
168
291
42
893
863
684
229
628
596
619
459
888
738
384
939
17
699
637
135
831
746
656
1000
568
592
674
829
883
165
799
772
832
508
441
270
448
93
756
468
535
549
384
839
355
763
37
608
380
115
60
59
446
792
997
83
770
222
373
573
947
233
63
658
546
10
918
557
119
618
317
541
118
739
828
340
856
202
147
898
801
420
906
222
49
838
623
470
224
895
78
948
496
916
597
592
166
882
412
742
23
891
204
719
114
251
344
769
789
615
41
305
687
931
439
491
596
327
80
341
514
894
971
584
531
480
474
336
6
296
61
219
287
494
838
815
715
62
329
462
132
411
516
986
708
799
534
972
497
804
98
5
713
247
54
971
248
955
13
307
348
252
139
679
586
818
620
320
797
427
281
744
773
957
357
587
921
134
900
547
885
856
620
461
892
549
743
123
790
632
120
636
479
345
652
582
699
248
194
276
256
228
174
384
316
845
142
64
1000
534
132
233
909
373
732
920
817
285
261
228
477
255
412
471
943
438
583
564
222
360
92
876
37
604
392
679
989
188
399
184
881
343
410
31
553
167
397
571
861
88
350
815
659
527
853
254
702
491
643
939
729
1000
944
465
97
93
617
115
190
595
531
389
278
61
189
33
325
32
861
495
579
406
794
151
397
918
809
370
749
180
198
564
647
712
352
683
825
499
718
563
515
422
22
692
640
602
481
571
740
512
441
269
631
956
697
953
315
687
570
405
659
926
934
726
307
659
506
270
864
484
843
218
114
687
919
713
596
786
426
73
623
299
507
785
970
398
846
664
66
53
189
537
571
564
461
147
378
241
442
36
2
492
856
99
812
943
57
732
690
54
396
802
13
337
273
357
269
822
69
424
706
178
818
54
811
432
108
309
546
642
50
975
684
180
797
7
186
638
777
989
464
111
136
438
918
465
963
260
264
531
618
43
739
933
185
782
38
873
150
750
416
975
786
652
245
825
672
107
675
213
780
32
704
704
836
967
682
656
523
67
640
434
220
122
64
559
101
349
219
108
460
357
68
664
624
897
199
951
685
565
552
852
584
737
860
291
62
421
583
588
883
168
608
413
278
914
463
650
294
692
95
653
421
326
573
51
644
343
413
221
59
177
987
846
517
901
337
602
382
643
553
239
725
848
317
74
387
441
52
306
161
914
77
554
899
684
416
98
838
52
516
993
341
360
780
235
542
769
223
623
645
118
612
529
592
700
130
549
474
249
370
795
167
552
962
702
155
182
176
972
931
280
779
167
370
807
309
691
847
493
291
714
865
743
63
339
518
738
618
785
870
193
945
768
119
184
716
438
534
365
896
447
250
57
240
350
126
123
765
377
371
709
895
194
747
740
956
343
883
69
328
785
377
802
48
845
608
323
500
257
222
997
51
810
49
931
693
635
444
127
996
24
33
106
99
231
582
738
200
421
924
870
420
54
647
259
582
454
585
77
754
996
601
263
967
289
102
709
86
8
882
889
207
774
672
590
930
96
352
548
55
652
290
823
516
986
639
734
232
302
732
242
269
191
439
164
784
987
165
711
917
641
427
599
595
890
442
518
657
285
909
533
27
517
995
661
322
766
938
831
666
690
993
40
272
723
780
297
100
865
627
192
982
616
974
693
682
344
799
213
435
888
667
296
231
651
431
468
932
575
799
563
582
448
865
441
321
564
24
872
513
741
533
190
481
564
30
312
486
862
74
876
828
960
897
426
195
728
770
800
683
602
853
978
273
900
640
797
738
207
225
792
824
53
445
54
279
215
439
175
897
347
804
202
27
970
735
489
230
374
864
305
371
840
155
360
466
531
523
486
666
564
450
228
459
458
713
459
524
885
799
179
776
662
774
891
873
883
810
822
628
683
684
34
253
466
135
490
189
696
640
429
458
519
842
81
747
309
984
173
388
753
137
951
277
960
128
716
28
62
717
239
198
975
59
831
737
467
557
198
456
631
534
184
27
190
273
188
214
268
515
385
231
294
98
460
267
580
937
106
227
42
556
872
103
324
281
979
949
926
119
888
293
672
88
828
244
154
410
89
134
252
768
484
669
864
367
103
799
895
36
262
851
697
928
976
251
928
672
889
152
694
437
139
144
183
69
488
78
705
909
533
791
466
524
119
197
155
605
224
518
889
411
320
234
130
79
712
556
460
361
127
212
615
805
759
825
618
74
52
429
694
849
131
847
335
595
131
538
370
336
203
896
939
5
442
968
968
308
529
245
295
184
631
494
120
154
82
852
326
596
735
844
869
887
297
110
905
672
69
166
303
483
962
32
257
737
512
21
635
916
247
531
402
52
366
325
252
549
825
188
35
10
985
638
291
869
240
437
820
45
900
157
860
117
494
492
776
869
896
619
991
272
518
772
55
377
495
71
195
229
791
414
924
944
104
501
618
660
976
471
571
964
849
836
898
473
797
351
312
140
873
936
515
628
364
893
352
708
142
164
474
171
183
712
568
565
91
105
741
809
50
210
156
235
319
85
748
319
876
8
515
853
901
766
187
895
498
715
396
762
420
632
32
548
106
376
160
307
128
629
288
408
251
21
684
360
603
122
897
862
377
728
947
147
22
22
794
398
170
175
134
764
626
243
587
777
685
91
166
129
792
152
146
150
729
71
836
986
310
183
102
49
157
886
634
851
309
560
510
438
629
573
188
434
110
620
448
19
307
107
361
769
572
906
984
357
620
277
286
37
328
574
551
332
689
932
160
852
502
103
995
655
168
768
95
973
336
152
972
380
185
827
876
163
847
991
693
536
141
809
933
247
408
875
674
921
789
195
248
345
605
114
577
931
135
213
951
287
39
542
603
532
21
409
918
987
935
318
985
86
872
218
736
597
322
291
820
780
418
915
397
564
231
574
408
38
12
206
234
595
295
845
244
229
56
740
537
885
49
135
375
910
737
44
171
219
290
513
827
886
90
290
255
266
761
506
145
903
41
469
451
927
199
151
596
934
967
762
819
952
315
782
848
863
629
881
493
49
332
127
178
566
801
524
54
676
822
892
302
828
186
831
832
899
467
556
591
538
427
683
205
280
999
610
832
697
80
629
623
847
632
275
735
804
500
631
277
569
257
648
916
345
93
737
883
169
232
328
836
986
516
614
15
772
219
695
300
72
830
465
753
115
479
659
389
486
689
853
30
815
323
279
891
630
21
677
209
303
607
436
706
969
876
850
165
161
119
76
891
613
427
961
277
661
886
534
615
856
506
55
353
341
991
28
947
123
872
986
557
801
114
856
701
831
896
656
132
850
413
692
968
457
671
329
855
526
699
615
594
477
637
71
319
67
495
168
583
692
179
909
304
436
924
338
360
707
642
720
349
920
617
675
217
87
515
917
85
126
248
281
357
399
254
329
412
295
309
927
215
179
571
158
91
657
47
204
121
687
598
163
653
249
627
159
503
715
618
315
48
402
386
183
429
587
890
219
325
391
560
579
48
468
747
71
166
936
430
189
671
41
216
230
241
782
677
855
439
343
958
722
369
974
840
181
858
663
289
175
438
1
487
984
299
15
602
476
537
718
460
462
802
511
181
848
574
167
156
232
134
548
875
899
77
635
997
338
342
145
638
988
204
44
26
667
264
293
664
749
850
424
480
931
511
659
660
23
87
343
43
200
841
393
935
491
396
388
515
902
224
142
902
146
685
647
559
461
371
451
293
952
635
542
213
290
477
358
460
56
334
943
847
177
433
171
779
162
802
822
787
711
897
311
74
783
240
958
482
174
223
21
612
139
895
607
932
999
940
179
979
607
297
301
682
410
667
481
340
734
652
492
462
793
421
663
657
845
762
940
766
632
154
542
54
659
882
458
263
86
79
457
779
150
759
368
1000
35
886
412
170
177
552
479
128
169
210
342
107
603
235
150
291
386
488
786
481
998
811
769
326
444
408
573
830
439
848
143
520
389
284
829
356
79
71
302
508
201
227
751
709
116
986
797
545
847
144
869
669
343
882
619
142
401
472
911
169
885
810
704
733
822
631
70
105
142
849
509
709
961
829
877
635
867
676
213
359
10
905
449
894
625
291
742
423
462
856
73
89
187
907
733
35
339
364
331
866
302
785
853
62
438
593
299
253
103
36
180
790
572
40
714
633
229
826
872
972
400
147
21
305
457
325
433
68
955
340
50
120
692
592
188
143
566
145
529
137
673
885
244
459
202
996
951
67
383
28
743
352
742
124
782
825
270
422
79
486
776
930
912
247
415
50
418
289
485
67
687
696
123
456
730
492
104
924
636
22
104
105
332
549
571
207
156
378
467
184
10
308
852
201
144
743
882
645
299
576
91
815
469
116
632
971
410
802
14
640
157
872
878
890
489
911
20
540
917
633
699
289
998
827
665
25
409
97
572
801
10
315
101
471
808
560
157
847
564
844
173
549
991
924
106
560
932
754
285
365
649
231
451
858
117
135
60
137
142
137
598
118
666
869
0
709
174
106
509
98
289
122
103
926
673
309
957
854
903
852
516
924
645
735
244
523
531
417
553
313
232
203
997
900
388
696
674
716
29
950
23
218
872
301
587
242
634
895
138
679
349
209
35
876
994
866
393
801
421
465
156
767
616
167
31
982
225
965
939
494
16
414
663
405
331
335
135
863
356
48
873
913
565
106
404
54
250
789
885
961
676
519
900
658
996
902
699
528
943
991
824
912
731
48
39
252
119
722
705
578
485
925
425
578
311
233
235
808
446
462
909
389
437
53
741
167
298
780
675
18
453
544
966
963
347
56
445
885
122
505
338
549
738
283
480
989
589
858
585
859
470
369
560
194
937
359
796
358
973
898
302
712
134
787
285
131
744
724
294
63
576
512
848
993
677
140
485
530
117
964
851
29
401
695
240
443
685
126
503
145
900
562
559
590
594
986
796
813
555
862
31
405
74
896
38
420
154
223
507
444
41
725
404
88
261
810
992
495
375
238
46
461
598
196
327
347
809
771
293
688
471
196
934
792
519
67
566
97
386
925
343
696
689
93
62
691
62
238
174
707
526
368
904
417
454
554
39
654
562
520
707
844
631
539
284
845
636
485
524
56
682
477
778
269
275
654
169
729
838
523
965
309
223
113
111
491
544
608
47
275
574
260
940
920
340
593
830
185
722
280
312
354
801
83
522
154
940
804
162
445
517
714
968
139
418
45
324
341
652
584
853
57
571
62
972
627
596
26
765
326
752
853
902
584
97
150
193
709
337
337
496
56
846
83
885
624
437
134
829
375
895
0
429
908
28
686
315
129
425
197
504
332
849
382
534
938
193
307
872
246
399
368
661
121
806
370
464
276
974
64
388
222
139
452
280
505
943
607
782
943
969
251
226
712
894
114
978
717
477
492
170
172
837
205
138
914
856
981
285
699
201
207
756
549
237
749
427
322
997
605
154
82
163
338
48
998
708
933
746
209
951
752
602
251
323
584
550
173
306
760
413
634
345
459
368
105
31
194
847
772
738
596
503
237
463
60
1000
525
353
490
274
718
282
488
189
381
374
945
361
484
915
814
855
49
996
448
128
159
650
719
87
809
279
182
964
772
553
901
6
214
119
485
465
301
788
942
736
100
198
538
171
309
890
951
421
69
893
281
406
435
154
398
281
504
969
199
765
929
963
449
566
991
94
240
727
11
34
682
113
539
305
276
801
52
486
803
623
322
103
203
836
452
169
12
483
25
179
415
399
129
909
801
293
380
517
692
490
470
178
97
469
824
494
705
24
330
451
712
671
47
52
740
415
157
4
691
409
120
965
994
710
590
695
989
375
365
250
194
5
493
1
625
351
725
303
764
80
529
294
556
692
337
775
292
785
600
258
537
555
156
571
226
466
556
587
809
188
926
235
854
427
81
697
143
427
16
305
344
946
208
12
246
610
840
996
424
645
4
919
75
231
317
939
711
707
507
718
803
103
671
442
938
563
666
451
684
626
883
885
20
818
883
162
433
178
921
367
893
450
833
399
654
176
952
858
659
423
923
71
640
397
573
610
663
226
156
203
483
131
862
449
680
948
892
780
5
651
137
844
26
7
407
608
148
129
38
70
294
799
299
170
763
20
478
738
165
144
40
417
93
137
51
213
55
379
110
848
918
941
701
822
821
236
491
890
460
503
341
155
49
728
726
650
22
837
946
892
893
19
906
930
741
548
674
283
770
855
47
400
651
814
909
69
214
760
610
310
349
63
903
895
380
631
40
409
254
262
846
423
175
950
864
344
82
73
922
724
31
241
922
441
428
557
286
87
462
672
261
311
647
164
47
867
712
580
671
335
326
887
608
67
259
187
37
282
292
83
519
617
346
573
948
646
103
14
923
472
962
742
330
365
334
667
342
385
605
29
535
592
34
351
172
351
755
680
527
100
644
147
854
293
955
38
150
564
141
271
258
424
90
162
838
461
504
447
820
243
742
287
71
867
349
967
984
604
427
634
98
579
281
215
499
558
417
202
134
432
812
174
783
811
692
965
918
734
635
340
871
482
36
682
149
871
475
25
274
383
859
344
183
43
175
393
904
899
891
936
940
790
258
386
769
113
129
688
76
915
956
691
24
605
409
804
267
619
849
912
385
528
589
242
575
797
968
521
185
829
664
560
838
140
24
423
526
130
725
632
750
286
631
233
834
479
583
609
341
97
448
262
933
854
178
502
145
245
527
201
709
404
988
731
912
316
845
618
937
512
381
190
77
31
20
354
643
86
94
573
302
907
711
172
715
744
693
244
657
87
249
376
994
764
381
561
797
831
907
841
414
415
547
593
305
141
314
153
172
704
656
641
314
546
143
537
792
526
951
788
774
8
158
677
311
595
538
608
271
774
763
128
458
265
4
80
439
339
472
77
884
947
438
186
184
239
90
359
617
549
999
842
982
928
417
456
763
115
578
666
768
121
211
133
573
969
529
887
365
554
263
679
94
460
997
185
670
819
475
909
593
337
542
11
951
203
875
350
11
144
159
345
437
385
102
158
121
545
966
860
3
61
797
59
665
435
704
851
134
641
546
292
696
387
288
544
926
219
945
102
39
969
756
884
985
824
663
773
150
200
297
174
220
575
195
185
496
454
36
458
841
562
681
299
916
800
317
963
387
605
109
90
839
389
143
698
880
105
580
342
517
157
466
682
381
405
504
416
37
3
278
361
201
912
356
171
824
927
674
820
960
995
32
379
973
872
129
270
841
338
688
299
754
610
534
73
834
489
739
968
10
508
44
945
963
61
177
357
564
398
700
401
892
301
576
723
658
556
601
326
513
786
915
101
307
988
701
332
6
552
6
405
694
974
689
493
125
836
244
47
703
59
314
770
556
325
460
666
372
854
576
869
171
817
709
944
34
777
250
176
930
962
762
909
379
956
461
748
646
323
281
324
445
116
940
465
869
986
753
937
111
79
746
405
730
291
309
582
463
715
151
370
41
398
560
288
248
722
936
310
621
256
828
988
441
680
504
51
157
236
996
815
925
73
869
420
816
154
933
72
769
523
544
715
41
562
502
922
976
122
711
509
157
917
924
293
808
490
900
322
25
692
556
111
639
539
981
448
376
918
897
12
107
205
332
718
356
225
211
446
483
363
147
265
648
915
982
608
36
441
946
116
454
775
616
925
395
319
624
106
551
398
917
130
757
543
633
90
385
208
291
630
346
794
478
912
440
285
989
116
116
629
79
744
824
368
881
254
852
949
429
838
99
527
152
399
669
79
186
106
386
61
404
844
661
684
259
979
26
965
857
964
198
858
284
148
588
716
762
266
194
298
714
353
386
839
790
775
337
109
71
345
111
166
505
925
609
432
728
186
608
915
674
861
182
377
239
807
89
238
691
248
433
205
103
628
185
412
714
535
148
954
321
315
844
893
975
104
708
564
443
435
265
343
725
527
233
861
283
894
390
864
972
754
228
206
706
864
207
713
421
741
680
353
261
887
700
828
82
683
288
415
755
976
769
297
652
206
581
647
62
662
272
245
944
787
422
355
94
819
328
634
688
824
468
788
922
670
524
960
375
487
719
338
700
246
273
244
346
135
638
811
155
931
469
60
192
789
490
199
498
213
526
181
128
32
992
907
748
134
733
177
115
581
535
552
584
781
535
758
339
188
416
94
420
787
255
611
744
804
736
241
520
455
721
322
668
161
662
18
969
323
928
780
355
495
974
966
347
882
345
268
865
893
97
324
178
605
305
676
531
455
821
474
566
680
572
370
739
953
587
124
681
917
705
40
176
977
830
104
600
510
499
811
884
744
372
205
13
943
793
843
65
198
419
843
3
5
855
28
289
930
242
844
600
70
780
162
917
432
349
577
257
668
279
222
427
882
768
255
768
11
977
457
949
853
921
650
999
105
104
745
435
230
726
801
345
805
605
849
699
145
247
118
35
749
278
443
93
106
163
545
536
820
801
136
862
569
731
749
596
415
466
382
47
423
106
719
100
489
106
176
979
289
35
713
150
342
126
88
98
299
189
868
814
1
503
261
853
45
812
451
152
179
374
99
825
407
80
149
785
762
20
36
478
463
264
686
336
192
190
510
35
672
554
154
490
321
5
255
32
815
91
932
80
668
334
939
999
193
14
256
174
63
398
359
864
808
691
232
747
105
967
325
683
763
4
685
238
31
174
685
993
658
775
476
855
113
622
300
856
588
658
19
702
745
490
619
880
208
556
335
153
678
696
896
489
539
981
587
31
843
643
130
144
585
827
730
542
132
171
592
449
57
12
338
435
394
723
633
424
76
434
350
508
266
333
904
372
292
437
77
947
80
644
959
154
935
785
993
451
638
975
422
869
616
781
930
671
205
894
86
576
561
748
651
996
569
135
418
11
871
89
323
563
488
743
446
919
258
585
20
437
458
412
655
807
540
247
858
433
460
676
46
96
308
738
60
218
863
717
246
620
254
333
148
718
100
501
291
65
561
822
771
830
580
774
919
743
685
857
400
807
472
65
908
657
363
456
813
529
7
527
886
700
599
373
126
618
852
995
287
847
513
648
265
76
540
958
496
74
871
664
773
649
672
657
354
279
714
968
243
506
266
879
555
470
790
298
879
298
771
291
876
181
484
30
607
913
658
107
185
95
754
154
837
116
401
670
8
915
661
414
809
477
189
85
0
81
843
212
329
761
251
290
755
467
719
357
100
609
652
8
68
4
259
676
42
914
269
18
213
620
236
425
309
871
311
684
932
342
10
289
671
584
21
21
801
522
123
929
315
174
943
540
355
679
611
31
660
988
624
44
617
162
731
751
398
803
547
787
158
966
824
118
229
869
375
78
990
588
120
215
109
85
944
845
121
955
761
615
861
601
693
865
552
438
514
499
626
916
578
21
129
643
293
258
504
542
203
787
813
404
458
869
641
59
370
258
71
752
428
816
285
320
829
645
181
617
759
62
691
570
402
607
423
478
511
806
49
435
687
976
372
96
788
113
259
433
275
376
878
60
919
295
965
390
434
478
325
959
122
126
243
327
459
634
567
958
519
233
867
206
905
317
889
707
992
486
283
364
171
638
64
466
544
170
405
322
491
565
77
964
531
212
353
174
318
374
270
660
782
889
506
798
572
785
763
410
249
154
909
569
4
366
432
242
589
669
466
502
493
523
562
940
877
893
931
821
117
2
302
353
113
97
787
435
50
136
477
326
221
981
146
328
730
521
797
651
956
72
7
946
463
773
23
345
487
436
543
549
578
754
716
378
989
922
833
426
758
932
388
454
936
888
948
188
846
65
164
746
867
166
412
177
7
549
707
771
860
84
580
485
921
474
217
764
195
608
104
464
134
628
590
538
646
794
424
551
30
253
762
401
658
172
397
407
582
838
76
684
560
728
160
56
748
274
828
430
818
855
739
713
747
529
249
599
254
657
409
833
355
371
379
906
531
483
300
704
303
333
183
996
408
634
810
821
281
986
81
985
264
21
727
459
595
837
833
675
8
583
819
194
705
89
925
113
122
649
329
601
156
788
880
298
30
523
934
510
1000
844
288
758
837
763
492
787
610
385
72
781
31
210
349
840
72
213
250
503
395
858
21
568
939
333
549
335
518
531
706
129
696
444
802
590
190
165
534
268
264
955
23
989
622
569
97
779
396
451
540
774
832
971
109
464
409
884
776
566
879
350
466
384
297
699
107
212
198
175
624
237
12
626
726
844
434
835
466
203
509
360
695
610
490
51
319
226
772
468
63
153
775
664
291
255
974
589
674
185
228
335
682
960
381
359
59
367
820
397
346
705
363
527
681
47
436
837
423
714
18
569
5
369
447
701
589
433
862
669
650
119
416
592
72
205
707
273
62
221
579
100
982
75
979
453
723
35
118
103
184
619
467
810
349
550
484
398
207
414
465
123
712
813
667
72
390
764
52
891
325
152
268
543
291
124
685
642
626
102
58
729
981
254
884
804
638
803
38
98
319
290
832
572
757
553
539
354
523
229
1000
779
25
533
948
669
502
315
441
330
692
92
298
711
59
721
712
746
793
735
397
766
349
637
330
877
264
674
516
815
986
142
350
634
913
277
553
565
815
492
136
320
513
863
41
106
20
381
828
865
660
663
427
937
400
545
134
930
190
156
650
700
375
542
719
161
962
759
955
227
740
903
824
146
402
688
727
734
319
14
635
750
902
251
933
975
518
50
868
691
558
486
404
240
454
847
822
949
942
945
298
650
221
584
425
568
882
874
244
917
821
611
575
466
464
749
630
324
461
59
47
288
858
486
564
321
813
283
297
458
526
791
673
656
667
153
659
300
468
386
786
709
408
927
548
52
267
930
958
249
528
767
40
659
738
240
193
483
545
715
542
708
45
161
938
686
638
521
104
975
695
20
845
614
902
5
511
457
457
733
823
826
442
611
10
801
800
708
628
430
363
898
603
934
459
291
580
144
4
459
976
127
22
427
717
254
120
238
705
893
945
954
715
939
393
446
225
858
661
567
926
186
437
985
774
703
517
19
109
839
591
970
139
345
162
467
229
949
176
841
366
6
216
961
44
306
209
205
225
32
821
804
236
231
407
975
479
492
956
450
689
479
706
768
982
588
847
118
437
915
348
563
527
408
269
953
157
428
152
523
920
147
812
561
716
556
863
253
260
537
904
40
946
187
738
171
388
449
926
265
92
749
240
202
815
620
304
131
321
959
130
281
261
75
650
117
88
757
714
864
697
853
206
869
0
712
411
223
931
529
242
247
876
823
915
906
365
690
883
657
227
273
239
261
362
276
243
865
576
601
81
159
315
871
769
799
615
239
454
570
479
181
157
611
96
93
752
717
472
262
380
14
798
965
713
858
208
180
249
837
736
333
509
765
147
515
370
809
153
767
792
75
127
974
690
768
345
485
605
737
335
541
668
931
834
389
758
226
534
374
974
708
780
867
506
140
747
406
648
566
664
694
516
506
840
723
240
202
170
760
227
891
62
746
483
398
818
326
979
926
999
815
53
602
526
413
125
933
115
5
530
605
377
904
346
496
172
946
444
126
415
803
4
195
457
465
700
377
970
219
780
839
737
389
807
662
674
470
916
342
91
404
827
491
577
315
195
607
607
93
211
584
972
820
368
331
916
290
222
457
383
982
995
559
470
152
743
40
805
33
298
280
76
873
457
250
584
196
867
370
783
836
781
15
610
369
551
186
483
717
947
880
214
965
706
988
892
79
970
382
89
949
394
433
318
244
282
249
308
963
71
589
756
741
844
910
353
350
601
439
842
940
95
620
516
583
452
588
63
168
634
319
880
414
862
625
798
888
463
808
174
100
873
91
433
437
678
368
151
742
346
471
85
972
355
273
25
393
777
834
251
137
117
336
296
544
969
376
160
230
854
512
525
668
629
137
127
699
132
331
9
624
72
535
520
845
491
521
580
60
537
413
69
840
954
571
19
311
633
189
793
60
903
387
316
986
90
608
193
265
634
671
307
792
715
994
514
604
765
862
188
910
692
519
926
192
561
863
295
765
374
488
128
304
155
738
134
209
730
570
973
557
714
661
481
331
609
740
894
244
194
341
124
526
508
990
885
66
33
752
956
690
426
549
352
298
164
550
455
602
964
470
996
86
214
633
891
499
451
829
505
882
213
939
594
218
207
345
320
136
456
89
270
136
91
283
772
72
729
588
961
652
848
865
528
899
718
667
264
164
547
1
26
177
845
270
437
70
404
625
529
199
763
911
994
108
98
633
780
685
785
140
818
344
403
494
624
840
672
465
119
541
218
466
82
650
639
820
831
238
628
123
952
684
955
833
699
880
557
859
828
494
258
836
6
73
939
387
146
875
346
110
874
204
936
324
235
371
64
819
239
884
651
962
273
362
212
737
872
272
369
874
125
955
45
524
181
903
325
168
769
297
266
210
584
910
8
37
32
115
410
138
812
540
537
885
929
790
437
976
197
273
456
622
350
401
534
29
685
222
793
781
643
214
573
876
235
720
34
268
605
515
94
134
415
133
873
32
651
63
600
343
634
822
93
931
701
478
111
80
935
365
619
763
465
998
799
17
538
191
558
579
486
937
257
684
940
833
32
426
852
188
506
796
511
989
898
596
187
482
928
347
191
476
194
167
899
328
710
964
494
663
854
736
798
987
285
291
895
752
634
97
592
830
807
887
110
611
602
847
458
703
629
209
144
953
626
265
794
9
79
970
38
22
229
423
84
171
350
191
745
400
543
99
517
435
288
352
152
278
114
36
916
821
915
511
668
21
874
22
75
168
827
792
550
297
156
472
866
159
625
419
415
296
949
400
628
356
882
319
360
654
983
653
934
894
231
529
793
79
142
847
304
687
639
726
269
566
741
816
661
379
665
162
916
190
246
196
703
780
97
674
286
354
577
546
499
736
133
896
182
42
494
812
741
87
975
122
161
315
540
825
741
514
752
910
605
60
821
674
952
161
595
609
399
647
415
103
595
760
238
306
120
282
417
97
315
81
653
200
512
905
979
891
544
526
203
646
830
673
292
565
605
155
66
56
396
281
839
880
716
265
476
809
308
609
660
710
518
980
715
322
564
601
396
313
367
638
586
573
809
328
791
891
744
204
68
717
788
127
199
97
780
126
2
775
824
766
475
368
423
909
460
545
274
302
985
477
860
895
818
657
554
339
204
281
652
82
836
426
966
829
609
520
918
931
106
425
741
803
2
110
937
192
455
237
372
228
254
547
174
951
396
598
887
868
715
609
447
555
589
488
678
180
16
988
276
744
84
505
556
799
214
132
959
509
822
825
438
955
48
827
174
263
361
111
317
981
545
41
653
318
335
574
88
336
395
522
876
590
696
342
172
269
182
413
560
551
851
406
815
75
3
601
455
519
783
48
672
780
555
23
606
244
232
640
385
69
695
252
546
690
415
675
524
870
631
152
641
539
446
373
16
278
499
214
520
699
609
723
29
724
178
405
734
714
96
392
131
928
185
977
612
290
503
44
922
514
916
966
83
301
372
452
98
799
994
230
425
996
531
380
479
503
434
320
763
630
929
81
951
215
920
476
923
866
692
88
584
230
707
741
333
339
93
984
277
975
552
493
834
627
871
810
677
953
365
801
634
430
866
111
224
388
250
866
728
828
754
677
726
586
557
444
9
562
475
193
339
764
788
289
751
310
803
726
437
816
282
489
894
962
627
488
228
249
416
26
186
49
877
721
74
515
211
256
192
564
933
275
972
904
875
439
910
93
710
476
303
169
97
61
206
858
562
474
391
132
264
615
169
111
36
540
652
48
768
157
848
33
246
472
838
925
983
23
631
488
174
571
228
967
422
546
452
836
773
40
748
979
562
387
532
892
620
98
941
867
431
151
486
81
114
192
386
596
711
66
686
872
630
767
382
324
360
303
594
56
953
714
898
914
481
733
370
893
939
345
111
209
879
289
590
500
606
286
59
862
309
673
480
292
204
684
569
624
431
410
258
601
396
413
632
133
699
777
898
406
202
727
876
997
1000
159
105
736
703
831
273
831
852
162
533
622
83
738
902
637
581
185
726
750
513
808
6
975
901
59
56
619
298
338
585
681
157
986
791
296
180
522
953
927
548
918
882
906
626
72
535
735
67
200
393
530
526
596
352
141
148
365
981
787
144
865
433
193
762
967
932
121
18
919
396
140
127
6
935
747
162
602
312
272
792
349
40
856
434
775
865
847
678
205
389
825
77
550
199
83
156
32
950
974
586
950
874
559
319
636
93
590
104
80
692
898
344
173
643
354
989
301
527
452
773
400
847
649
475
770
157
163
341
10
808
193
935
429
187
629
149
204
676
102
331
934
412
188
313
299
804
629
953
684
81
655
411
101
316
718
123
295
795
305
490
436
456
198
323
91
606
708
93
305
851
415
94
450
545
422
523
28
218
736
533
501
814
801
300
799
161
601
573
125
594
631
370
349
855
482
373
193
53
66
600
396
522
660
455
877
500
450
23
675
331
971
306
798
853
299
815
196
496
916
560
174
40
379
968
883
386
220
394
422
102
820
291
853
634
160
382
277
516
742
806
602
332
260
540
494
959
466
901
18
383
793
42
275
425
578
516
988
382
613
577
181
277
504
848
69
68
922
283
634
179
919
694
836
631
503
504
595
822
827
262
181
715
739
69
20
498
755
327
160
803
212
291
477
946
503
708
653
545
161
881
844
780
551
390
205
30
335
772
382
688
276
569
936
14
935
481
58
301
211
903
621
847
679
588
112
894
879
700
716
68
185
264
437
438
588
377
419
499
718
23
845
346
564
569
662
247
453
887
897
768
858
615
459
218
350
521
789
683
164
524
589
743
938
552
482
638
665
874
498
67
87
896
358
636
433
225
701
510
21
498
576
700
682
981
390
213
706
852
710
886
428
979
990
128
132
570
815
967
954
910
686
87
831
815
582
460
728
95
523
6
508
457
395
667
553
412
122
623
900
970
486
897
21
528
873
213
139
253
728
589
611
213
338
474
144
813
882
786
485
55
449
254
705
607
7
905
391
206
499
689
836
85
103
662
156
676
337
198
836
722
746
560
549
337
262
118
537
379
429
124
454
711
471
125
568
79
422
812
92
354
529
939
895
407
982
206
275
603
17
625
226
187
605
0
434
505
258
74
742
585
371
504
917
448
930
471
208
78
532
12
26
17
515
84
211
155
873
455
487
27
507
214
725
361
409
371
396
370
115
751
925
732
712
840
105
473
552
712
521
728
744
703
212
430
363
999
316
463
261
378
820
642
432
472
606
652
85
812
179
225
935
731
318
999
169
925
400
976
979
772
813
249
820
671
267
155
53
212
246
751
471
584
715
779
983
442
241
356
443
431
26
247
549
991
112
816
667
858
140
711
661
404
119
270
373
563
508
703
85
478
377
83
960
314
668
938
786
723
313
518
535
769
798
655
530
677
447
426
48
731
226
803
971
912
677
221
636
102
491
308
362
930
384
487
320
759
2
193
708
114
714
121
839
49
69
585
360
12
249
956
877
427
942
772
65
162
857
791
12
213
562
973
791
691
852
822
958
678
666
314
929
700
734
696
901
514
184
948
210
536
409
638
883
778
614
349
93
793
47
482
0
712
512
867
435
196
553
956
909
8
872
641
70
835
616
804
353
317
374
470
135
225
365
733
592
24
151
184
973
949
947
676
322
654
751
202
643
209
439
257
619
345
944
799
784
939
643
835
987
210
775
584
741
170
864
204
47
632
492
430
369
846
286
986
744
425
581
202
877
97
479
983
525
1000
38
922
169
707
608
695
270
492
646
968
572
262
410
180
556
387
753
546
445
163
37
253
894
587
161
171
345
835
837
134
552
188
359
141
630
953
804
520
459
955
885
785
246
467
900
474
339
322
862
474
389
607
107
672
6
740
537
320
800
398
235
469
571
852
671
580
602
607
264
359
582
539
265
738
122
992
478
366
118
122
391
381
21
809
502
332
571
888
151
374
0
560
42
899
752
247
622
58
66
506
939
864
222
344
582
650
830
367
626
842
829
943
271
352
151
890
856
768
317
322
622
157
480
965
293
640
238
533
969
422
939
105
632
183
832
923
87
282
638
303
589
312
191
747
352
743
810
560
870
685
971
187
268
0
100
392
899
801
850
221
641
491
185
289
558
142
381
731
272
187
430
188
967
305
92
412
809
86
415
364
545
92
586
701
136
221
540
899
460
568
985
912
266
644
398
572
170
658
390
971
567
138
900
985
200
613
939
207
841
471
766
163
848
220
76
385
943
896
730
904
645
505
694
840
673
815
806
258
300
315
414
219
205
36
974
122
183
425
813
983
244
909
155
180
774
624
745
495
620
350
545
333
415
84
783
683
562
408
130
216
254
735
234
485
752
543
689
74
11
532
644
614
887
372
586
675
239
483
855
262
429
667
905
526
423
167
964
958
461
76
493
347
774
226
971
404
743
431
646
305
633
708
381
959
610
498
822
884
398
3
17
709
74
989
34
459
86
159
824
143
254
824
121
946
550
948
570
779
527
724
301
603
312
881
359
108
688
74
721
852
821
698
576
212
189
920
612
924
829
898
682
985
433
622
117
289
79
247
83
202
265
687
725
194
635
88
363
301
90
14
842
846
371
786
358
425
767
113
256
927
37
414
921
911
420
92
418
189
175
596
281
465
280
512
552
510
243
278
333
53
174
245
571
626
422
512
599
496
237
747
873
116
121
151
511
183
513
380
448
951
993
919
588
515
818
640
405
448
253
367
101
81
181
304
771
378
886
748
556
683
874
803
960
355
482
865
59
816
880
508
443
264
342
442
589
584
624
141
36
250
712
98
904
979
65
642
822
530
95
870
852
704
898
299
698
329
63
380
409
883
304
440
895
130
660
175
750
545
494
328
966
392
281
504
499
219
126
406
673
664
887
130
804
516
766
327
169
562
578
719
277
745
327
873
390
98
829
456
817
299
157
299
183
584
85
385
259
674
681
13
77
520
696
220
518
538
571
224
504
798
873
887
814
365
703
651
86
100
9
954
817
492
866
813
21
419
853
239
99
424
913
766
922
514
331
436
540
844
84
252
253
78
459
674
960
437
440
23
314
546
805
509
152
7
871
790
924
307
278
641
859
151
631
6
982
768
967
725
651
885
578
252
886
495
554
162
42
979
841
772
708
195
505
817
368
41
929
226
26
974
192
45
241
370
93
727
722
613
672
118
653
673
634
267
666
471
751
193
851
571
747
344
398
21
974
356
45
557
850
276
29
393
526
153
637
136
393
103
827
976
131
766
517
948
178
793
644
168
905
368
16
149
871
100
777
6
495
245
122
744
589
534
901
854
667
70
337
635
790
262
624
205
229
940
656
21
578
977
583
541
603
701
780
73
958
41
585
106
363
796
14
258
811
299
157
907
967
837
577
851
347
655
835
466
390
863
227
814
655
9
65
54
567
201
614
370
698
493
775
254
396
55
148
567
773
224
200
925
230
388
884
431
322
289
817
11
966
303
786
602
204
859
102
249
12
470
508
845
71
289
361
294
765
295
613
131
822
419
38
88
320
139
559
197
556
918
282
328
306
748
960
622
909
579
668
254
556
316
199
726
378
471
235
832
288
729
630
543
881
90
199
174
911
786
182
421
446
251
101
897
360
779
978
897
41
342
350
668
681
136
761
383
260
33
380
472
377
725
377
975
947
884
786
862
431
771
991
124
413
1
361
703
485
575
975
108
377
731
537
678
911
607
773
325
130
321
88
330
883
390
297
236
761
134
486
317
850
804
602
746
952
839
31
623
494
689
71
924
788
63
177
225
378
226
370
227
502
178
702
82
924
842
711
993
216
17
725
661
128
691
558
480
556
25
636
581
777
766
236
222
967
710
780
944
598
914
991
917
689
727
93
184
157
931
162
437
109
543
634
775
129
99
675
158
358
616
324
169
586
339
931
363
194
623
232
141
99
268
153
241
177
639
981
126
641
7
167
447
193
489
945
852
95
949
493
486
917
350
531
785
178
314
571
41
614
712
222
113
412
730
271
409
378
289
161
814
49
218
165
491
296
828
859
706
715
355
981
78
612
329
866
5
565
4
987
69
158
111
57
157
665
872
139
259
726
710
827
342
702
782
81
496
184
569
120
193
921
704
830
582
46
507
481
100
970
8
49
74
420
181
239
619
617
198
7
823
410
47
306
310
973
806
967
645
131
979
188
528
313
771
811
962
948
850
421
42
721
889
629
343
250
105
177
860
139
507
124
426
598
690
39
761
813
624
445
934
191
713
944
541
367
786
184
217
665
502
739
535
78
190
436
596
396
192
614
560
180
647
815
177
858
61
5
918
434
662
909
146
270
659
465
267
219
481
909
325
482
133
739
598
947
807
71
742
155
434
902
446
323
543
70
444
141
200
415
505
457
5
171
357
743
494
321
210
310
231
788
8
182
41
148
955
329
644
386
562
602
428
834
134
845
495
878
37
475
233
203
731
88
683
796
626
217
306
47
960
75
975
591
262
825
671
610
738
666
874
744
508
889
929
788
912
145
289
251
22
45
632
506
897
71
968
111
610
556
861
80
785
729
508
164
283
506
93
749
110
511
196
995
553
889
480
83
550
308
760
312
751
118
635
118
1000
9
851
163
401
235
443
963
458
824
647
143
966
628
784
45
508
486
39
149
917
947
762
118
164
121
231
794
826
663
59
972
990
567
342
412
347
2
443
984
987
105
294
96
277
406
918
990
507
934
273
746
21
244
558
279
619
386
740
422
253
674
318
556
13
927
20
528
802
556
177
93
390
272
930
517
104
339
266
767
763
440
717
81
607
334
479
399
130
942
394
729
76
995
674
693
549
239
322
148
821
896
885
955
53
169
996
1000
318
959
299
900
419
414
380
643
281
480
586
569
415
370
794
294
32
688
772
299
323
214
365
59
797
351
914
684
147
300
992
664
392
484
534
784
410
322
213
364
288
203
863
581
694
361
454
933
661
969
112
306
157
635
408
13
341
112
844
714
474
181
489
507
808
257
38
598
340
70
627
958
332
969
879
906
525
996
621
928
22
793
613
302
325
442
308
368
566
633
858
175
449
857
956
57
814
63
760
139
104
390
658
705
1
409
301
813
446
755
629
877
467
2
333
774
380
944
476
853
671
884
294
572
677
343
157
473
890
330
768
57
244
438
44
80
737
438
168
123
625
465
864
129
75
646
80
183
705
289
192
286
187
620
307
617
264
505
965
496
943
872
485
121
57
991
409
587
891
348
125
242
89
311
752
189
289
118
111
499
345
703
539
60
339
483
110
325
943
80
141
393
377
145
184
2
236
671
139
787
711
88
32
331
360
650
956
854
438
279
306
306
329
783
673
533
678
270
113
348
337
518
958
72
344
72
878
400
830
305
716
742
678
47
856
18
960
834
22
971
113
383
751
51
162
193
159
813
32
410
305
480
267
148
548
832
567
395
869
325
705
886
574
22
691
614
884
863
567
736
454
401
495
235
141
956
651
492
380
289
196
676
103
462
166
806
59
768
480
437
515
308
719
360
891
419
234
31
602
126
910
731
345
292
181
254
824
381
372
240
194
409
835
76
180
655
886
914
798
494
10
713
605
725
941
477
735
205
930
519
464
184
140
522
797
101
80
122
928
737
151
200
199
228
444
20
542
520
136
722
415
580
329
718
923
290
211
365
510
794
122
353
656
393
453
768
667
913
206
501
611
781
108
847
269
568
287
683
133
20
770
822
923
564
671
252
407
521
895
572
283
933
440
542
722
981
985
441
665
645
769
12
425
573
340
862
911
384
317
723
356
45
651
752
57
518
651
53
949
772
388
169
779
513
140
528
679
392
664
978
87
372
560
77
513
663
240
219
433
653
813
799
756
305
783
20
97
481
671
216
997
758
477
242
791
193
304
267
678
410
807
360
211
995
979
330
745
45
708
399
624
323
259
218
321
881
1
823
599
813
154
225
133
59
524
918
276
85
574
715
204
989
634
143
461
531
434
414
677
239
26
594
0
534
844
275
361
195
617
113
9
884
816
265
70
576
190
70
639
318
294
770
316
772
437
874
929
635
77
205
235
494
563
93
936
661
928
740
362
35
784
364
260
612
153
39
393
14
882
841
327
889
184
883
383
159
140
378
25
344
828
245
396
849
705
342
966
163
10
4
35
978
121
7
161
602
754
317
559
743
924
951
895
970
275
769
599
795
218
284
464
894
629
616
604
897
219
640
567
811
371
440
946
694
952
103
115
193
594
732
755
425
140
957
544
247
50
262
618
638
440
122
57
976
712
627
50
910
470
518
85
294
836
774
213
247
640
660
995
439
373
795
488
906
976
347
136
636
244
446
87
969
752
921
900
146
966
89
208
95
717
631
944
423
578
425
908
