1000
998
998
997
997
994
993
991
991
990
990
989
989
989
987
985
984
984
984
982
982
981
981
978
975
973
973
972
972
971
971
971
969
968
966
965
956
955
954
953
952
949
949
946
945
942
941
941
933
932
931
930
929
929
923
921
920
917
917
917
917
915
915
913
913
913
912
912
912
911
911
911
910
910
910
910
909
909
908
908
907
907
907
906
906
905
903
901
899
894
891
888
887
883
883
881
879
879
878
876
875
875
874
873
870
869
869
868
866
865
865
864
864
862
862
861
860
859
856
856
856
855
855
854
854
849
849
849
848
848
847
847
847
846
845
843
841
839
839
839
837
836
834
830
827
827
824
824
822
821
820
820
819
816
816
812
811
811
810
810
809
809
808
807
807
807
807
807
804
804
802
801
801
799
798
798
796
795
795
795
792
791
790
790
788
788
787
786
786
784
783
782
781
781
780
780
779
777
773
771
771
771
769
769
768
767
767
766
764
763
762
760
758
758
756
756
754
753
753
752
752
751
750
748
748
747
747
746
746
744
744
744
743
743
742
740
739
738
738
738
737
736
736
735
732
732
732
732
732
729
729
728
726
726
724
720
718
716
716
715
715
714
714
714
713
713
713
713
712
711
709
707
707
706
706
706
704
703
703
702
702
702
701
696
695
694
692
692
689
689
689
687
686
685
684
680
677
677
677
675
674
673
672
671
668
668
667
666
665
665
664
663
654
653
653
651
649
649
649
648
647
647
646
646
645
644
644
643
642
640
638
638
637
636
636
635
634
633
632
630
629
628
627
627
627
627
625
624
622
622
622
621
619
618
618
616
614
614
614
614
612
612
612
611
610
608
606
606
604
603
603
601
600
600
599
599
599
596
595
593
593
592
589
589
588
588
588
587
585
584
584
582
580
578
578
577
577
576
575
574
574
573
573
573
573
572
572
568
568
567
567
566
561
560
560
559
558
558
557
556
555
554
554
553
552
552
550
550
550
549
548
548
545
545
544
543
542
541
541
541
539
537
536
536
534
534
533
531
531
530
527
526
525
525
523
521
520
520
520
519
518
517
517
517
515
514
514
513
513
513
512
512
510
508
507
506
502
499
499
498
498
497
496
496
492
492
492
492
489
484
484
484
483
483
482
482
482
482
479
479
478
477
476
475
473
473
473
473
472
472
471
471
471
470
470
469
468
468
467
466
464
462
461
461
461
459
457
456
456
455
452
451
450
450
450
450
450
449
448
447
447
443
443
443
442
442
442
440
439
439
438
437
436
435
433
432
432
432
431
428
427
427
426
425
425
425
424
423
422
422
421
421
419
417
417
414
414
413
412
412
408
408
407
406
406
406
405
405
404
403
401
400
398
397
397
395
395
395
393
393
393
392
392
386
385
385
385
384
384
383
382
381
381
379
377
376
375
375
372
371
370
370
370
369
369
369
367
367
366
366
365
365
364
363
363
363
362
362
362
361
358
358
357
355
353
353
353
352
352
352
351
351
349
348
348
347
346
346
341
341
338
338
337
336
334
334
333
332
332
332
328
328
328
328
325
325
324
323
322
322
321
319
319
318
316
316
316
314
314
313
313
311
310
310
308
307
306
304
302
302
302
300
300
299
299
298
298
296
295
294
293
293
292
292
292
291
291
289
287
287
286
286
285
285
284
284
283
283
279
278
277
275
275
271
271
269
268
268
267
263
263
260
258
257
256
256
255
254
253
252
251
248
247
245
244
242
242
241
238
237
234
233
231
231
230
229
229
228
227
225
224
224
221
220
217
215
212
212
212
212
209
209
206
205
205
202
202
202
201
200
200
200
199
198
197
197
196
194
193
193
192
192
190
189
187
185
183
183
183
183
182
181
180
180
180
179
179
178
178
178
177
176
172
172
172
172
170
169
169
167
167
165
163
162
161
161
161
161
160
160
155
155
155
154
154
153
153
153
150
148
148
148
148
147
147
145
144
144
142
141
138
138
137
137
136
136
136
135
134
132
132
132
131
131
129
129
126
125
123
121
121
120
120
119
117
117
116
114
114
114
114
113
113
109
108
107
107
106
105
102
101
101
101
101
100
100
99
99
99
97
97
96
95
94
92
92
89
88
87
87
86
85
84
83
82
81
76
74
74
73
71
71
69
68
68
68
67
67
67
65
64
63
63
61
60
59
58
53
52
52
52
51
51
49
48
48
47
44
44
44
43
42
42
41
40
38
37
35
33
32
32
31
30
29
27
26
25
25
23
23
22
21
21
20
19
16
14
11
11
11
9
7
7
6
6
4
2
1
1
1
