1000
1000
999
999
999
998
998
998
997
997
996
995
995
995
994
994
993
993
992
992
992
992
992
991
991
991
990
989
988
988
987
986
985
984
984
984
984
984
983
983
982
981
981
980
980
979
979
979
979
976
976
976
976
975
974
974
974
973
973
973
973
973
973
972
972
972
972
971
971
971
971
970
968
968
967
967
967
967
966
966
965
964
964
964
963
963
963
963
963
962
959
957
956
956
956
955
955
955
953
952
951
951
950
950
950
950
949
949
949
948
947
947
947
947
947
944
943
942
942
941
940
940
940
940
939
938
938
938
937
935
935
934
934
932
932
932
931
931
931
930
930
929
929
929
929
927
927
927
927
926
926
926
926
925
925
925
924
924
924
923
922
922
922
922
921
921
920
920
919
919
919
919
919
919
918
917
917
916
915
915
915
915
915
915
914
914
913
913
912
911
910
910
910
909
909
908
908
908
908
907
905
905
904
904
903
903
903
902
902
902
901
901
900
900
899
899
898
898
897
897
896
895
894
893
893
893
892
892
891
891
891
891
890
890
890
889
889
889
889
889
888
888
887
885
883
882
882
882
881
880
880
879
878
878
878
878
878
876
875
874
874
873
873
872
872
872
871
871
871
870
869
869
868
868
868
867
866
866
866
865
865
864
864
864
864
863
862
862
862
861
860
860
860
858
858
858
857
857
857
856
854
854
854
854
853
853
853
852
852
852
851
850
849
849
848
847
847
846
846
844
844
843
843
842
842
840
840
840
840
839
839
839
838
838
837
837
836
836
833
833
831
830
830
830
829
829
829
827
827
827
827
825
824
823
821
820
820
819
818
818
818
816
816
815
814
812
811
811
811
811
810
810
810
810
810
809
809
809
808
808
808
807
807
806
806
806
805
804
804
803
802
801
799
799
798
797
797
796
796
796
795
795
795
794
792
792
792
791
791
791
791
790
790
790
790
789
788
788
787
785
785
784
784
784
782
782
781
780
779
779
778
777
777
776
775
775
775
774
774
772
771
770
769
769
768
766
765
765
765
765
764
764
764
763
763
762
762
762
762
761
761
761
760
760
758
758
758
757
756
755
753
753
753
752
751
751
751
750
750
750
749
749
749
748
748
747
747
747
747
747
747
746
746
745
745
744
744
744
744
744
743
743
742
741
740
739
739
738
737
737
736
735
734
734
734
733
733
733
733
733
732
732
731
731
731
730
727
727
727
727
727
725
725
725
724
724
724
724
722
722
722
721
720
720
719
719
719
718
718
717
715
715
715
715
715
714
714
714
714
713
713
712
712
712
711
711
711
711
711
711
708
708
708
708
708
708
708
707
707
707
706
706
706
706
705
704
703
703
703
702
702
702
701
701
701
701
700
699
699
695
695
694
693
693
692
691
691
690
689
688
687
687
686
685
685
684
684
684
683
683
683
682
682
682
681
681
680
678
678
678
677
676
676
676
676
674
672
669
666
666
666
666
666
665
665
665
665
665
664
664
663
662
662
661
661
660
659
659
658
658
657
657
656
655
655
655
654
654
653
653
653
652
651
651
651
651
651
650
650
650
650
650
650
649
649
648
648
647
646
646
646
644
644
643
643
643
643
642
642
641
641
640
639
637
637
636
636
636
635
635
635
634
634
634
634
633
633
633
632
629
629
629
629
629
628
628
628
628
627
626
625
625
625
624
624
623
623
622
622
622
622
619
619
618
618
617
617
617
615
615
615
614
613
613
612
612
611
610
609
607
606
606
605
605
604
604
603
603
602
602
602
601
600
600
599
599
598
597
597
595
594
594
594
593
592
592
592
590
590
589
588
587
587
586
585
585
584
583
583
583
583
581
581
579
578
576
576
576
576
575
575
575
575
575
575
575
574
573
572
571
570
570
569
569
568
568
568
567
567
567
565
565
564
564
564
564
563
563
562
562
562
561
561
561
561
561
560
559
559
559
559
559
558
557
557
557
557
556
554
553
552
552
552
552
550
550
549
549
549
548
548
548
547
546
546
545
545
545
544
543
542
542
542
541
540
540
539
538
538
538
537
537
536
536
536
536
536
535
535
534
534
534
534
534
533
532
532
532
531
531
531
530
530
530
530
529
529
529
529
528
528
527
526
526
526
526
526
524
524
523
522
522
522
521
521
520
520
520
520
519
519
518
517
516
516
516
515
515
514
514
514
514
513
513
513
511
508
508
507
507
507
506
506
506
505
505
504
504
503
502
500
498
498
498
497
497
497
496
495
494
494
494
493
493
493
493
493
493
493
492
491
490
490
490
490
488
488
488
488
488
488
486
486
486
486
486
486
485
484
483
483
483
483
482
481
481
481
480
480
480
479
479
479
478
478
477
476
476
476
476
475
475
475
474
474
473
473
473
472
472
472
472
471
471
471
470
470
470
469
469
468
467
467
465
463
461
460
458
457
456
456
456
455
455
455
454
454
453
452
452
450
450
450
449
449
448
447
446
445
445
444
444
442
441
440
440
440
440
440
439
439
439
438
438
438
437
436
436
435
435
434
434
433
433
433
432
431
431
430
429
428
428
427
427
426
426
425
424
424
424
423
423
422
421
420
420
420
419
419
419
418
418
418
417
417
417
417
417
416
415
415
415
414
414
412
411
410
410
408
407
406
406
406
406
406
405
404
404
404
404
403
402
402
402
401
401
401
400
399
399
398
398
398
397
397
396
395
395
395
394
394
393
393
393
393
391
391
391
391
391
390
390
390
390
389
388
387
386
385
385
383
383
381
381
379
379
379
379
378
378
378
378
377
375
375
374
372
372
372
371
371
370
370
369
369
369
368
368
368
367
367
365
365
365
364
363
363
362
362
361
360
359
358
358
358
357
356
356
356
355
355
355
355
354
354
354
354
354
354
353
353
353
352
352
352
351
350
349
348
347
347
347
347
347
346
346
345
345
344
344
343
343
343
342
341
340
340
339
338
337
336
336
336
335
335
334
334
334
333
333
331
331
331
330
330
330
329
329
328
328
327
326
326
326
326
325
325
324
324
323
323
322
322
322
322
322
321
321
321
321
320
320
320
320
319
319
319
319
319
318
318
317
317
317
317
315
313
313
312
312
312
312
312
312
311
310
310
310
309
309
308
308
308
307
307
307
306
306
305
305
304
304
303
303
303
303
303
303
301
301
301
300
300
299
299
298
298
298
297
297
297
296
296
296
296
295
294
293
293
292
291
289
289
286
286
284
283
283
282
282
281
280
280
280
279
278
278
278
278
278
277
277
277
276
276
275
275
275
275
275
273
272
272
272
271
271
270
270
270
270
269
268
267
267
267
267
266
266
265
265
264
264
264
263
263
263
262
262
262
259
259
258
258
257
256
256
255
255
254
254
253
253
251
251
251
251
251
250
248
248
248
247
247
246
246
245
245
244
244
244
244
244
244
243
243
243
240
240
239
239
239
238
238
238
238
238
237
236
236
236
236
236
235
235
235
234
234
234
233
233
233
233
232
230
229
229
229
229
229
228
228
228
228
228
228
227
226
226
226
224
223
223
223
223
223
222
222
221
221
221
221
220
220
220
220
220
220
219
219
219
218
218
218
218
217
217
217
217
217
216
215
213
211
210
210
210
210
210
209
209
208
208
208
207
206
205
205
205
204
204
204
203
203
202
201
201
200
199
198
198
197
197
195
195
195
194
194
194
193
193
193
193
192
192
191
189
189
189
188
187
187
187
186
186
185
185
184
184
184
183
183
183
182
182
182
181
181
180
179
179
178
178
178
178
177
177
177
176
176
175
175
175
174
173
172
172
171
170
170
170
169
169
168
167
167
166
166
166
166
165
165
165
164
164
162
162
161
160
160
159
158
157
156
156
156
156
155
155
155
155
154
154
154
154
153
152
152
152
152
152
151
150
150
149
149
149
148
147
146
146
146
146
145
145
144
144
144
144
142
142
142
142
141
141
141
140
139
139
138
138
138
138
138
137
137
136
134
134
134
134
134
134
133
133
133
133
133
132
131
130
128
127
127
127
126
126
125
125
124
124
124
123
123
123
122
122
122
122
120
119
119
117
117
116
116
115
115
114
114
114
112
112
112
111
110
110
110
108
107
105
104
104
104
102
102
102
102
102
101
101
101
100
100
99
99
98
98
97
97
97
96
95
95
95
95
94
94
94
93
93
93
93
92
92
92
92
92
92
90
90
89
88
87
87
86
85
84
84
84
83
83
83
82
82
81
81
80
80
79
79
78
78
77
77
77
76
76
76
76
76
75
75
75
74
74
73
72
71
70
70
69
68
67
67
67
67
66
66
66
66
65
64
64
64
64
63
63
62
60
59
59
58
58
58
57
56
56
55
55
54
54
54
54
53
52
52
52
51
50
50
49
49
48
47
47
46
46
45
45
44
44
44
43
43
43
42
41
41
40
40
40
39
38
38
37
37
36
36
35
35
34
34
34
33
33
32
31
31
31
31
30
29
29
29
28
28
26
25
23
23
23
23
23
18
18
17
16
16
16
16
16
15
15
13
13
12
12
11
11
10
9
8
8
8
6
6
6
6
5
5
3
3
3
2
2
1
1
1
1
0
