1
1
1
2
4
6
6
7
7
9
11
11
11
14
16
19
20
21
21
22
23
23
25
25
26
27
29
30
31
32
32
33
35
37
38
40
41
42
42
43
44
44
44
47
48
48
49
51
51
52
52
52
53
58
59
60
61
63
63
64
65
67
67
67
68
68
68
69
71
71
73
74
74
76
81
82
83
84
85
86
87
87
88
89
92
92
94
95
96
97
97
99
99
99
100
100
101
101
101
101
102
105
106
107
107
108
109
113
113
114
114
114
114
116
117
117
119
120
120
121
121
123
125
126
129
129
131
131
132
132
132
134
135
136
136
136
137
137
138
138
141
142
144
144
145
147
147
148
148
148
148
150
153
153
153
154
154
155
155
155
160
160
161
161
161
161
162
163
165
167
167
169
169
170
172
172
172
172
176
177
178
178
178
179
179
180
180
180
181
182
183
183
183
183
185
187
189
190
192
192
193
193
194
196
197
197
198
199
200
200
200
201
202
202
202
205
205
206
209
209
212
212
212
212
215
217
220
221
224
224
225
227
228
229
229
230
231
231
233
234
237
238
241
242
242
244
245
247
248
251
252
253
254
255
256
256
257
258
260
263
263
267
268
268
269
271
271
275
275
277
278
279
283
283
284
284
285
285
286
286
287
287
289
291
291
292
292
292
293
293
294
295
296
298
298
299
299
300
300
302
302
302
304
306
307
308
310
310
311
313
313
314
314
316
316
316
318
319
319
321
322
322
323
324
325
325
328
328
328
328
332
332
332
333
334
334
336
337
338
338
341
341
346
346
347
348
348
349
351
351
352
352
352
353
353
353
355
357
358
358
361
362
362
362
363
363
363
364
365
365
366
366
367
367
369
369
369
370
370
370
371
372
375
375
376
377
379
381
381
382
383
384
384
385
385
385
386
392
392
393
393
393
395
395
395
397
397
398
400
401
403
404
405
405
406
406
406
407
408
408
412
412
413
414
414
417
417
419
421
421
422
422
423
424
425
425
425
426
427
427
428
431
432
432
432
433
435
436
437
438
439
439
440
442
442
442
443
443
443
447
447
448
449
450
450
450
450
450
451
452
455
456
456
457
459
461
461
461
462
464
466
467
468
468
469
470
470
471
471
471
472
472
473
473
473
473
475
476
477
478
479
479
482
482
482
482
483
483
484
484
484
489
492
492
492
492
496
496
497
498
498
499
499
502
506
507
508
510
512
512
513
513
513
514
514
515
517
517
517
518
519
520
520
520
521
523
525
525
526
527
530
531
531
533
534
534
536
536
537
539
541
541
541
542
543
544
545
545
548
548
549
550
550
550
552
552
553
554
554
555
556
557
558
558
559
560
560
561
566
567
567
568
568
572
572
573
573
573
573
574
574
575
576
577
577
578
578
580
582
584
584
585
587
588
588
588
589
589
592
593
593
595
596
599
599
599
600
600
601
603
603
604
606
606
608
610
611
612
612
612
614
614
614
614
616
618
618
619
621
622
622
622
624
625
627
627
627
627
628
629
630
632
633
634
635
636
636
637
638
638
640
642
643
644
644
645
646
646
647
647
648
649
649
649
651
653
653
654
663
664
665
665
666
667
668
668
671
672
673
674
675
677
677
677
680
684
685
686
687
689
689
689
692
692
694
695
696
701
702
702
702
703
703
704
706
706
706
707
707
709
711
712
713
713
713
713
714
714
714
715
715
716
716
718
720
724
726
726
728
729
729
732
732
732
732
732
735
736
736
737
738
738
738
739
740
742
743
743
744
744
744
746
746
747
747
748
748
750
751
752
752
753
753
754
756
756
758
758
760
762
763
764
766
767
767
768
769
769
771
771
771
773
777
779
780
780
781
781
782
783
784
786
786
787
788
788
790
790
791
792
795
795
795
796
798
798
799
801
801
802
804
804
807
807
807
807
807
808
809
809
810
810
811
811
812
816
816
819
820
820
821
822
824
824
827
827
830
834
836
837
839
839
839
841
843
845
846
847
847
847
848
848
849
849
849
854
854
855
855
856
856
856
859
860
861
862
862
864
864
865
865
866
868
869
869
870
873
874
875
875
876
878
879
879
881
883
883
887
888
891
894
899
901
903
905
906
906
907
907
907
908
908
909
909
910
910
910
910
911
911
911
912
912
912
913
913
913
915
915
917
917
917
917
920
921
923
929
929
930
931
932
933
941
941
942
945
946
949
949
952
953
954
955
956
965
966
968
969
971
971
971
972
972
973
973
975
978
981
981
982
982
984
984
984
985
987
989
989
989
990
990
991
991
993
994
997
997
998
998
1000
