0
1
1
1
1
2
2
3
3
3
5
5
6
6
6
6
8
8
8
9
10
11
11
12
12
13
13
15
15
16
16
16
16
16
17
18
18
23
23
23
23
23
25
26
28
28
29
29
29
30
31
31
31
31
32
33
33
34
34
34
35
35
36
36
37
37
38
38
39
40
40
40
41
41
42
43
43
43
44
44
44
45
45
46
46
47
47
48
49
49
50
50
51
52
52
52
53
54
54
54
54
55
55
56
56
57
58
58
58
59
59
60
62
63
63
64
64
64
64
65
66
66
66
66
67
67
67
67
68
69
70
70
71
72
73
74
74
75
75
75
76
76
76
76
76
77
77
77
78
78
79
79
80
80
81
81
82
82
83
83
83
84
84
84
85
86
87
87
88
89
90
90
92
92
92
92
92
92
93
93
93
93
94
94
94
95
95
95
95
96
97
97
97
98
98
99
99
100
100
101
101
101
102
102
102
102
102
104
104
104
105
107
108
110
110
110
111
112
112
112
114
114
114
115
115
116
116
117
117
119
119
120
122
122
122
122
123
123
123
124
124
124
125
125
126
126
127
127
127
128
130
131
132
133
133
133
133
133
134
134
134
134
134
134
136
137
137
138
138
138
138
138
139
139
140
141
141
141
142
142
142
142
144
144
144
144
145
145
146
146
146
146
147
148
149
149
149
150
150
151
152
152
152
152
152
153
154
154
154
154
155
155
155
155
156
156
156
156
157
158
159
160
160
161
162
162
164
164
165
165
165
166
166
166
166
167
167
168
169
169
170
170
170
171
172
172
173
174
175
175
175
176
176
177
177
177
178
178
178
178
179
179
180
181
181
182
182
182
183
183
183
184
184
184
185
185
186
186
187
187
187
188
189
189
189
191
192
192
193
193
193
193
194
194
194
195
195
195
197
197
198
198
199
200
201
201
202
203
203
204
204
204
205
205
205
206
207
208
208
208
209
209
210
210
210
210
210
211
213
215
216
217
217
217
217
217
218
218
218
218
219
219
219
220
220
220
220
220
220
221
221
221
221
222
222
223
223
223
223
223
224
226
226
226
227
228
228
228
228
228
228
229
229
229
229
229
230
232
233
233
233
233
234
234
234
235
235
235
236
236
236
236
236
237
238
238
238
238
238
239
239
239
240
240
243
243
243
244
244
244
244
244
244
245
245
246
246
247
247
248
248
248
250
251
251
251
251
251
253
253
254
254
255
255
256
256
257
258
258
259
259
262
262
262
263
263
263
264
264
264
265
265
266
266
267
267
267
267
268
269
270
270
270
270
271
271
272
272
272
273
275
275
275
275
275
276
276
277
277
277
278
278
278
278
278
279
280
280
280
281
282
282
283
283
284
286
286
289
289
291
292
293
293
294
295
296
296
296
296
297
297
297
298
298
298
299
299
300
300
301
301
301
303
303
303
303
303
303
304
304
305
305
306
306
307
307
307
308
308
308
309
309
310
310
310
311
312
312
312
312
312
312
313
313
315
317
317
317
317
318
318
319
319
319
319
319
320
320
320
320
321
321
321
321
322
322
322
322
322
323
323
324
324
325
325
326
326
326
326
327
328
328
329
329
330
330
330
331
331
331
333
333
334
334
334
335
335
336
336
336
337
338
339
340
340
341
342
343
343
343
344
344
345
345
346
346
347
347
347
347
347
348
349
350
351
352
352
352
353
353
353
354
354
354
354
354
354
355
355
355
355
356
356
356
357
358
358
358
359
360
361
362
362
363
363
364
365
365
365
367
367
368
368
368
369
369
369
370
370
371
371
372
372
372
374
375
375
377
378
378
378
378
379
379
379
379
381
381
383
383
385
385
386
387
388
389
390
390
390
390
391
391
391
391
391
393
393
393
393
394
394
395
395
395
396
397
397
398
398
398
399
399
400
401
401
401
402
402
402
403
404
404
404
404
405
406
406
406
406
406
407
408
410
410
411
412
414
414
415
415
415
416
417
417
417
417
417
418
418
418
419
419
419
420
420
420
421
422
423
423
424
424
424
425
426
426
427
427
428
428
429
430
431
431
432
433
433
433
434
434
435
435
436
436
437
438
438
438
439
439
439
440
440
440
440
440
441
442
444
444
445
445
446
447
448
449
449
450
450
450
452
452
453
454
454
455
455
455
456
456
456
457
458
460
461
463
465
467
467
468
469
469
470
470
470
471
471
471
472
472
472
472
473
473
473
474
474
475
475
475
476
476
476
476
477
478
478
479
479
479
480
480
480
481
481
481
482
483
483
483
483
484
485
486
486
486
486
486
486
488
488
488
488
488
488
490
490
490
490
491
492
493
493
493
493
493
493
493
494
494
494
495
496
497
497
497
498
498
498
500
502
503
504
504
505
505
506
506
506
507
507
507
508
508
511
513
513
513
514
514
514
514
515
515
516
516
516
517
518
519
519
520
520
520
520
521
521
522
522
522
523
524
524
526
526
526
526
526
527
528
528
529
529
529
529
530
530
530
530
531
531
531
532
532
532
533
534
534
534
534
534
535
535
536
536
536
536
536
537
537
538
538
538
539
540
540
541
542
542
542
543
544
545
545
545
546
546
547
548
548
548
549
549
549
550
550
552
552
552
552
553
554
556
557
557
557
557
558
559
559
559
559
559
560
561
561
561
561
561
562
562
562
563
563
564
564
564
564
565
565
567
567
567
568
568
568
569
569
570
570
571
572
573
574
575
575
575
575
575
575
575
576
576
576
576
578
579
581
581
583
583
583
583
584
585
585
586
587
587
588
589
590
590
592
592
592
593
594
594
594
595
597
597
598
599
599
600
600
601
602
602
602
603
603
604
604
605
605
606
606
607
609
610
611
612
612
613
613
614
615
615
615
617
617
617
618
618
619
619
622
622
622
622
623
623
624
624
625
625
625
626
627
628
628
628
628
629
629
629
629
629
632
633
633
633
634
634
634
634
635
635
635
636
636
636
637
637
639
640
641
641
642
642
643
643
643
643
644
644
646
646
646
647
648
648
649
649
650
650
650
650
650
650
651
651
651
651
651
652
653
653
653
654
654
655
655
655
656
657
657
658
658
659
659
660
661
661
662
662
663
664
664
665
665
665
665
665
666
666
666
666
666
669
672
674
676
676
676
676
677
678
678
678
680
681
681
682
682
682
683
683
683
684
684
684
685
685
686
687
687
688
689
690
691
691
692
693
693
694
695
695
699
699
700
701
701
701
701
702
702
702
703
703
703
704
705
706
706
706
706
707
707
707
708
708
708
708
708
708
708
711
711
711
711
711
711
712
712
712
713
713
714
714
714
714
715
715
715
715
715
717
718
718
719
719
719
720
720
721
722
722
722
724
724
724
724
725
725
725
727
727
727
727
727
730
731
731
731
732
732
733
733
733
733
733
734
734
734
735
736
737
737
738
739
739
740
741
742
743
743
744
744
744
744
744
745
745
746
746
747
747
747
747
747
747
748
748
749
749
749
750
750
750
751
751
751
752
753
753
753
755
756
757
758
758
758
760
760
761
761
761
762
762
762
762
763
763
764
764
764
765
765
765
765
766
768
769
769
770
771
772
774
774
775
775
775
776
777
777
778
779
779
780
781
782
782
784
784
784
785
785
787
788
788
789
790
790
790
790
791
791
791
791
792
792
792
794
795
795
795
796
796
796
797
797
798
799
799
801
802
803
804
804
805
806
806
806
807
807
808
808
808
809
809
809
810
810
810
810
810
811
811
811
811
812
814
815
816
816
818
818
818
819
820
820
821
823
824
825
827
827
827
827
829
829
829
830
830
830
831
833
833
836
836
837
837
838
838
839
839
839
840
840
840
840
842
842
843
843
844
844
846
846
847
847
848
849
849
850
851
852
852
852
853
853
853
854
854
854
854
856
857
857
857
858
858
858
860
860
860
861
862
862
862
863
864
864
864
864
865
865
866
866
866
867
868
868
868
869
869
870
871
871
871
872
872
872
873
873
874
874
875
876
878
878
878
878
878
879
880
880
881
882
882
882
883
885
887
888
888
889
889
889
889
889
890
890
890
891
891
891
891
892
892
893
893
893
894
895
896
897
897
898
898
899
899
900
900
901
901
902
902
902
903
903
903
904
904
905
905
907
908
908
908
908
909
909
910
910
910
911
912
913
913
914
914
915
915
915
915
915
915
916
917
917
918
919
919
919
919
919
919
920
920
921
921
922
922
922
922
923
924
924
924
925
925
925
926
926
926
926
927
927
927
927
929
929
929
929
930
930
931
931
931
932
932
932
934
934
935
935
937
938
938
938
939
940
940
940
940
941
942
942
943
944
947
947
947
947
947
948
949
949
949
950
950
950
950
951
951
952
953
955
955
955
956
956
956
957
959
962
963
963
963
963
963
964
964
964
965
966
966
967
967
967
967
968
968
970
971
971
971
971
972
972
972
972
973
973
973
973
973
973
974
974
974
975
976
976
976
976
979
979
979
979
980
980
981
981
982
983
983
984
984
984
984
984
985
986
987
988
988
989
990
991
991
991
992
992
992
992
992
993
993
994
994
995
995
995
996
997
997
998
998
998
999
999
999
1000
1000
